area,positionname,longitude,latitude,timepoint,pm2_5,pm10,co,no2,so2,o3,o3_8h,aqi,primarypollutant
阿坝藏族羌族自治州,州农科所,102.1879,31.914,2024-12-26T0700,9,17,0.7,6,6,53,,17,
阿坝藏族羌族自治州,马师校,102.2502,31.8896,2024-12-26T0700,8,,0.5,19,4,25,,12,
阿坝藏族羌族自治州,马尔康中学西区,102.2165,31.9024,2024-12-26T0700,19,22,0.5,8,6,44,,28,
阿克苏地区,电视台,80.292,41.1694,2024-12-26T0700,42,66,1.1,25,2,52,,59,细颗粒物(PM2.5)
阿克苏地区,艺术中心,80.2613,41.1551,2024-12-26T0700,53,,1.1,22,3,52,,73,细颗粒物(PM2.5)
阿拉善盟,西城区西花园,105.6467,38.8363,2024-12-26T0700,22,40,0.7,15,10,62,,40,
阿拉善盟,蒙二幼,105.6985,38.8411,2024-12-26T0700,16,24,0.6,15,7,68,,24,
阿拉善盟,环保局新楼,105.724,38.8516,2024-12-26T0700,11,23,0.5,11,9,69,,23,
阿勒泰地区,市站,88.1264,47.8517,2024-12-26T0700,10,,0.4,4,7,61,,20,
阿里地区,阿里监测站,80.1161,32.5,2024-12-26T0700,3,7,0.5,2,1,69,,22,
阿里地区,阿里藏医院,80.0903,32.5028,2024-12-26T0700,14,16,0.9,12,14,52,,20,
安康市,香溪洞,109.0318,32.6537,2024-12-26T0700,77,,0.9,38,9,2,,103,细颗粒物(PM2.5)
安康市,汉滨区检察院,109.0072,32.6975,2024-12-26T0700,74,94,0.8,31,5,6,,99,细颗粒物(PM2.5)
安康市,市邮政管理局,109.0325,32.6913,2024-12-26T0700,72,96,0.8,32,6,5,,97,细颗粒物(PM2.5)
安庆市,环科院,117.0809,30.5177,2024-12-26T0700,76,95,0.6,53,7,34,,102,细颗粒物(PM2.5)
安庆市,马山宾馆,117.0331,30.5119,2024-12-26T0700,71,95,0.4,41,9,55,,95,细颗粒物(PM2.5)
安庆市,安庆大学,116.9896,30.6145,2024-12-26T0700,73,95,0.5,23,14,102,,98,细颗粒物(PM2.5)
安庆市,市人大,117.0598,30.5351,2024-12-26T0700,78,99,0.5,41,7,47,,104,细颗粒物(PM2.5)
安顺市,伍家关,105.9606,26.2611,2024-12-26T0700,,,,,,,42,,
安顺市,凤凰山,105.9408,26.2431,2024-12-26T0700,3,11,0.8,16,10,28,,11,
安顺市,金钟山,105.9439,26.2564,2024-12-26T0700,3,,0.8,11,11,31,,10,
安顺市,娄家坡,105.8983,26.2481,2024-12-26T0700,6,8,0.8,12,17,29,,10,
安阳市,棉研所,114.4839,36.0621,2024-12-26T0700,120,169,1.4,67,13,4,,158,细颗粒物(PM2.5)
安阳市,红庙街,114.3551,36.1017,2024-12-26T0700,95,157,1.2,63,8,7,,125,细颗粒物(PM2.5)
安阳市,银杏小区,114.361,36.0681,2024-12-26T0700,102,159,1.2,64,7,7,,134,细颗粒物(PM2.5)
安阳市,信访局,114.3922,36.0878,2024-12-26T0700,91,176,1.0,67,6,8,,120,细颗粒物(PM2.5)
安阳市,左辅环卫站,114.4705,36.0637,2024-12-26T0700,115,172,1.3,62,10,9,,150,细颗粒物(PM2.5)
安阳市,安钢职工学校,114.2917,36.0949,2024-12-26T0700,107,151,1.2,68,8,8,,140,细颗粒物(PM2.5)
鞍山市,深沟寺,123.044,41.1196,2024-12-26T0700,13,41,0.6,22,13,44,,41,
鞍山市,太阳城,123.011,41.0931,2024-12-26T0700,13,48,0.7,14,9,49,,48,
鞍山市,太平,123.0485,41.1442,2024-12-26T0700,9,42,0.5,38,21,34,,42,
鞍山市,铁西三道街,122.9642,41.0971,2024-12-26T0700,20,63,0.9,47,13,21,,57,颗粒物(PM10)
鞍山市,铁西工业园区,122.9341,41.0833,2024-12-26T0700,71,138,1.2,50,11,26,,95,细颗粒物(PM2.5)
鞍山市,明达新区,123.022,41.0821,2024-12-26T0700,11,37,0.6,12,10,56,,37,
鞍山市,千山,123.1289,41.0228,2024-12-26T0700,,,,,,,40,,
巴彦淖尔市,附二中,107.4212,40.761,2024-12-26T0700,17,33,0.4,12,8,48,,33,
巴彦淖尔市,市环保大楼,107.37,40.7372,2024-12-26T0700,26,35,0.4,19,5,44,,38,
巴音郭楞蒙古自治州,孔雀公园,86.1472,41.7538,2024-12-26T0700,37,59,0.6,15,4,64,,55,颗粒物(PM10)
巴音郭楞蒙古自治州,棉纺厂,86.1972,41.7166,2024-12-26T0700,45,63,0.7,34,3,46,,63,细颗粒物(PM2.5)
巴音郭楞蒙古自治州,经济开发区,86.2357,41.7173,2024-12-26T0700,52,53,0.6,22,4,59,,72,细颗粒物(PM2.5)
巴中市,苏山坪,106.7677,31.8794,2024-12-26T0700,86,93,0.9,34,2,6,,114,细颗粒物(PM2.5)
巴中市,丽阳花园,106.7656,31.8545,2024-12-26T0700,67,82,0.7,20,3,2,,90,细颗粒物(PM2.5)
巴中市,圣泉水务公司,106.7418,31.8654,2024-12-26T0700,52,71,0.6,27,3,3,,72,细颗粒物(PM2.5)
巴中市,市中心医院,106.7616,31.8344,2024-12-26T0700,72,77,0.7,16,3,3,,97,细颗粒物(PM2.5)
白城市,洮北区环保局,122.7911,45.6077,2024-12-26T0700,9,18,0.3,12,5,60,,19,
白城市,市环保局,122.8738,45.5725,2024-12-26T0700,14,17,0.3,15,6,55,,20,
白山市,喜丰,126.4219,41.9171,2024-12-26T0700,19,74,0.6,12,10,42,,62,颗粒物(PM10)
白山市,环保局,126.4077,41.9419,2024-12-26T0700,32,88,1.3,46,14,13,,69,颗粒物(PM10)
白银市,第三小学,104.1724,36.5446,2024-12-26T0700,12,22,0.7,19,11,46,,22,
白银市,动力公司,104.1465,36.5482,2024-12-26T0700,19,,1.1,13,1,48,,28,
百色市,市监测站,106.6103,23.9011,2024-12-26T0700,70,,0.9,24,8,12,,94,细颗粒物(PM2.5)
百色市,市中心血站,106.6538,23.8859,2024-12-26T0700,82,93,1.0,50,8,6,,109,细颗粒物(PM2.5)
百色市,祈福高中,106.6085,23.8798,2024-12-26T0700,63,91,0.9,35,7,8,,85,细颗粒物(PM2.5)
蚌埠市,工人疗养院,117.396,32.939,2024-12-26T0700,133,155,0.7,30,8,77,,176,细颗粒物(PM2.5)
蚌埠市,百货大楼,117.3605,32.9427,2024-12-26T0700,142,170,1.0,65,8,21,,189,细颗粒物(PM2.5)
蚌埠市,蚌埠学院,117.4185,32.8911,2024-12-26T0700,141,175,0.8,76,8,11,,188,细颗粒物(PM2.5)
蚌埠市,淮上区政府,117.3533,32.9673,2024-12-26T0700,169,180,0.8,42,12,52,,219,细颗粒物(PM2.5)
蚌埠市,高新区,117.3145,32.8977,2024-12-26T0700,143,175,0.9,90,14,7,,190,细颗粒物(PM2.5)
蚌埠市,蚌埠田家炳中学,117.3092,32.9314,2024-12-26T0700,169,212,1.0,86,12,6,,219,细颗粒物(PM2.5)
包头市,市环境监测站,109.8756,40.6532,2024-12-26T0700,7,9,0.4,11,10,59,,19,
包头市,包头八中,109.9991,40.5842,2024-12-26T0700,10,18,0.6,16,4,50,,18,
包头市,青山宾馆,109.8538,40.6821,2024-12-26T0700,10,14,0.4,16,11,46,,15,
包头市,惠龙物流,109.8642,40.6288,2024-12-26T0700,8,18,0.4,12,8,56,,18,
包头市,东河鸿龙湾,110.0377,40.5546,2024-12-26T0700,3,9,0.5,21,11,46,,15,
包头市,滨河大厦,109.9154,40.5685,2024-12-26T0700,3,12,0.3,26,7,40,,13,
包头市,包头市委党校,109.9447,40.6261,2024-12-26T0700,3,27,0.8,14,5,56,,27,
包头市,昆区政府,109.8331,40.6576,2024-12-26T0700,12,20,0.5,11,12,54,,20,
宝鸡市,庙沟村,107.185,34.3063,2024-12-26T0700,63,94,0.6,32,7,42,,85,细颗粒物(PM2.5)
宝鸡市,竹园沟,107.0708,34.3017,2024-12-26T0700,44,64,0.5,21,5,34,,62,细颗粒物(PM2.5)
宝鸡市,三陆医院,107.1906,34.3672,2024-12-26T0700,70,107,0.8,45,6,22,,94,细颗粒物(PM2.5)
宝鸡市,监测站,107.1431,34.3547,2024-12-26T0700,60,83,0.8,39,6,19,,82,细颗粒物(PM2.5)
宝鸡市,技工学校,107.1186,34.3739,2024-12-26T0700,76,105,0.7,29,11,29,,102,细颗粒物(PM2.5)
宝鸡市,陈仓区环保局家属楼,107.3906,34.3528,2024-12-26T0700,95,131,1.2,56,24,12,,125,细颗粒物(PM2.5)
宝鸡市,文理学院,107.2058,34.3497,2024-12-26T0700,66,99,0.7,34,8,27,,89,细颗粒物(PM2.5)
宝鸡市,三迪小学,107.2386,34.3622,2024-12-26T0700,68,106,0.9,36,7,22,,92,细颗粒物(PM2.5)
保定市,游泳馆,115.493,38.8632,2024-12-26T0700,3,35,0.1,18,3,49,,35,
保定市,华电二区,115.5213,38.8959,2024-12-26T0700,18,23,0,8,2,49,,26,
保定市,接待中心,115.4713,38.9108,2024-12-26T0700,3,33,0.1,20,3,38,,33,
保定市,地表水厂,115.4612,38.8416,2024-12-26T0700,19,49,0.0,44,1,14,,49,
保定市,满城区生态环境分局,115.31981,38.95208,2024-12-26T0700,14,41,0.1,53,3,15,,41,
保定市,清苑区第二中学,115.47694,38.76408,2024-12-26T0700,21,52,0.4,37,1,23,,51,颗粒物(PM10)
保定市,徐水物探局,115.62909,39.02311,2024-12-26T0700,3,34,0.3,39,1,17,,34,
保定市,双鹰农机,115.4202,38.8656,2024-12-26T0700,21,31,0,13,3,51,,31,
保定市,植保所站,115.5150,38.8590,2024-12-26T0700,18,26,0.1,14,1,47,,26,
保山市,市环境监测站,99.1678,25.1081,2024-12-26T0700,18,,0.3,7,4,24,,26,
保山市,市环保局,99.1711,25.1328,2024-12-26T0700,24,,0.4,4,5,34,,35,
北海市,牛尾岭水库,109.2262,21.588,2024-12-26T0700,70,78,0.7,,8,50,,,
北海市,海滩公园,109.1436,21.4086,2024-12-26T0700,83,101,0.9,22,12,74,,110,细颗粒物(PM2.5)
北海市,新市环保局,109.0981,21.4661,2024-12-26T0700,80,102,0.8,25,15,73,,107,细颗粒物(PM2.5)
北海市,北海工业园,109.1778,21.5233,2024-12-26T0700,81,110,0.9,23,21,70,,108,细颗粒物(PM2.5)
北海市,龙潭自来水厂,109.1911,21.4415,2024-12-26T0700,90,103,1.0,22,15,64,,119,细颗粒物(PM2.5)
北京市,万寿西宫,116.3621,39.8784,2024-12-26T0700,7,23,0.3,14,5,49,,23,
北京市,定陵,116.2202,40.2915,2024-12-26T0700,9,20,0.2,4,4,37,,20,
北京市,东四,116.4174,39.9289,2024-12-26T0700,9,26,0.2,19,3,43,,26,
北京市,天坛,116.4072,39.8863,2024-12-26T0700,10,27,0.2,16,1,48,,27,
北京市,农展馆,116.462,39.9365,2024-12-26T0700,9,23,0.5,15,3,50,,23,
北京市,官园,116.3392,39.9295,2024-12-26T0700,9,23,0.2,17,5,43,,23,
北京市,海淀万柳,116.2878,39.9611,2024-12-26T0700,9,22,0.3,18,4,45,,22,
北京市,顺义新城,116.6636,40.135,2024-12-26T0700,6,18,0.2,7,3,54,,18,
北京市,怀柔镇,116.6275,40.3275,2024-12-26T0700,7,17,0.4,31,1,29,,17,
北京市,昌平镇,116.2296,40.217,2024-12-26T0700,9,23,0.4,5,3,53,,23,
北京市,奥体中心,116.3966,39.9821,2024-12-26T0700,11,25,0.3,18,5,45,,25,
北京市,古城,116.184,39.9136,2024-12-26T0700,9,21,0.2,11,7,48,,21,
北京市,延庆夏都,115.9718,40.4529,2024-12-26T0700,10,30,0.3,36,1,10,,30,
北京市,平谷新城,117.0709,40.1465,2024-12-26T0700,3,11,0.1,5,1,57,,18,
北京市,密云新城,116.8336,40.4095,2024-12-26T0700,3,9,0.1,2,3,56,,18,
北京市,门头沟三家店,116.088,39.9726,2024-12-26T0700,7,21,0.2,7,5,53,,21,
北京市,丰台云岗,116.1541,39.8204,2024-12-26T0700,8,29,0.3,5,3,56,,29,
北京市,通州东关,116.6804,39.9081,2024-12-26T0700,8,23,0.0,4,3,51,,23,
北京市,房山燕山,115.9577,39.7603,2024-12-26T0700,7,13,0.1,2,3,66,,21,
北京市,大兴旧宫,116.4672,39.7733,2024-12-26T0700,7,21,0.2,12,1,45,,21,
北京市,延庆石河营,115.986,40.4563,2024-12-26T0700,12,30,0.4,34,3,4,,30,
北京市,怀柔新城,116.6151,40.3053,2024-12-26T0700,7,14,0.1,16,3,39,,14,
北京市,丰台小屯,116.2545,39.8768,2024-12-26T0700,9,25,0.3,19,5,35,,25,
北京市,密云镇,116.84,40.3844,2024-12-26T0700,3,12,0.3,7,2,56,,18,
本溪市,大峪,123.8275,41.3064,2024-12-26T0700,14,61,0.6,18,12,46,,56,颗粒物(PM10)
本溪市,溪湖,123.7567,41.3325,2024-12-26T0700,20,83,0.8,16,9,43,,67,颗粒物(PM10)
本溪市,彩屯,123.7169,41.3094,2024-12-26T0700,42,112,0.8,36,7,25,,81,颗粒物(PM10)
本溪市,东明,123.7669,41.2864,2024-12-26T0700,9,46,0.7,16,10,49,,46,
本溪市,新立屯,123.7992,41.2664,2024-12-26T0700,19,44,0.4,30,8,35,,44,
本溪市,威宁,123.8142,41.3472,2024-12-26T0700,21,72,0.5,46,3,17,,61,颗粒物(PM10)
毕节市,八中,105.2864,27.3125,2024-12-26T0700,3,10,0.7,9,6,49,,16,
毕节市,师专,105.31,27.2944,2024-12-26T0700,6,7,0.6,8,5,55,,18,
毕节市,长征村,105.3631,27.3533,2024-12-26T0700,3,6,0.6,4,6,59,,19,
滨州市,第二水厂,118.0018,37.3617,2024-12-26T0700,3,36,0.8,19,7,47,,36,
滨州市,北中新校,117.9776,37.393,2024-12-26T0700,9,39,0.2,27,8,37,,39,
滨州市,中海酒店,117.9378,37.3956,2024-12-26T0700,12,34,0.5,31,6,29,,34,
滨州市,开发区一中,117.9378,37.3553,2024-12-26T0700,14,46,0.2,27,8,37,,46,
滨州市,金海六路,118.0917,37.694,2024-12-26T0700,3,19,0.3,17,4,52,,19,
滨州市,滨州市西街道办事处,117.9956,37.3753,2024-12-26T0700,9,31,0.5,22,5,41,,31,
亳州市,污水处理厂,115.8072,33.8399,2024-12-26T0700,149,192,1.1,61,11,20,,199,细颗粒物(PM2.5)
亳州市,三国揽胜宫,115.7789,33.8518,2024-12-26T0700,158,210,1.2,65,10,20,,208,细颗粒物(PM2.5)
亳州市,亳州学院,115.7633,33.8034,2024-12-26T0700,130,186,1.1,59,7,14,,172,细颗粒物(PM2.5)
博尔塔拉蒙古自治州,市党校,82.0485,44.8556,2024-12-26T0700,72,86,1.1,18,8,44,,97,细颗粒物(PM2.5)
博尔塔拉蒙古自治州,市环保局,82.0806,44.8969,2024-12-26T0700,42,83,0.9,15,6,48,,67,颗粒物(PM10)
沧州市,沧县城建局,116.8842,38.2991,2024-12-26T0700,16,34,0.6,16,2,46,,34,
沧州市,电视转播站,116.8584,38.3254,2024-12-26T0700,7,35,0.2,22,8,42,,35,
沧州市,市环保局,116.8709,38.3228,2024-12-26T0700,24,29,0.2,18,4,43,,35,
沧州市,河北水利电力学院,116.8136,38.3004,2024-12-26T0700,14,14,0.1,10,5,50,,20,
昌都市,昌都监测站,97.1806,31.1273,2024-12-26T0700,6,19,0.5,35,6,30,,19,
昌都市,昌都会议中心,97.1714,31.1406,2024-12-26T0700,9,10,,5,5,66,,,
昌吉回族自治州,天山天池,88.1236,43.8886,2024-12-26T0700,3,6,0.4,2,5,78,,25,
昌吉回族自治州,新区政务中心,87.2717,44.0297,2024-12-26T0700,91,138,1.3,51,6,14,,120,细颗粒物(PM2.5)
昌吉回族自治州,亚心广场,87.3095,44.0142,2024-12-26T0700,112,158,1.3,60,7,12,,147,细颗粒物(PM2.5)
长春市,食品厂,125.3325,43.9166,2024-12-26T0700,15,47,0.3,23,10,37,,47,
长春市,客车厂,125.2863,43.9027,2024-12-26T0700,18,47,0.3,33,14,26,,47,
长春市,邮电学院,125.2841,43.8463,2024-12-26T0700,16,44,0.2,23,26,35,,44,
长春市,劳动公园,125.3716,43.8772,2024-12-26T0700,9,35,0.8,25,10,37,,35,
长春市,园林处,125.3297,43.8805,2024-12-26T0700,14,33,0.3,17,8,38,,33,
长春市,净月潭,125.4605,43.79,2024-12-26T0700,10,48,0.3,11,8,46,,48,
长春市,甩湾子,125.7194,43.515,2024-12-26T0700,,,,,,,,,
长春市,经开区环卫处,125.3863,43.8447,2024-12-26T0700,11,39,0.4,26,16,34,,39,
长春市,高新区管委会,125.245,43.7783,2024-12-26T0700,11,35,0.4,23,8,39,,35,
长春市,岱山公园,125.1761,43.8325,2024-12-26T0700,14,36,0.4,18,6,37,,36,
长沙市,经开区环保局,113.0833,28.2325,2024-12-26T0700,107,152,0.6,31,6,29,,140,细颗粒物(PM2.5)
长沙市,高开区环保局,112.8872,28.2189,2024-12-26T0700,111,146,0.6,23,9,38,,145,细颗粒物(PM2.5)
长沙市,马坡岭,113.0792,28.2053,2024-12-26T0700,,142,0.8,30,6,29,,,
长沙市,湖南师范大学,112.9394,28.19,2024-12-26T0700,111,148,0.8,25,9,39,,145,细颗粒物(PM2.5)
长沙市,雨花区环保局,113.0178,28.1322,2024-12-26T0700,114,136,0.6,33,10,33,,149,细颗粒物(PM2.5)
长沙市,伍家岭,112.9792,28.2597,2024-12-26T0700,116,153,0.6,27,7,31,,152,细颗粒物(PM2.5)
长沙市,火车新站,113.0014,28.1944,2024-12-26T0700,117,138,0.6,30,7,36,,153,细颗粒物(PM2.5)
长沙市,天心区环保局,112.9844,28.1178,2024-12-26T0700,114,143,0.9,27,6,36,,149,细颗粒物(PM2.5)
长沙市,湖南中医药大学,112.8908,28.1308,2024-12-26T0700,114,151,0.8,21,,46,,149,细颗粒物(PM2.5)
长沙市,沙坪,112.9581,28.3611,2024-12-26T0700,118,127,0.7,24,8,26,,155,细颗粒物(PM2.5)
长治市,清华站,113.1147,36.1547,2024-12-26T0700,48,74,1.0,47,17,5,,67,细颗粒物(PM2.5)
长治市,监测站,113.1031,36.1989,2024-12-26T0700,46,65,1.4,53,17,0,,64,细颗粒物(PM2.5)
长治市,审计局,113.0886,36.2125,2024-12-26T0700,36,64,0.9,57,18,5,,57,颗粒物(PM10)
长治市,长治八中,113.0844,36.1856,2024-12-26T0700,59,87,1.1,54,18,3,,80,细颗粒物(PM2.5)
长治市,德盛苑,113.1569,36.1911,2024-12-26T0700,27,63,0.9,36,14,27,,57,颗粒物(PM10)
长治市,向阳小学,113.06,36.0464,2024-12-26T0700,55,81,1.3,46,18,12,,75,细颗粒物(PM2.5)
长治市,屯留一中,112.8792,36.3144,2024-12-26T0700,36,43,0.9,42,11,24,,52,细颗粒物(PM2.5)
长治市,潞城四中,113.235,36.3489,2024-12-26T0700,54,98,1.8,49,70,5,,74,"颗粒物(PM10),细颗粒物(PM2.5)"
常德市,市二中,111.6975,28.9703,2024-12-26T0700,154,154,0.9,34,9,15,,204,细颗粒物(PM2.5)
常德市,白鹤山,111.7158,29.1456,2024-12-26T0700,,,,,,,,,
常德市,武陵区永安,111.7153,29.0289,2024-12-26T0700,166,205,1.0,24,6,29,,216,细颗粒物(PM2.5)
常德市,鼎城区玉霞,111.6892,28.9881,2024-12-26T0700,160,188,1.1,27,12,26,,210,细颗粒物(PM2.5)
常德市,武陵区长庚,111.6625,29.0531,2024-12-26T0700,163,209,0.9,26,4,22,,213,细颗粒物(PM2.5)
常州市,市监测站,119.9633,31.762,2024-12-26T0700,111,151,1.1,88,12,4,,145,细颗粒物(PM2.5)
常州市,武进监测站,119.9468,31.7069,2024-12-26T0700,110,152,1.3,69,9,4,,144,细颗粒物(PM2.5)
常州市,安家,119.9255,31.9087,2024-12-26T0700,128,170,1.5,70,13,4,,169,细颗粒物(PM2.5)
常州市,行政中心,119.9805,31.8174,2024-12-26T0700,120,144,1.1,79,18,3,,158,细颗粒物(PM2.5)
常州市,经开区,120.0522,31.7748,2024-12-26T0700,106,152,1.3,83,15,4,,139,细颗粒物(PM2.5)
常州市,钟楼,119.9025,31.7964,2024-12-26T0700,118,150,1.3,76,11,4,,155,细颗粒物(PM2.5)
常州市,武进经发区,119.8598,31.7066,2024-12-26T0700,113,157,1.1,58,13,5,,148,细颗粒物(PM2.5)
常州市,金坛城区,119.5826,31.7245,2024-12-26T0700,108,136,0.9,60,10,19,,142,细颗粒物(PM2.5)
朝阳市,西梁,120.4318,41.5881,2024-12-26T0700,10,14,0.5,9,6,,,,
朝阳市,河畔小区,120.4521,41.5646,2024-12-26T0700,9,,0.6,14,6,56,,18,
朝阳市,八里堡,120.4176,41.5648,2024-12-26T0700,12,,0.6,17,9,53,,18,
朝阳市,农业园区,120.3806,41.5969,2024-12-26T0700,13,,0.5,14,12,62,,20,
潮州市,西园路,116.6367,23.6719,2024-12-26T0700,18,,0.5,12,4,18,,26,
潮州市,市政府,116.6183,23.6608,2024-12-26T0700,12,,0.5,12,3,26,,18,
潮州市,金山,116.6461,23.6761,2024-12-26T0700,16,,0.7,17,4,8,,23,
郴州市,马头岭,113.0073,25.9061,2024-12-26T0700,87,123,0.9,28,13,60,,115,细颗粒物(PM2.5)
郴州市,市职中,113.0116,25.8226,2024-12-26T0700,96,108,0.8,25,9,55,,127,细颗粒物(PM2.5)
郴州市,兴隆步行街,113.0161,25.8001,2024-12-26T0700,111,131,0.9,28,9,54,,145,细颗粒物(PM2.5)
郴州市,市审计局,113.0383,25.8071,2024-12-26T0700,105,116,1.2,23,9,54,,138,细颗粒物(PM2.5)
郴州市,市环保局,113.0348,25.7759,2024-12-26T0700,113,123,0.9,21,9,62,,148,细颗粒物(PM2.5)
成都市,金泉两河,103.9728,30.7236,2024-12-26T0700,64,90,1.2,33,2,1,,87,细颗粒物(PM2.5)
成都市,十里店,104.176,30.6872,2024-12-26T0700,68,81,0.8,51,2,4,,92,细颗粒物(PM2.5)
成都市,三瓦窑,104.079,30.5706,2024-12-26T0700,63,84,0.8,35,2,0,,85,细颗粒物(PM2.5)
成都市,沙河铺,104.1114,30.63,2024-12-26T0700,73,87,0.8,27,3,4,,98,细颗粒物(PM2.5)
成都市,君平街,104.0786,30.6531,2024-12-26T0700,73,78,0.9,45,4,1,,98,细颗粒物(PM2.5)
成都市,灵岩寺,103.613,31.0283,2024-12-26T0700,,,,,,,,,
成都市,大石西路,104.0239,30.65639,2024-12-26T0700,63,73,1.1,34,5,1,,85,细颗粒物(PM2.5)
成都市,龙泉驿区区政府,104.2725,30.5589,2024-12-26T0700,44,53,0.7,18,1,20,,62,细颗粒物(PM2.5)
成都市,金博路,104.0106,30.6931,2024-12-26T0700,55,89,1.0,30,2,1,,75,细颗粒物(PM2.5)
成都市,华阳,104.0578,30.5225,2024-12-26T0700,66,80,0.9,39,1,4,,89,细颗粒物(PM2.5)
成都市,车城东七路,104.2394,30.5319,2024-12-26T0700,50,62,0.8,22,2,19,,69,细颗粒物(PM2.5)
成都市,青白江技师分院,104.3853,30.7453,2024-12-26T0700,63,68,0.7,32,2,5,,85,细颗粒物(PM2.5)
成都市,科学城,104.0789,30.4072,2024-12-26T0700,62,74,0.8,24,4,3,,84,细颗粒物(PM2.5)
成都市,光华大道三段,103.8506,30.6947,2024-12-26T0700,55,84,0.9,26,2,0,,75,细颗粒物(PM2.5)
承德市,铁路,117.9531,40.9081,2024-12-26T0700,34,37,0.6,33,4,17,,49,
承德市,中国银行,117.9392,40.9763,2024-12-26T0700,9,34,0.4,19,3,22,,34,
承德市,开发区,117.9503,40.928,2024-12-26T0700,25,34,0.6,38,2,15,,36,
承德市,文化中心,117.8051,40.9655,2024-12-26T0700,30,67,0.5,44,2,11,,59,颗粒物(PM10)
承德市,离宫,117.9268,41.0026,2024-12-26T0700,30,,0.3,6,3,53,,43,
池州市,池州学院,117.47,30.6618,2024-12-26T0700,108,122,0.8,71,13,13,,142,细颗粒物(PM2.5)
池州市,展览馆,117.4918,30.6617,2024-12-26T0700,93,118,0.8,62,6,7,,123,细颗粒物(PM2.5)
池州市,第八中学,117.5627,30.695,2024-12-26T0700,98,122,0.6,65,5,14,,129,细颗粒物(PM2.5)
池州市,第十二中学,117.5038,30.6243,2024-12-26T0700,101,128,0.6,71,6,11,,133,细颗粒物(PM2.5)
赤峰市,松山一中,118.9233,42.2816,2024-12-26T0700,12,21,0.8,32,22,44,,21,
赤峰市,哈达街,118.9576,42.2728,2024-12-26T0700,23,,0.6,23,7,37,,33,
赤峰市,天义路,118.8788,42.2554,2024-12-26T0700,3,10,0.5,26,11,46,,15,
赤峰市,银河街,119.2658,42.0353,2024-12-26T0700,3,11,0.5,12,15,62,,20,
赤峰市,桥北物流园区,118.9359,42.3147,2024-12-26T0700,13,,0.8,19,11,55,,19,
崇左市,市环保局江州分局,107.3476,22.4136,2024-12-26T0700,89,137,1.0,25,22,81,,118,细颗粒物(PM2.5)
崇左市,城南新区,107.3702,22.3707,2024-12-26T0700,98,122,1.2,25,11,90,,129,细颗粒物(PM2.5)
滁州市,老年大学,118.3093,32.3153,2024-12-26T0700,95,111,0.8,58,6,16,,125,细颗粒物(PM2.5)
滁州市,人大宾馆,118.3244,32.2786,2024-12-26T0700,113,131,0.7,44,9,45,,148,细颗粒物(PM2.5)
滁州市,市政府原办公楼,118.3118,32.3038,2024-12-26T0700,107,121,0.7,46,6,47,,140,细颗粒物(PM2.5)
滁州市,图书馆,118.3267,32.2634,2024-12-26T0700,92,133,0.6,40,6,48,,122,细颗粒物(PM2.5)
楚雄彝族自治州,州环境监测站,101.5482,25.0441,2024-12-26T0700,16,,0.4,23,9,11,,23,
楚雄彝族自治州,市经济开发区,101.538,25.0492,2024-12-26T0700,18,20,0.4,23,8,11,,26,
达州市,达州职业技术学院,107.5277,31.2827,2024-12-26T0700,92,95,0.6,14,6,6,,122,细颗粒物(PM2.5)
达州市,市环境监测站,107.5086,31.2186,2024-12-26T0700,70,96,1.2,33,7,4,,94,细颗粒物(PM2.5)
达州市,凤凰小区,107.4988,31.2132,2024-12-26T0700,80,102,1.0,32,8,4,,107,细颗粒物(PM2.5)
达州市,达县机关宾馆,107.5082,31.1986,2024-12-26T0700,80,95,1.1,37,7,4,,107,细颗粒物(PM2.5)
达州市,市政中心,107.4644,31.2124,2024-12-26T0700,66,97,0.9,39,8,4,,89,细颗粒物(PM2.5)
大理白族自治州,大理市环境监测站,100.1542,25.7054,2024-12-26T0700,20,20,0.6,7,7,64,,29,
大理白族自治州,大理古城,100.2171,25.5811,2024-12-26T0700,17,19,0.7,12,6,50,,25,
大连市,甘井子,121.612,38.9741,2024-12-26T0700,3,48,0.6,16,8,66,,48,
大连市,周水子,121.565,38.9511,2024-12-26T0700,3,37,0.5,20,8,58,,37,
大连市,星海三站,121.5637,38.8845,2024-12-26T0700,3,36,0.4,17,11,60,,36,
大连市,青泥洼桥,121.6302,38.9117,2024-12-26T0700,3,23,0.2,8,10,58,,23,
大连市,傅家庄,121.6251,38.8638,2024-12-26T0700,3,32,0.3,8,10,65,,32,
大连市,七贤岭,121.5213,38.8661,2024-12-26T0700,3,28,0.5,10,11,70,,28,
大连市,旅顺,121.2529,38.8061,2024-12-26T0700,6,17,0.4,12,10,67,,21,
大连市,金州,121.7485,39.1311,2024-12-26T0700,6,29,0.4,10,7,66,,29,
大连市,开发区,121.7811,39.0496,2024-12-26T0700,3,39,0.3,10,10,63,,39,
大连市,双D港,121.9762,39.0631,2024-12-26T0700,3,22,0.5,7,9,73,,23,
大庆市,大同区,124.81117,46.03138,2024-12-26T0700,22,28,0.5,22,4,34,,32,
大庆市,龙凤区,125.129,46.533,2024-12-26T0700,21,27,0.6,32,13,36,,30,
大庆市,红岗区,124.902,46.408,2024-12-26T0700,14,24,0.4,31,5,27,,24,
大庆市,萨尔图区,125.153,46.586,2024-12-26T0700,23,29,0.7,36,7,35,,33,
大庆市,让胡路区,124.9042,46.6215,2024-12-26T0700,23,30,0.5,17,8,46,,33,
大庆市,萨区政府监测点,125.141,46.634,2024-12-26T0700,12,32,0.4,21,5,43,,32,
大同市,果树场,113.3819,40.1097,2024-12-26T0700,30,35,0.6,33,29,35,,43,
大同市,云冈宾馆,113.2994,40.0758,2024-12-26T0700,20,35,1.0,31,21,21,,35,
大同市,大同大学,113.3444,40.0917,2024-12-26T0700,23,33,0.9,39,30,16,,33,
大同市,安家小村,113.2661,40.1269,2024-12-26T0700,16,35,0.8,33,21,22,,35,
大同市,教育学院,113.2711,40.0844,2024-12-26T0700,20,48,1.1,45,20,17,,48,
大同市,大同市卫生学校,113.3397,40.0597,2024-12-26T0700,12,26,0.5,22,16,37,,26,
大同市,云冈站,113.1367,40.1122,2024-12-26T0700,23,60,0.9,37,24,6,,55,颗粒物(PM10)
大同市,图书馆,113.1186,40.2556,2024-12-26T0700,21,28,0.7,14,8,24,,30,
大同市,区一中,113.5931,40.0461,2024-12-26T0700,21,42,1.4,35,29,15,,42,
大同市,第二人民医院,113.2802,40.0995,2024-12-26T0700,32,54,1.1,54,22,9,,52,颗粒物(PM10)
大兴安岭地区,科技局,124.1069,50.4097,2024-12-26T0700,17,,0.4,6,5,58,,25,
大兴安岭地区,红旗社区,124.1164,50.4278,2024-12-26T0700,7,19,0.4,18,6,46,,19,
丹东市,江湾东路,124.3303,40.0625,2024-12-26T0700,12,58,0.5,10,12,47,,54,颗粒物(PM10)
丹东市,临江后街,124.4256,40.1503,2024-12-26T0700,22,39,0.5,17,9,46,,39,
丹东市,元宝山,124.3933,40.1461,2024-12-26T0700,16,49,0.6,7,8,49,,49,
丹东市,民主桥,124.3633,40.1092,2024-12-26T0700,12,69,0.6,13,11,48,,60,颗粒物(PM10)
儋州市,第一中学子站,109.5726,19.5167,2024-12-26T0700,30,51,0.6,10,5,70,,51,颗粒物(PM10)
儋州市,东坡学校子站,109.5567,19.5187,2024-12-26T0700,32,36,0.6,8,5,78,,46,
德宏傣族景颇族自治州,德宏州监测站,98.5842,24.428,2024-12-26T0700,28,40,0.9,21,6,10,,40,
德宏傣族景颇族自治州,芒市人民政府综合楼,98.5881,24.4368,2024-12-26T0700,30,38,0.9,20,6,5,,43,
德阳市,东山公园,104.4239,31.1208,2024-12-26T0700,65,85,0.9,64,2,2,,88,细颗粒物(PM2.5)
德阳市,西小区,104.3826,31.1317,2024-12-26T0700,94,118,1.1,47,4,2,,124,细颗粒物(PM2.5)
德阳市,耐火材料厂,104.3553,31.1091,2024-12-26T0700,97,120,1.0,42,7,4,,128,细颗粒物(PM2.5)
德阳市,市教育局,104.4019,31.1244,2024-12-26T0700,78,97,1.3,45,6,3,,104,细颗粒物(PM2.5)
德州市,儿童乐园,116.3032,37.4674,2024-12-26T0700,7,34,0.6,24,5,47,,34,
德州市,监理站,116.2991,37.4451,2024-12-26T0700,3,24,0.5,22,7,55,,24,
德州市,九衢泉纯净水厂,116.2721,37.4379,2024-12-26T0700,14,31,0.2,16,9,54,,31,
德州市,开发区人民医院,116.3728,37.4403,2024-12-26T0700,3,24,0.4,25,7,46,,24,
德州市,太阳城中学,116.3572,37.4094,2024-12-26T0700,9,29,0.5,16,6,54,,29,
德州市,陵城艺术中心,116.5652,37.3319,2024-12-26T0700,3,41,0.5,16,10,47,,41,
迪庆藏族自治州,迪庆州站,99.7056,27.8317,2024-12-26T0700,22,25,0.6,13,8,70,,32,
迪庆藏族自治州,质量技术监督局,99.7136,27.8094,2024-12-26T0700,16,25,0.7,14,8,53,,25,
定西市,东关小学,104.6241,35.5734,2024-12-26T0700,76,91,1.3,21,7,13,,102,细颗粒物(PM2.5)
定西市,供电公司,104.6194,35.5934,2024-12-26T0700,49,74,1.4,40,7,2,,68,细颗粒物(PM2.5)
东莞市,莞城梨川,113.7547,23.0494,2024-12-26T0700,42,55,0.7,40,6,18,,59,细颗粒物(PM2.5)
东莞市,东城石井,113.7944,23.0128,2024-12-26T0700,37,56,0.8,38,6,21,,53,"颗粒物(PM10),细颗粒物(PM2.5)"
东莞市,南城西平,113.7383,22.9658,2024-12-26T0700,35,52,0.6,57,3,8,,51,颗粒物(PM10)
东莞市,万江金泰,113.7338,23.0381,2024-12-26T0700,38,48,0.8,28,7,30,,54,细颗粒物(PM2.5)
东莞市,南城元岭,113.7533,23.0202,2024-12-26T0700,39,54,0.8,30,6,25,,55,细颗粒物(PM2.5)
东莞市,东城主山,113.7875,23.0457,2024-12-26T0700,37,51,0.6,40,8,20,,53,细颗粒物(PM2.5)
东营市,市环保局,118.6614,37.4309,2024-12-26T0700,9,29,0.4,16,6,47,,29,
东营市,开发区管委会,118.6904,37.4338,2024-12-26T0700,12,40,0.4,23,4,46,,40,
东营市,垦利区民丰路,118.5719,37.565,2024-12-26T0700,12,31,0.4,20,8,37,,31,
东营市,河口城区,118.5055,37.8612,2024-12-26T0700,7,24,0.7,6,7,61,,24,
东营市,胜利站,118.4978,37.4623,2024-12-26T0700,9,18,0.7,18,9,44,,18,
东营市,理想之城,118.35,37.26,2024-12-26T0700,12,31,0.7,22,6,45,,31,
鄂尔多斯市,综合楼,110.0023,39.8129,2024-12-26T0700,9,27,0.3,24,13,53,,27,
鄂尔多斯市,巴音孟克林场办事处,109.9486,39.8261,2024-12-26T0700,7,41,0.4,45,14,26,,41,
鄂尔多斯市,康泽苑,109.7736,39.5986,2024-12-26T0700,9,22,0.4,15,6,38,,22,
鄂尔多斯市,华泰汽车城,109.8119,39.5989,2024-12-26T0700,9,17,0.5,13,5,35,,17,
鄂尔多斯市,奥林花园,109.9734,39.7884,2024-12-26T0700,9,41,0.6,45,10,21,,41,
鄂州市,市政府,114.8938,30.3994,2024-12-26T0700,104,140,1.4,80,11,3,,137,细颗粒物(PM2.5)
鄂州市,赵家坝,114.8989,30.3714,2024-12-26T0700,104,138,1.1,83,9,5,,137,细颗粒物(PM2.5)
鄂州市,精准医疗中心,114.8094,30.4089,2024-12-26T0700,106,137,0.8,78,14,9,,139,细颗粒物(PM2.5)
恩施土家族苗族自治州,湖北民院,109.4978,30.2981,2024-12-26T0700,123,,0.9,28,7,14,,162,细颗粒物(PM2.5)
恩施土家族苗族自治州,州电力总公司,109.4707,30.2798,2024-12-26T0700,104,120,0.9,32,8,8,,137,细颗粒物(PM2.5)
恩施土家族苗族自治州,龙凤新区,109.5061,30.3772,2024-12-26T0700,107,134,1.1,20,6,5,,140,细颗粒物(PM2.5)
防城港市,沙万,108.3411,21.6158,2024-12-26T0700,78,89,1.5,27,11,82,,104,细颗粒物(PM2.5)
防城港市,防城档案局,108.3514,21.7731,2024-12-26T0700,82,138,0.9,50,10,59,,109,细颗粒物(PM2.5)
防城港市,大海花园,108.3506,21.6414,2024-12-26T0700,82,101,1.0,24,10,84,,109,细颗粒物(PM2.5)
佛山市,湾梁,113.1294,23.0067,2024-12-26T0700,41,53,0.8,28,9,55,,58,细颗粒物(PM2.5)
佛山市,华材职中,113.1083,23.0478,2024-12-26T0700,48,53,0.6,31,8,53,,67,细颗粒物(PM2.5)
佛山市,南海气象局,113.144,23.0453,2024-12-26T0700,39,50,0.7,26,10,53,,55,细颗粒物(PM2.5)
佛山市,顺德苏岗,113.2881,22.8094,2024-12-26T0700,36,52,0.8,37,10,33,,52,细颗粒物(PM2.5)
佛山市,高明孔堂,112.8383,22.8678,2024-12-26T0700,48,70,0.8,22,15,54,,67,细颗粒物(PM2.5)
佛山市,三水监测站,112.8836,23.1588,2024-12-26T0700,45,56,1.0,40,13,46,,63,细颗粒物(PM2.5)
佛山市,三水云东海,112.867,23.185,2024-12-26T0700,40,59,0.9,38,16,47,,57,细颗粒物(PM2.5)
佛山市,容桂街道办,113.2544,22.7642,2024-12-26T0700,44,63,0.7,50,9,21,,62,细颗粒物(PM2.5)
福州市,鼓山,119.3903,26.0543,2024-12-26T0700,,,,,,,63,,
福州市,师大,119.2681,26.0504,2024-12-26T0700,31,,0.3,28,3,31,,45,
福州市,五四北路,119.2984,26.1028,2024-12-26T0700,35,,0.4,30,3,27,,50,
福州市,杨桥西路,119.2648,26.0768,2024-12-26T0700,30,,0.4,27,1,34,,43,
福州市,紫阳,119.317,26.0746,2024-12-26T0700,33,34,0.3,30,2,26,,48,
福州市,九龙,119.5799,26.0936,2024-12-26T0700,16,26,0.3,10,1,56,,26,
福州市,吴航,119.5189,25.9664,2024-12-26T0700,22,31,0.3,14,1,56,,32,
抚顺市,望花区,123.7977,41.8491,2024-12-26T0700,12,57,0.7,24,5,45,,54,颗粒物(PM10)
抚顺市,顺城区,123.9161,41.8822,2024-12-26T0700,27,52,1.0,48,6,16,,51,颗粒物(PM10)
抚顺市,东洲区,124.0436,41.8611,2024-12-26T0700,22,58,0.9,28,8,36,,54,颗粒物(PM10)
抚顺市,新抚区,123.9247,41.8642,2024-12-26T0700,21,48,0.6,34,4,29,,48,
抚顺市,大伙房水库,124.0972,41.8961,2024-12-26T0700,17,48,0.3,22,8,33,,48,
抚顺市,沈抚新城,123.7086,41.8391,2024-12-26T0700,11,61,0.4,31,5,34,,56,颗粒物(PM10)
抚州市,桐源党溪,116.2127,28.0814,2024-12-26T0700,64,90,0.6,9,4,28,,87,细颗粒物(PM2.5)
抚州市,市站,116.3544,27.9831,2024-12-26T0700,74,96,1.5,32,6,40,,99,细颗粒物(PM2.5)
抚州市,血防站,116.3565,27.963,2024-12-26T0700,72,102,1.0,26,18,36,,97,细颗粒物(PM2.5)
抚州市,采茶剧团,116.3564,28.0007,2024-12-26T0700,72,97,1.4,28,3,31,,97,细颗粒物(PM2.5)
抚州市,医学分院,116.385,27.9647,2024-12-26T0700,67,96,1.1,29,6,31,,90,细颗粒物(PM2.5)
阜新市,工业园区,121.6094,41.998,2024-12-26T0700,3,20,0.3,8,5,71,,23,
阜新市,长青街,121.6697,42.0279,2024-12-26T0700,8,23,0.3,6,6,62,,23,
阜新市,农业园区,121.6673,42.0705,2024-12-26T0700,3,6,0.6,4,10,59,,19,
阜新市,东苑,121.6717,42.0224,2024-12-26T0700,3,19,0.4,6,3,61,,20,
阜新市,玉龙新城,121.6506,42.0498,2024-12-26T0700,11,21,0.3,18,5,57,,21,
阜阳市,市监测站,115.8277,32.8929,2024-12-26T0700,120,138,1.5,66,6,3,,158,细颗粒物(PM2.5)
阜阳市,开发区,115.8554,32.8605,2024-12-26T0700,116,163,1.3,72,8,2,,152,细颗粒物(PM2.5)
阜阳市,阜阳职业技术学院,115.784,32.8892,2024-12-26T0700,133,152,1.2,75,8,2,,176,细颗粒物(PM2.5)
阜阳市,市规划展馆,115.7901,32.8613,2024-12-26T0700,124,143,1.0,74,7,6,,163,细颗粒物(PM2.5)
阜阳市,枣园社区,115.836,32.9183,2024-12-26T0700,120,128,1.0,69,6,5,,158,细颗粒物(PM2.5)
甘南藏族自治州,州政府,102.9099,34.9841,2024-12-26T0700,16,60,1.1,37,7,3,,55,颗粒物(PM10)
甘南藏族自治州,甘肃民族师范学院,102.8914,34.9617,2024-12-26T0700,14,48,0.7,40,4,4,,48,
甘孜藏族自治州,水桥子,101.9603,30.0475,2024-12-26T0700,8,12,0.6,32,2,27,,16,
甘孜藏族自治州,州环保局,101.9533,29.9972,2024-12-26T0700,3,17,0.5,16,4,44,,17,
赣江新区,桑海产业园,115.8347,28.932,2024-12-26T0700,,,,,,,22,,
赣州市,通天岩,114.9017,25.9149,2024-12-26T0700,62,,0.5,14,4,49,,84,细颗粒物(PM2.5)
赣州市,地委,114.9367,25.8664,2024-12-26T0700,59,94,1.2,22,17,59,,80,细颗粒物(PM2.5)
赣州市,气象台,114.9461,25.8481,2024-12-26T0700,57,102,0.9,41,22,75,,78,细颗粒物(PM2.5)
赣州市,市图书馆,114.9322,25.8333,2024-12-26T0700,55,87,0.9,24,12,64,,75,细颗粒物(PM2.5)
赣州市,华坚鞋城,114.8905,25.8471,2024-12-26T0700,58,85,0.7,17,11,69,,79,细颗粒物(PM2.5)
赣州市,赣县区卫计委,115.0093,25.8613,2024-12-26T0700,66,80,0.7,41,4,25,,89,细颗粒物(PM2.5)
固原市,马园,106.2319,36.1417,2024-12-26T0700,54,,1.3,36,5,8,,,
固原市,监测站,106.2792,36.0022,2024-12-26T0700,51,76,1.4,37,6,19,,70,细颗粒物(PM2.5)
固原市,新区,106.2375,36.0211,2024-12-26T0700,49,83,1.3,51,6,5,,68,细颗粒物(PM2.5)
固原市,原州区十五小,106.2177,35.9959,2024-12-26T0700,48,85,1.3,42,6,18,,68,颗粒物(PM10)
广安市,小平旧居,106.6308,30.5278,2024-12-26T0700,,,,,,,,,
广安市,市委,106.6303,30.4576,2024-12-26T0700,151,,1.1,27,3,8,,201,细颗粒物(PM2.5)
广安市,友谊中学,106.6271,30.4663,2024-12-26T0700,126,142,1.1,26,2,3,,166,细颗粒物(PM2.5)
广安市,广电花园,106.6388,30.4551,2024-12-26T0700,132,134,0.6,22,,2,,175,细颗粒物(PM2.5)
广安市,北辰小学,106.6351,30.4865,2024-12-26T0700,126,137,1.0,23,6,4,,166,细颗粒物(PM2.5)
广元市,黑石坡,105.8945,32.4535,2024-12-26T0700,47,55,1.0,35,4,1,,65,细颗粒物(PM2.5)
广元市,老城,105.821,32.4444,2024-12-26T0700,54,89,1.0,43,10,2,,74,细颗粒物(PM2.5)
广元市,监测站,105.8628,32.4287,2024-12-26T0700,49,54,0.8,38,2,11,,68,细颗粒物(PM2.5)
广元市,经开区,105.8047,32.4166,2024-12-26T0700,43,62,0.8,38,5,4,,60,细颗粒物(PM2.5)
广州市,广雅中学,113.2347,23.1423,2024-12-26T0700,45,70,0.7,38,11,42,,63,细颗粒物(PM2.5)
广州市,市五中,113.2612,23.105,2024-12-26T0700,46,63,0.8,30,6,45,,64,细颗粒物(PM2.5)
广州市,广东商学院,113.3478,23.0916,2024-12-26T0700,46,60,0.6,26,6,48,,64,细颗粒物(PM2.5)
广州市,市八十六中,113.4332,23.1047,2024-12-26T0700,43,61,0.6,39,6,36,,60,细颗粒物(PM2.5)
广州市,番禺中学,113.3505,22.9483,2024-12-26T0700,41,60,0.6,37,6,40,,58,细颗粒物(PM2.5)
广州市,花都师范,113.2146,23.3916,2024-12-26T0700,37,50,0.6,16,10,66,,53,细颗粒物(PM2.5)
广州市,市监测站,113.2597,23.1331,2024-12-26T0700,37,60,0.6,31,8,43,,55,颗粒物(PM10)
广州市,九龙镇镇龙,113.5618,23.312,2024-12-26T0700,37,52,0.7,17,6,61,,53,细颗粒物(PM2.5)
广州市,麓湖,113.2765,23.1544,2024-12-26T0700,41,57,0.6,38,6,42,,58,细颗粒物(PM2.5)
广州市,帽峰山森林公园,113.443,23.3035,2024-12-26T0700,31,45,0.4,15,8,63,,45,
广州市,体育西,113.3221,23.1322,2024-12-26T0700,41,58,0.6,20,6,48,,58,细颗粒物(PM2.5)
广州市,从化街口,113.5717,23.5491,2024-12-26T0700,44,56,0.7,16,6,70,,62,细颗粒物(PM2.5)
广州市,白云竹料,113.3472,23.3692,2024-12-26T0700,37,53,0.8,13,10,70,,53,细颗粒物(PM2.5)
广州市,白云嘉禾,113.2981,23.237,2024-12-26T0700,39,63,0.8,30,8,55,,57,颗粒物(PM10)
广州市,黄埔科学城,113.4256,23.1716,2024-12-26T0700,42,52,0.8,17,8,57,,59,细颗粒物(PM2.5)
广州市,番禺大学城,113.3942,23.0483,2024-12-26T0700,,,,,,,69,,
广州市,南沙黄阁,113.4922,22.8168,2024-12-26T0700,44,63,1.0,52,6,20,,62,细颗粒物(PM2.5)
广州市,南沙街,113.5342,22.7896,2024-12-26T0700,29,43,0.8,36,9,35,,43,
广州市,花都梯面,113.2902,23.5544,2024-12-26T0700,36,47,0.8,11,10,76,,52,细颗粒物(PM2.5)
广州市,从化良口,113.7858,23.7478,2024-12-26T0700,44,54,0.7,11,6,60,,62,细颗粒物(PM2.5)
广州市,增城荔城,113.8051,23.2614,2024-12-26T0700,29,39,0.5,14,4,60,,42,
贵港市,德智高中,109.568,23.1478,2024-12-26T0700,,,,,,,,,
贵港市,江南子站,109.6047,23.0666,2024-12-26T0700,95,132,0.8,28,12,63,,125,细颗粒物(PM2.5)
贵港市,贵城子站,109.6014,23.0948,2024-12-26T0700,101,119,1.0,33,13,56,,133,细颗粒物(PM2.5)
贵港市,荷城子站,109.5669,23.1065,2024-12-26T0700,88,114,0.9,26,18,61,,117,细颗粒物(PM2.5)
贵港市,新世纪学校,109.5886,23.1172,2024-12-26T0700,92,134,1.0,30,12,54,,122,细颗粒物(PM2.5)
贵阳市,马鞍山,106.6899,26.5998,2024-12-26T0700,29,41,0.7,17,4,21,,42,
贵阳市,市环保站,106.6971,26.5694,2024-12-26T0700,31,,0.6,18,7,30,,45,
贵阳市,鉴湖路,106.6243,26.6266,2024-12-26T0700,22,31,0.7,19,5,40,,32,
贵阳市,燕子冲,106.7487,26.6343,2024-12-26T0700,19,,0.6,14,5,37,,28,
贵阳市,碧云窝,106.6555,26.4365,2024-12-26T0700,22,36,0.7,20,7,28,,36,
贵阳市,中院村,106.694,26.5161,2024-12-26T0700,22,27,0.8,22,12,29,,32,
贵阳市,红边门,106.7109,26.6027,2024-12-26T0700,24,29,1.0,23,10,26,,35,
贵阳市,新华路,106.7164,26.5699,2024-12-26T0700,22,29,0.7,20,7,30,,32,
贵阳市,太慈桥,106.674,26.5424,2024-12-26T0700,29,34,0.6,18,5,20,,42,
贵阳市,桐木岭,106.805,26.3003,2024-12-26T0700,,,,,,,24,,
桂林市,电子科大尧山校区,110.4144,25.3167,2024-12-26T0700,65,79,0.7,16,8,108,,88,细颗粒物(PM2.5)
桂林市,监测站,110.2819,25.2697,2024-12-26T0700,78,82,1.2,23,12,98,,104,细颗粒物(PM2.5)
桂林市,龙隐路小学,110.3089,25.2708,2024-12-26T0700,82,,0.8,23,13,102,,109,细颗粒物(PM2.5)
桂林市,八中,110.2869,25.2178,2024-12-26T0700,84,,0.8,25,11,114,,112,细颗粒物(PM2.5)
桂林市,创业大厦,110.1764,25.2381,2024-12-26T0700,78,100,0.8,24,11,103,,104,细颗粒物(PM2.5)
桂林市,旅游学院,110.296,25.1253,2024-12-26T0700,80,83,0.9,22,9,104,,107,细颗粒物(PM2.5)
果洛藏族自治州,玛沁县大武镇,100.2561,34.4714,2024-12-26T0700,3,28,0.4,3,6,36,,28,
哈尔滨市,岭北,126.5422,45.755,2024-12-26T0700,17,27,,24,9,41,,,
哈尔滨市,松北商大,126.561,45.8167,2024-12-26T0700,15,33,0.4,38,3,20,,33,
哈尔滨市,阿城会宁,126.979,45.5419,2024-12-26T0700,17,25,0.6,11,3,47,,25,
哈尔滨市,南岗学府路,126.599,45.7222,2024-12-26T0700,18,29,0.6,38,10,24,,29,
哈尔滨市,太平宏伟公园,126.689,45.7733,2024-12-26T0700,11,25,0.5,26,8,31,,25,
哈尔滨市,道外承德广场,126.635,45.7667,2024-12-26T0700,10,36,0.5,32,9,29,,36,
哈尔滨市,香坊红旗大街,126.685,45.7319,2024-12-26T0700,17,17,0.5,35,12,23,,25,
哈尔滨市,动力和平路,126.6411,45.7258,2024-12-26T0700,17,26,0.5,38,10,16,,26,
哈尔滨市,道里建国路,126.593,45.7478,2024-12-26T0700,15,27,0.3,29,2,32,,27,
哈尔滨市,平房东轻厂,126.615,45.61,2024-12-26T0700,18,123,0.5,52,15,9,,87,颗粒物(PM10)
哈尔滨市,呼兰师专,126.595,45.9855,2024-12-26T0700,23,33,0.5,27,8,29,,33,
哈尔滨市,省农科院,126.6206,45.6842,2024-12-26T0700,48,57,0.9,53,9,10,,67,细颗粒物(PM2.5)
哈密市,地区监测站,93.5128,42.8172,2024-12-26T0700,41,46,0.4,19,8,45,,58,细颗粒物(PM2.5)
哈密市,哈密师范学校,93.4961,42.8328,2024-12-26T0700,30,38,0.5,20,7,40,,43,
海北藏族自治州,海晏县西海镇,100.9048,36.9639,2024-12-26T0700,10,15,0.4,4,6,57,,18,
海东市,平安区公安北苑,102.0738,36.5056,2024-12-26T0700,79,90,1.2,41,7,21,,105,细颗粒物(PM2.5)
海口市,东寨港,110.576,19.9507,2024-12-26T0700,36,42,0.6,6,11,57,,52,细颗粒物(PM2.5)
海口市,海南大学,110.3232,20.0574,2024-12-26T0700,36,55,0.6,19,7,65,,53,颗粒物(PM10)
海口市,秀英海南医院,110.283,20.0053,2024-12-26T0700,36,51,0.5,20,7,66,,52,细颗粒物(PM2.5)
海口市,海南师范大学,110.338,19.9969,2024-12-26T0700,33,52,0.6,17,6,68,,51,颗粒物(PM10)
海口市,龙华路环保局宿舍,110.33,20.0356,2024-12-26T0700,34,47,0.5,16,8,66,,49,
海口市,桂林洋子站,110.5111,19.9736,2024-12-26T0700,34,54,0.4,14,6,68,,52,颗粒物(PM10)
海南藏族自治州,共和县恰卜恰镇,100.6188,36.2866,2024-12-26T0700,3,22,0.5,24,4,38,,22,
海西蒙古族藏族自治州,德令哈市,97.3731,37.3753,2024-12-26T0700,16,27,0.5,6,18,70,,27,
邯郸市,东污水处理厂,114.5302,36.6116,2024-12-26T0700,61,93,0.9,56,6,15,,83,细颗粒物(PM2.5)
邯郸市,矿院,114.4918,36.5713,2024-12-26T0700,48,110,0.6,52,5,13,,80,颗粒物(PM10)
邯郸市,丛台公园,114.484,36.6133,2024-12-26T0700,50,104,0.8,47,5,15,,77,颗粒物(PM10)
邯郸市,香泉濮院小区,114.7895,36.5593,2024-12-26T0700,63,122,1.0,59,8,3,,86,颗粒物(PM10)
邯郸市,永年区实验高中,114.50634,36.77178,2024-12-26T0700,53,121,0.8,53,8,7,,86,颗粒物(PM10)
邯郸市,峰峰矿区临水派出所,114.20016,36.44293,2024-12-26T0700,45,111,0.8,42,13,27,,81,颗粒物(PM10)
汉中市,汉川机床厂子校,106.9893,33.1842,2024-12-26T0700,47,51,0.7,8,5,25,,65,细颗粒物(PM2.5)
汉中市,市监测站,107.0154,33.0706,2024-12-26T0700,92,,1.5,34,5,10,,122,细颗粒物(PM2.5)
汉中市,鑫源开发区,107.0089,33.1138,2024-12-26T0700,121,,1.4,31,4,6,,159,细颗粒物(PM2.5)
汉中市,南郑大河坎水厂,107.007,33.0323,2024-12-26T0700,88,109,1.3,17,5,14,,117,细颗粒物(PM2.5)
杭州市,滨江,120.2072,30.2111,2024-12-26T0700,111,139,1.2,60,12,11,,145,细颗粒物(PM2.5)
杭州市,西溪,120.0633,30.2747,2024-12-26T0700,122,148,1.1,56,8,12,,160,细颗粒物(PM2.5)
杭州市,下沙,120.3461,30.3153,2024-12-26T0700,114,144,1.3,81,10,2,,149,细颗粒物(PM2.5)
杭州市,卧龙桥,120.1269,30.2456,2024-12-26T0700,105,144,1.2,63,9,9,,138,细颗粒物(PM2.5)
杭州市,浙江农大,120.1903,30.2692,2024-12-26T0700,117,145,1.2,55,12,14,,153,细颗粒物(PM2.5)
杭州市,和睦小学,120.1197,30.3119,2024-12-26T0700,109,144,1.3,70,10,4,,143,细颗粒物(PM2.5)
杭州市,临平镇,120.3019,30.4183,2024-12-26T0700,100,142,1.3,68,10,4,,132,细颗粒物(PM2.5)
杭州市,城厢镇,120.2697,30.1819,2024-12-26T0700,115,158,1.5,59,7,12,,150,细颗粒物(PM2.5)
杭州市,云栖,120.0883,30.1808,2024-12-26T0700,96,133,1.0,53,7,8,,127,细颗粒物(PM2.5)
杭州市,镇二中,119.9464,30.0494,2024-12-26T0700,92,111,1.1,53,6,2,,122,细颗粒物(PM2.5)
杭州市,市府大楼,119.7183,30.2367,2024-12-26T0700,122,161,1.2,78,8,4,,160,细颗粒物(PM2.5)
杭州市,消防大队,120.1556,30.2864,2024-12-26T0700,122,156,1.2,67,11,8,,160,细颗粒物(PM2.5)
合肥市,明珠广场,117.1959,31.7848,2024-12-26T0700,97,119,0.9,60,10,40,,128,细颗粒物(PM2.5)
合肥市,三里街,117.3072,31.8764,2024-12-26T0700,90,122,0.9,100,7,2,,119,细颗粒物(PM2.5)
合肥市,琥珀山庄,117.2588,31.8707,2024-12-26T0700,88,124,1.1,88,6,5,,117,细颗粒物(PM2.5)
合肥市,董铺水库,117.1604,31.9052,2024-12-26T0700,83,127,0.6,71,6,7,,110,细颗粒物(PM2.5)
合肥市,长江中路,117.25,31.8571,2024-12-26T0700,97,122,0.8,93,8,3,,128,细颗粒物(PM2.5)
合肥市,庐阳区,117.266,31.9436,2024-12-26T0700,92,158,1.0,103,7,5,,122,细颗粒物(PM2.5)
合肥市,瑶海区,117.336,31.8586,2024-12-26T0700,104,129,1.2,109,8,5,,137,细颗粒物(PM2.5)
合肥市,包河区,117.3027,31.7964,2024-12-26T0700,95,156,1.1,110,12,3,,125,细颗粒物(PM2.5)
合肥市,滨湖新区,117.2776,31.7385,2024-12-26T0700,85,117,0.8,85,9,1,,113,细颗粒物(PM2.5)
合肥市,高新区,117.1318,31.8403,2024-12-26T0700,97,122,1.1,73,3,39,,128,细颗粒物(PM2.5)
合肥市,高教基地,117.3803,31.9147,2024-12-26T0700,95,113,0.7,78,8,6,,125,细颗粒物(PM2.5)
和田地区,地区环保局,79.924,37.0877,2024-12-26T0700,43,103,0.7,22,21,31,,77,颗粒物(PM10)
和田地区,市环保局,79.9131,37.113,2024-12-26T0700,68,93,1.3,35,15,21,,92,细颗粒物(PM2.5)
河池市,东仁乐园,108.2011,24.715,2024-12-26T0700,53,60,0.6,13,15,66,,73,细颗粒物(PM2.5)
河池市,市环保站,108.0497,24.6947,2024-12-26T0700,48,55,0.6,7,10,62,,67,细颗粒物(PM2.5)
河池市,市疾控中心,108.0983,24.6989,2024-12-26T0700,50,53,0.7,6,13,68,,69,细颗粒物(PM2.5)
河源市,源西,114.6778,23.7569,2024-12-26T0700,56,61,0.8,8,7,48,,77,细颗粒物(PM2.5)
河源市,东埔,114.6944,23.7586,2024-12-26T0700,61,,0.8,25,5,43,,83,细颗粒物(PM2.5)
河源市,老城,114.6892,23.7233,2024-12-26T0700,63,,0.6,19,6,50,,85,细颗粒物(PM2.5)
菏泽市,气象局,115.4208,35.2464,2024-12-26T0700,106,184,0.8,62,7,12,,139,细颗粒物(PM2.5)
菏泽市,市政协,115.4747,35.2375,2024-12-26T0700,119,184,1.1,63,9,12,,156,细颗粒物(PM2.5)
菏泽市,定陶老年大学,115.5564,35.0891,2024-12-26T0700,171,217,1.4,74,13,6,,221,细颗粒物(PM2.5)
菏泽市,菏泽医专,115.4702,35.2706,2024-12-26T0700,99,163,1.1,65,12,12,,130,细颗粒物(PM2.5)
贺州市,环保小区,111.5264,24.4172,2024-12-26T0700,88,,0.9,23,12,60,,117,细颗粒物(PM2.5)
贺州市,政协大楼,111.5608,24.4078,2024-12-26T0700,75,98,0.9,18,11,72,,100,细颗粒物(PM2.5)
贺州市,西湾,111.4744,24.4553,2024-12-26T0700,88,103,0.8,14,10,78,,117,细颗粒物(PM2.5)
鹤壁市,市监测站,114.17,35.9019,2024-12-26T0700,150,195,1.3,76,8,1,,200,细颗粒物(PM2.5)
鹤壁市,市交警支队,114.2956,35.7511,2024-12-26T0700,122,178,1.1,59,7,8,,160,细颗粒物(PM2.5)
鹤壁市,迎宾馆,114.2878,35.7306,2024-12-26T0700,101,176,1.0,52,12,12,,133,细颗粒物(PM2.5)
鹤壁市,大新区,114.2617,35.6822,2024-12-26T0700,131,160,1.4,63,11,12,,173,细颗粒物(PM2.5)
鹤壁市,南山宾馆,114.1572,35.9603,2024-12-26T0700,140,192,1.3,58,6,6,,186,细颗粒物(PM2.5)
鹤岗市,哈啤分公司,130.2537,47.3416,2024-12-26T0700,19,,0.5,2,15,53,,28,
鹤岗市,斯达机电,130.2684,47.3086,2024-12-26T0700,23,,0.4,3,14,53,,33,
鹤岗市,东山纸板厂,130.3114,47.3388,2024-12-26T0700,18,36,0.7,5,15,53,,36,
鹤岗市,五号水库,130.1097,47.3382,2024-12-26T0700,11,22,0.1,7,6,66,,22,
黑河市,交通局,127.4833,50.2524,2024-12-26T0700,13,14,0.5,5,6,66,,21,
黑河市,环保局,127.5144,50.2341,2024-12-26T0700,12,12,0.3,3,4,64,,20,
黑河市,大黑河岛,127.5291,50.2472,2024-12-26T0700,,,,,,,,,
衡水市,电机北厂,115.6838,37.7541,2024-12-26T0700,17,65,0.3,31,3,29,,58,颗粒物(PM10)
衡水市,市监测站,115.6303,37.7316,2024-12-26T0700,14,40,0.3,21,7,47,,40,
衡水市,市城管局,115.6683,37.7217,2024-12-26T0700,18,45,0.3,17,5,43,,45,
衡水市,地表水厂,115.5989,37.5491,2024-12-26T0700,12,50,0.4,41,4,21,,50,
衡阳市,原169医院,112.5003,26.9167,2024-12-26T0700,87,94,0.4,32,20,43,,115,细颗粒物(PM2.5)
衡阳市,衡阳化工总厂,112.6194,26.9258,2024-12-26T0700,96,,0.7,17,9,59,,127,细颗粒物(PM2.5)
衡阳市,珠晖区环保局,112.6211,26.8956,2024-12-26T0700,93,,0.9,26,11,56,,123,细颗粒物(PM2.5)
衡阳市,市委党校,112.6197,26.8733,2024-12-26T0700,93,103,0.8,20,11,62,,123,细颗粒物(PM2.5)
衡阳市,市监测站,112.6006,26.8919,2024-12-26T0700,96,110,0.7,17,10,58,,127,细颗粒物(PM2.5)
衡阳市,真空机电公司,112.5664,26.9056,2024-12-26T0700,90,113,0.8,24,8,55,,119,细颗粒物(PM2.5)
衡阳市,师范学院,112.6703,26.882,2024-12-26T0700,104,114,0.9,21,13,56,,137,细颗粒物(PM2.5)
红河哈尼族彝族自治州,污水处理厂,103.3772,23.3993,2024-12-26T0700,72,,0.8,11,13,56,,97,细颗粒物(PM2.5)
红河哈尼族彝族自治州,监测站,103.3861,23.35,2024-12-26T0700,84,,0.7,9,5,81,,112,细颗粒物(PM2.5)
红河哈尼族彝族自治州,州图书馆,103.3758,23.368,2024-12-26T0700,72,,0.7,8,7,74,,97,细颗粒物(PM2.5)
呼和浩特市,呼市一监,111.6507,40.7517,2024-12-26T0700,30,39,0.5,28,12,20,,43,
呼和浩特市,小召,111.6572,40.8033,2024-12-26T0700,26,44,0.5,29,19,31,,44,
呼和浩特市,如意水处理厂,111.7516,40.8369,2024-12-26T0700,8,17,0.2,25,8,44,,17,
呼和浩特市,二十九中,111.7276,40.8062,2024-12-26T0700,27,31,0.4,38,23,16,,39,
呼和浩特市,工大金川校区,111.5512,40.7866,2024-12-26T0700,26,47,0.6,49,37,14,,47,
呼和浩特市,化肥厂生活区,111.717,40.7612,2024-12-26T0700,34,65,0.7,36,12,12,,58,颗粒物(PM10)
呼和浩特市,红旗小学,111.5968,40.8178,2024-12-26T0700,38,53,0.7,44,13,12,,54,细颗粒物(PM2.5)
呼和浩特市,海东办,111.6518,40.8389,2024-12-26T0700,24,46,0.8,37,36,20,,46,
呼伦贝尔市,区环保局,119.7594,49.2261,2024-12-26T0700,14,21,0.4,11,7,65,,21,
呼伦贝尔市,国华电力东,119.7512,49.1577,2024-12-26T0700,13,18,0.3,5,4,67,,21,
湖州市,城西水厂,120.0751,30.8669,2024-12-26T0700,117,150,1.3,64,12,10,,153,细颗粒物(PM2.5)
湖州市,仁皇山新区,120.0875,30.8955,2024-12-26T0700,102,127,1.0,60,10,21,,134,细颗粒物(PM2.5)
湖州市,吴兴区站,120.1844,30.8596,2024-12-26T0700,101,129,1.2,72,14,13,,133,细颗粒物(PM2.5)
湖州市,南浔区站,120.4148,30.8538,2024-12-26T0700,152,225,1.4,86,16,2,,202,细颗粒物(PM2.5)
葫芦岛市,龙港区,120.9092,40.7136,2024-12-26T0700,15,15,0.4,18,11,58,,22,
葫芦岛市,化工街,120.8392,40.7514,2024-12-26T0700,3,12,0.7,15,29,59,,19,
葫芦岛市,新区,120.8341,40.7073,2024-12-26T0700,9,17,0.7,34,12,40,,17,
葫芦岛市,东城区,120.8695,40.7677,2024-12-26T0700,7,,0.3,25,2,44,,14,
怀化市,林科所,109.5981,27.5721,2024-12-26T0700,46,48,0.8,12,27,81,,64,细颗粒物(PM2.5)
怀化市,河西地税局,109.9453,27.5444,2024-12-26T0700,63,86,0.6,14,20,74,,85,细颗粒物(PM2.5)
怀化市,市四医院,109.9781,27.5342,2024-12-26T0700,74,94,0.6,14,6,74,,99,细颗粒物(PM2.5)
怀化市,监测楼,109.9972,27.5578,2024-12-26T0700,55,75,0.5,13,3,75,,75,细颗粒物(PM2.5)
怀化市,市委党校,110.0394,27.583,2024-12-26T0700,64,84,0.5,12,7,74,,87,细颗粒物(PM2.5)
淮安市,钵池山,119.036,33.5981,2024-12-26T0700,120,161,0.9,63,8,15,,158,细颗粒物(PM2.5)
淮安市,北京南路,119.007,33.575,2024-12-26T0700,79,136,0.7,40,11,30,,105,细颗粒物(PM2.5)
淮安市,市监测站,118.989,33.6067,2024-12-26T0700,97,141,0.8,49,10,26,,128,细颗粒物(PM2.5)
淮安市,楚州区监测站,119.135,33.5039,2024-12-26T0700,88,156,0.9,45,9,25,,117,细颗粒物(PM2.5)
淮安市,淮阴区监测站,119.0186,33.6297,2024-12-26T0700,105,163,1.0,50,11,24,,138,细颗粒物(PM2.5)
淮安市,新华书店,118.8755,33.2894,2024-12-26T0700,148,194,1.3,65,12,21,,198,细颗粒物(PM2.5)
淮北市,监测站,116.8004,33.975,2024-12-26T0700,156,206,1.0,49,10,38,,206,细颗粒物(PM2.5)
淮北市,烈山区政府,116.8091,33.9007,2024-12-26T0700,148,209,0.8,48,4,33,,198,细颗粒物(PM2.5)
淮北市,杜集区检察院,116.8873,33.9836,2024-12-26T0700,147,197,0.3,45,5,31,,196,细颗粒物(PM2.5)
淮北市,市博物馆,116.7923,33.9535,2024-12-26T0700,156,198,1.0,44,10,50,,206,细颗粒物(PM2.5)
淮南市,潘集区政府,116.8305,32.7727,2024-12-26T0700,151,196,1.1,72,10,9,,201,细颗粒物(PM2.5)
淮南市,师范学院,117.0067,32.6524,2024-12-26T0700,136,193,0.8,54,8,25,,180,细颗粒物(PM2.5)
淮南市,谢家集区政府,116.8569,32.5951,2024-12-26T0700,134,185,1.2,29,15,46,,178,细颗粒物(PM2.5)
淮南市,八公山区政府,116.8281,32.633,2024-12-26T0700,120,164,0.9,35,7,54,,158,细颗粒物(PM2.5)
淮南市,焦岗湖风景区管理处,116.6325,32.6201,2024-12-26T0700,113,150,0.8,79,5,6,,148,细颗粒物(PM2.5)
淮南市,经济技术开发区消防队,117.0566,32.6531,2024-12-26T0700,139,187,0.9,47,10,34,,185,细颗粒物(PM2.5)
淮南市,山南新区,117.0108,32.5893,2024-12-26T0700,162,189,0.9,42,16,57,,212,细颗粒物(PM2.5)
黄冈市,职工中心,114.9028,30.4742,2024-12-26T0700,93,130,0.6,98,13,2,,123,细颗粒物(PM2.5)
黄冈市,红卫路,114.8858,30.4519,2024-12-26T0700,98,127,1.7,74,11,3,,129,细颗粒物(PM2.5)
黄冈市,市林业局,114.9136,30.4445,2024-12-26T0700,98,126,1.2,86,17,0,,129,细颗粒物(PM2.5)
黄南藏族自治州,同仁县隆务镇,102.0199,35.5102,2024-12-26T0700,9,31,0.4,2,6,53,,31,
黄山市,延安路89号,118.2903,29.6963,2024-12-26T0700,27,43,0.4,19,7,10,,43,
黄山市,黄山东路89号,118.327,29.7178,2024-12-26T0700,49,59,0.5,15,6,19,,68,细颗粒物(PM2.5)
黄山市,黄山区政府5号楼,118.1371,30.2756,2024-12-26T0700,55,65,0.9,19,7,16,,75,细颗粒物(PM2.5)
黄石市,沈家营,115.0601,30.2313,2024-12-26T0700,92,134,1.1,84,8,5,,122,细颗粒物(PM2.5)
黄石市,陈家湾,115.0817,30.2006,2024-12-26T0700,99,120,1.3,91,12,10,,130,细颗粒物(PM2.5)
黄石市,铁山,114.8988,30.2019,2024-12-26T0700,117,137,2.2,66,18,4,,153,细颗粒物(PM2.5)
黄石市,团城山,115.0307,30.2092,2024-12-26T0700,105,136,1.3,77,26,5,,138,细颗粒物(PM2.5)
黄石市,笔架山北路,115.0235,30.1578,2024-12-26T0700,103,132,1.2,85,14,3,,135,细颗粒物(PM2.5)
惠州市,河南岸金山湖子站,114.4183,23.0528,2024-12-26T0700,38,43,0.8,14,8,55,,54,细颗粒物(PM2.5)
惠州市,下埔横江三路子站,114.4053,23.0822,2024-12-26T0700,36,44,0.6,14,7,63,,52,细颗粒物(PM2.5)
惠州市,江北云山西路子站,114.4103,23.1142,2024-12-26T0700,37,46,0.6,15,8,68,,53,细颗粒物(PM2.5)
惠州市,惠阳区承修路船湖子站,114.4645,22.7833,2024-12-26T0700,25,38,0.5,11,8,42,,38,
惠州市,大亚湾管委会子站,114.5317,22.7422,2024-12-26T0700,28,34,0.8,15,6,41,,40,
惠州市,惠阳秋长,114.4338,22.8134,2024-12-26T0700,27,31,0.7,12,6,48,,39,
惠州市,大亚湾霞涌,114.6517,22.775,2024-12-26T0700,22,,0,9,6,45,,32,
鸡西市,环保局,130.9762,45.3001,2024-12-26T0700,37,46,0.4,1,6,61,,53,细颗粒物(PM2.5)
鸡西市,第一中学,130.9429,45.3039,2024-12-26T0700,25,40,0.2,6,5,60,,40,
鸡西市,欧美日汽修厂,131.0207,45.3073,2024-12-26T0700,37,48,0.2,14,15,57,,53,细颗粒物(PM2.5)
鸡西市,市政设施管理处,130.9967,45.3106,2024-12-26T0700,30,55,0.4,12,6,56,,53,颗粒物(PM10)
吉安市,红声器材厂,114.9754,27.0803,2024-12-26T0700,71,92,0.8,44,17,41,,95,细颗粒物(PM2.5)
吉安市,市森林工业局,114.9658,27.0999,2024-12-26T0700,67,92,0.9,36,19,50,,90,细颗粒物(PM2.5)
吉安市,市环境监测站,114.99,27.1312,2024-12-26T0700,66,88,0.6,38,17,51,,89,细颗粒物(PM2.5)
吉安市,青原区法院,115.0093,27.0968,2024-12-26T0700,68,94,0.9,39,14,48,,92,细颗粒物(PM2.5)
吉林市,哈达湾,126.54,43.8622,2024-12-26T0700,20,42,0.5,21,8,48,,42,
吉林市,东局子,126.5844,43.8358,2024-12-26T0700,21,37,0.6,21,6,48,,37,
吉林市,电力学院,126.5052,43.8245,2024-12-26T0700,22,37,0.6,22,8,43,,37,
吉林市,江北,126.6133,43.8972,2024-12-26T0700,19,35,0.6,22,9,49,,35,
吉林市,江南公园,126.555,43.8306,2024-12-26T0700,20,34,0.5,16,10,52,,34,
吉林市,丰满,126.7061,43.7133,2024-12-26T0700,21,35,0.6,13,11,52,,35,
吉林市,九站,126.4739,43.953,2024-12-26T0700,25,38,0.5,25,5,45,,38,
济南市,科干所,116.9862,36.6114,2024-12-26T0700,20,83,0.5,32,7,44,,67,颗粒物(PM10)
济南市,农科所,116.9376,36.665,2024-12-26T0700,10,88,0.6,32,9,43,,69,颗粒物(PM10)
济南市,开发区,117.1265,36.6734,2024-12-26T0700,22,83,0.6,41,9,35,,67,颗粒物(PM10)
济南市,省种子仓库,117.0624,36.6868,2024-12-26T0700,17,102,0.6,37,7,31,,76,颗粒物(PM10)
济南市,机床二厂,116.9489,36.6447,2024-12-26T0700,44,93,0.8,28,11,42,,72,颗粒物(PM10)
济南市,市监测站,117.0495,36.663,2024-12-26T0700,15,88,0.6,29,8,43,,69,颗粒物(PM10)
济南市,长清党校,116.7675,36.5484,2024-12-26T0700,22,90,0.7,34,8,47,,70,颗粒物(PM10)
济南市,技术学院,117.6795,36.229,2024-12-26T0700,12,58,0.6,33,9,42,,54,颗粒物(PM10)
济南市,东山小学,117.532,36.6868,2024-12-26T0700,12,66,1.1,32,15,36,,58,颗粒物(PM10)
济南市,泰兴公司,117.7161,36.2049,2024-12-26T0700,22,75,0.5,34,11,36,,63,颗粒物(PM10)
济南市,莱芜战役纪念馆,117.6867,36.2171,2024-12-26T0700,17,70,0.6,24,9,46,,60,颗粒物(PM10)
济南市,济阳区政府,117.1673,36.9782,2024-12-26T0700,17,54,1.1,33,8,30,,52,颗粒物(PM10)
济南市,锦屏中学,117.1171,36.63,2024-12-26T0700,20,81,0.4,35,10,43,,66,颗粒物(PM10)
济南市,济南四建,116.9814,36.6819,2024-12-26T0700,15,88,0.6,32,8,37,,69,颗粒物(PM10)
济宁市,火炬城,116.6251,35.4302,2024-12-26T0700,141,173,1.3,71,11,8,,188,细颗粒物(PM2.5)
济宁市,电化厂,116.5491,35.4042,2024-12-26T0700,,,,,,,42,,
济宁市,北湖一中,116.5814,35.3707,2024-12-26T0700,139,174,1.3,76,12,6,,185,细颗粒物(PM2.5)
济宁市,服务中心,116.8249,35.5593,2024-12-26T0700,122,198,1.8,76,18,6,,160,细颗粒物(PM2.5)
济宁市,市第七中学,116.5907,35.4054,2024-12-26T0700,144,186,1.6,70,8,8,,192,细颗粒物(PM2.5)
佳木斯市,佳纺,130.2751,46.8028,2024-12-26T0700,14,14,0.4,5,10,55,,20,
佳木斯市,发电厂,130.3995,46.8307,2024-12-26T0700,9,9,0.4,4,8,56,,18,
佳木斯市,环保局,130.3258,46.7975,2024-12-26T0700,7,13,0.7,10,15,50,,16,
佳木斯市,十一中,130.3648,46.8032,2024-12-26T0700,6,12,0.5,14,14,48,,15,
佳木斯市,四丰,130.3794,46.7588,2024-12-26T0700,6,11,0.3,4,1,56,,18,
嘉兴市,清河小学,120.7436,30.778,2024-12-26T0700,118,144,1.4,75,8,2,,155,细颗粒物(PM2.5)
嘉兴市,嘉兴学院,120.726,30.7478,2024-12-26T0700,108,149,1.3,74,10,3,,142,细颗粒物(PM2.5)
嘉兴市,南湖区残联,120.7846,30.7525,2024-12-26T0700,114,152,1.3,77,10,7,,149,细颗粒物(PM2.5)
嘉兴市,秀洲住建,120.6916,30.7739,2024-12-26T0700,112,153,1.0,70,9,3,,147,细颗粒物(PM2.5)
嘉峪关市,气象局,98.2908,39.7711,2024-12-26T0700,14,19,0.4,8,5,61,,20,
嘉峪关市,酒钢宾馆,98.2672,39.7978,2024-12-26T0700,27,68,0.8,21,22,45,,59,颗粒物(PM10)
嘉峪关市,雄关区,98.2643,39.7724,2024-12-26T0700,24,51,0.6,24,10,42,,51,颗粒物(PM10)
江门市,北街,113.1064,22.6058,2024-12-26T0700,45,55,0.8,51,11,29,,63,细颗粒物(PM2.5)
江门市,西区,113.0731,22.5835,2024-12-26T0700,55,77,0.8,48,15,27,,75,细颗粒物(PM2.5)
江门市,圭峰西,113.0219,22.5311,2024-12-26T0700,45,51,0.6,35,8,42,,63,细颗粒物(PM2.5)
江门市,东湖,113.0828,22.5947,2024-12-26T0700,40,70,0.7,40,13,31,,60,颗粒物(PM10)
江门市,江海富民,113.1075,22.5647,2024-12-26T0700,36,83,0.8,58,15,24,,67,颗粒物(PM10)
江门市,新会银湖,113.05,22.4667,2024-12-26T0700,53,56,0.9,51,11,22,,73,细颗粒物(PM2.5)
焦作市,市环保局,113.227,35.2125,2024-12-26T0700,70,118,1.2,51,9,5,,94,细颗粒物(PM2.5)
焦作市,影视城,113.1992,35.2590,2024-12-26T0700,64,102,1.7,39,16,31,,87,细颗粒物(PM2.5)
焦作市,太极体育中心,113.2725,35.2067,2024-12-26T0700,82,123,1.2,54,14,5,,109,细颗粒物(PM2.5)
焦作市,马村街道办,113.3137,35.2641,2024-12-26T0700,85,129,1.6,53,31,6,,113,细颗粒物(PM2.5)
焦作市,焦作技师学院,113.2465,35.2373,2024-12-26T0700,80,141,2.0,59,19,5,,107,细颗粒物(PM2.5)
焦作市,中站许衡医院,113.1656,35.2539,2024-12-26T0700,71,94,1.3,55,17,16,,95,细颗粒物(PM2.5)
焦作市,原李万街道办,113.2449,35.1803,2024-12-26T0700,85,129,1.4,51,14,18,,113,细颗粒物(PM2.5)
揭阳市,新兴,116.3701,23.5345,2024-12-26T0700,43,,0.8,29,5,4,,60,细颗粒物(PM2.5)
揭阳市,西马,116.3264,23.5443,2024-12-26T0700,49,,0.8,32,7,4,,68,细颗粒物(PM2.5)
揭阳市,东兴,116.3611,23.5626,2024-12-26T0700,51,,1.0,32,7,4,,70,细颗粒物(PM2.5)
揭阳市,渔湖,116.4151,23.5294,2024-12-26T0700,33,,0.7,38,11,3,,48,
揭阳市,曲溪,116.403,23.5699,2024-12-26T0700,27,39,0.9,36,4,6,,39,
金昌市,天庆家园,102.1692,38.5167,2024-12-26T0700,43,,0.9,16,16,48,,60,细颗粒物(PM2.5)
金昌市,市委党校,102.1864,38.5253,2024-12-26T0700,,,,,,,55,,
金昌市,金川区人防中心,102.1647,38.5371,2024-12-26T0700,20,37,0.7,14,8,47,,37,
金华市,十五中,119.647,29.077,2024-12-26T0700,97,137,0.9,63,5,13,,128,细颗粒物(PM2.5)
金华市,监测站,119.686,29.1029,2024-12-26T0700,97,144,0.9,68,5,1,,128,细颗粒物(PM2.5)
金华市,气象局,119.656,29.1131,2024-12-26T0700,92,144,0.9,70,5,1,,122,细颗粒物(PM2.5)
锦州市,南山,121.1115,41.0879,2024-12-26T0700,8,23,0.4,15,6,58,,23,
锦州市,开发区,121.0533,40.8434,2024-12-26T0700,20,27,0.8,49,23,15,,29,
锦州市,百股街道,121.1836,41.1119,2024-12-26T0700,12,19,0.6,14,14,55,,19,
锦州市,天安街道,121.1178,41.1222,2024-12-26T0700,14,24,0.5,21,22,51,,24,
锦州市,北湖公园,121.1303,41.1386,2024-12-26T0700,11,24,0.5,22,23,46,,24,
晋城市,自来水公司,112.85,35.5051,2024-12-26T0700,53,75,1.8,56,24,4,,73,细颗粒物(PM2.5)
晋城市,白云商贸,112.8318,35.4936,2024-12-26T0700,46,83,1.5,58,22,7,,67,颗粒物(PM10)
晋城市,市环保局,112.8508,35.4887,2024-12-26T0700,58,95,1.7,56,26,6,,79,细颗粒物(PM2.5)
晋城市,技术学院,112.8676,35.4897,2024-12-26T0700,53,70,1.8,55,30,5,,73,细颗粒物(PM2.5)
晋城市,白马寺,112.8453,35.546,2024-12-26T0700,34,73,2.6,34,36,27,,62,颗粒物(PM10)
晋城市,泽州一中,112.8271,35.4828,2024-12-26T0700,51,64,1.8,54,18,9,,70,细颗粒物(PM2.5)
晋中市,锦纶小区,112.7532,37.6945,2024-12-26T0700,9,46,0.2,28,5,23,,46,
晋中市,南都小区,112.7249,37.7067,2024-12-26T0700,24,53,0.6,37,4,17,,52,颗粒物(PM10)
晋中市,榆次区政府,112.6991,37.6982,2024-12-26T0700,19,53,0.5,37,3,14,,52,颗粒物(PM10)
晋中市,榆次三中,112.7195,37.6828,2024-12-26T0700,12,51,0.5,40,7,6,,51,颗粒物(PM10)
荆门市,竹园小学,112.2014,31.0481,2024-12-26T0700,90,123,0.8,27,12,32,,119,细颗粒物(PM2.5)
荆门市,掇刀,112.1969,30.9891,2024-12-26T0700,84,120,0.8,29,10,47,,112,细颗粒物(PM2.5)
荆门市,石化一小,112.2213,31.0386,2024-12-26T0700,108,156,0.8,32,11,24,,142,细颗粒物(PM2.5)
荆门市,西山林语,112.1849,31.0362,2024-12-26T0700,83,105,0.6,28,7,36,,110,细颗粒物(PM2.5)
荆门市,龙泉中学南校,112.1632,31.0138,2024-12-26T0700,95,117,0.9,30,10,38,,125,细颗粒物(PM2.5)
荆州市,市图书馆,112.2494,30.3197,2024-12-26T0700,135,,0.8,55,9,15,,179,细颗粒物(PM2.5)
荆州市,市委党校,112.2008,30.3544,2024-12-26T0700,147,160,0.8,54,8,6,,196,细颗粒物(PM2.5)
荆州市,管委会,112.2747,30.3122,2024-12-26T0700,146,,0.9,52,8,16,,195,细颗粒物(PM2.5)
荆州市,学苑路,112.1655,30.3364,2024-12-26T0700,148,179,1.2,54,14,13,,198,细颗粒物(PM2.5)
景德镇市,王港中学,117.3102,29.3867,2024-12-26T0700,,,,,,,,,
景德镇市,老干部活动中心,117.2117,29.2933,2024-12-26T0700,54,59,0.6,26,7,26,,74,细颗粒物(PM2.5)
景德镇市,兽医站,117.1894,29.2789,2024-12-26T0700,43,76,0.6,21,4,31,,63,颗粒物(PM10)
景德镇市,台达陶瓷,117.1547,29.2617,2024-12-26T0700,37,60,0.2,24,4,34,,55,颗粒物(PM10)
景德镇市,陶研所,117.2461,29.2956,2024-12-26T0700,46,49,0.5,30,4,2,,64,细颗粒物(PM2.5)
九江市,十里,115.9872,29.6815,2024-12-26T0700,97,128,1.2,65,16,6,,128,细颗粒物(PM2.5)
九江市,茅山头,115.9584,29.7046,2024-12-26T0700,84,129,1.2,73,11,12,,112,细颗粒物(PM2.5)
九江市,西园,115.9877,29.7295,2024-12-26T0700,94,114,0.7,75,9,14,,124,细颗粒物(PM2.5)
九江市,五七二七厂,116.0172,29.6547,2024-12-26T0700,89,127,1.1,55,8,26,,118,细颗粒物(PM2.5)
九江市,综合工业园,115.9114,29.6038,2024-12-26T0700,117,141,1.2,77,11,6,,153,细颗粒物(PM2.5)
九江市,石化总厂,116.0721,29.7535,2024-12-26T0700,95,122,0.9,61,9,26,,125,细颗粒物(PM2.5)
九江市,庐山气象台,115.9773,29.5698,2024-12-26T0700,59,,0.7,11,9,105,,80,细颗粒物(PM2.5)
九江市,外国语学校,116.0254,29.6994,2024-12-26T0700,100,132,0.9,56,12,13,,132,细颗粒物(PM2.5)
酒泉市,仓门街子站,98.5061,39.7443,2024-12-26T0700,14,24,0.3,5,4,62,,24,
酒泉市,油田生活基地,98.4989,39.7256,2024-12-26T0700,15,24,0.3,5,4,65,,24,
喀什地区,巡警大队,76.0072,39.4467,2024-12-26T0700,50,93,0.7,22,3,45,,72,颗粒物(PM10)
喀什地区,吾办,75.9755,39.4694,2024-12-26T0700,58,90,0.9,24,3,49,,79,细颗粒物(PM2.5)
喀什地区,老干局,75.9483,39.4689,2024-12-26T0700,47,98,0.8,22,2,49,,74,颗粒物(PM10)
开封市,肿瘤医院,114.3389,34.7781,2024-12-26T0700,184,239,1.4,71,6,3,,234,细颗粒物(PM2.5)
开封市,世纪星幼儿园,114.2885,34.7965,2024-12-26T0700,217,219,1.2,68,7,5,,267,细颗粒物(PM2.5)
开封市,龙亭公园,114.3438,34.8106,2024-12-26T0700,213,223,1.1,75,5,7,,263,细颗粒物(PM2.5)
开封市,汴京公园,114.3644,34.7964,2024-12-26T0700,200,222,1.5,72,6,4,,250,细颗粒物(PM2.5)
开封市,技师学院,114.2485,34.8306,2024-12-26T0700,164,207,2.0,79,10,5,,214,细颗粒物(PM2.5)
开封市,祥符区生态环境局,114.4644,34.7556,2024-12-26T0700,207,258,1.4,62,4,7,,257,细颗粒物(PM2.5)
克拉玛依市,长征新村,84.895,45.6094,2024-12-26T0700,31,43,0.5,19,5,46,,45,
克拉玛依市,南林小区,84.8988,45.5893,2024-12-26T0700,32,40,0.9,31,3,20,,46,
克拉玛依市,独山子区,84.905,44.3396,2024-12-26T0700,113,136,0.9,32,4,46,,148,细颗粒物(PM2.5)
克拉玛依市,乌尔禾区商贸楼,85.6979,46.098,2024-12-26T0700,31,43,1.2,53,4,11,,45,
克拉玛依市,白碱滩区新站,85.1045,45.6899,2024-12-26T0700,28,37,1.0,24,6,36,,40,
克孜勒苏柯尔克孜自治州,市人民政府,76.1454,39.7142,2024-12-26T0700,55,87,0.9,12,4,69,,75,细颗粒物(PM2.5)
克孜勒苏柯尔克孜自治州,克州文化中心,76.1658,39.7157,2024-12-26T0700,54,84,0.9,15,7,60,,74,细颗粒物(PM2.5)
昆明市,呈贡新区,102.8204,24.8886,2024-12-26T0700,32,32,0.7,44,9,7,,46,
昆明市,西山森林公园,102.6251,24.9608,2024-12-26T0700,,,,,,,,,
昆明市,龙泉镇,102.7252,25.0902,2024-12-26T0700,24,36,0.7,38,6,2,,36,
昆明市,东风东路,102.7266,25.0375,2024-12-26T0700,29,42,0.9,44,5,0,,42,
昆明市,金鼎山,102.6742,25.0669,2024-12-26T0700,29,35,0.8,40,9,8,,42,
昆明市,碧鸡广场,102.6644,25.0401,2024-12-26T0700,19,33,0.5,38,7,15,,33,
昆明市,官渡区博物馆,102.7494,25.0119,2024-12-26T0700,33,46,1.2,42,8,2,,48,
昆明市,青年创业园,102.8017,24.8336,2024-12-26T0700,24,43,0.7,37,17,2,,43,
昆明市,昆明学院,102.7997,24.9786,2024-12-26T0700,38,62,0.8,42,9,2,,56,颗粒物(PM10)
昆明市,晋宁区生态环境分局,102.5967,24.6736,2024-12-26T0700,41,54,1.1,31,3,17,,58,细颗粒物(PM2.5)
昆明市,云天化总部,102.6678,24.9856,2024-12-26T0700,24,33,0.6,34,6,14,,35,
拉萨市,八廓街,91.1319,29.6514,2024-12-26T0700,8,11,0.6,12,6,78,,25,
拉萨市,市环保局,91.1221,29.6747,2024-12-26T0700,8,19,0.5,26,4,63,,20,
拉萨市,区监测站,91.0874,29.6475,2024-12-26T0700,8,14,0.2,14,5,80,,25,
拉萨市,西藏大学,91.1774,29.6541,2024-12-26T0700,3,15,0.6,6,6,82,,26,
拉萨市,区辐射站,90.9798,29.6588,2024-12-26T0700,3,11,0.5,14,7,73,,23,
拉萨市,拉萨火车站,91.0834,29.6292,2024-12-26T0700,10,15,0.6,37,5,46,,19,
来宾市,来宾技工学校,109.2203,23.7256,2024-12-26T0700,74,84,1.1,21,10,61,,99,细颗粒物(PM2.5)
来宾市,兴宾区政府,109.1781,23.7297,2024-12-26T0700,74,96,0.9,18,10,70,,99,细颗粒物(PM2.5)
来宾市,中南小学,109.2416,23.7461,2024-12-26T0700,82,105,1.1,19,17,57,,109,细颗粒物(PM2.5)
兰州市,兰炼宾馆,103.631,36.1031,2024-12-26T0700,51,86,1.0,53,27,18,,70,细颗粒物(PM2.5)
兰州市,榆中兰大校区,104.1373,35.9454,2024-12-26T0700,,,,,,,,,
兰州市,生物制品所,103.8412,36.0726,2024-12-26T0700,43,73,1.0,65,11,5,,62,颗粒物(PM10)
兰州市,铁路设计院,103.831,36.0464,2024-12-26T0700,53,86,1.7,71,13,4,,73,细颗粒物(PM2.5)
兰州市,教育港,103.7158,36.1058,2024-12-26T0700,44,85,1.0,52,14,14,,68,颗粒物(PM10)
兰州市,百合公园,103.7439,36.0842,2024-12-26T0700,44,81,1.2,47,11,19,,66,颗粒物(PM10)
兰州市,和平,103.9611,35.998,2024-12-26T0700,49,75,0.9,34,15,42,,68,细颗粒物(PM2.5)
兰州新区,新区管委会,103.6633,36.533,2024-12-26T0700,38,68,0.5,20,7,36,,59,颗粒物(PM10)
兰州新区,舟曲中学,103.6975,36.4789,2024-12-26T0700,31,58,0.5,32,8,30,,54,颗粒物(PM10)
廊坊市,药材公司,116.6708,39.5111,2024-12-26T0700,3,14,0.4,22,3,48,,15,
廊坊市,开发区,116.7214,39.5589,2024-12-26T0700,9,14,0.2,14,5,51,,16,
廊坊市,北华航天学院,116.7244,39.5269,2024-12-26T0700,9,33,0.3,12,6,54,,33,
廊坊市,河北工业大学,116.7022,39.5453,2024-12-26T0700,10,26,0.2,19,4,49,,26,
乐山市,花湖湾,103.7723,29.5462,2024-12-26T0700,62,72,0.8,19,5,3,,84,细颗粒物(PM2.5)
乐山市,牛耳桥,103.7627,29.5844,2024-12-26T0700,50,60,0.9,19,5,1,,69,细颗粒物(PM2.5)
乐山市,市第三水厂,103.7508,29.6006,2024-12-26T0700,52,60,1.2,20,3,3,,72,细颗粒物(PM2.5)
乐山市,市监测站,103.7571,29.5664,2024-12-26T0700,56,67,0.9,22,4,3,,77,细颗粒物(PM2.5)
乐山市,理工大学,103.7311,29.5628,2024-12-26T0700,55,59,1.0,20,6,6,,75,细颗粒物(PM2.5)
丽江市,西南郊,100.2143,26.8576,2024-12-26T0700,20,,0.7,2,3,106,,34,
丽江市,丽江古城,100.2497,26.8802,2024-12-26T0700,22,22,0.6,10,8,82,,32,
丽江市,市中心,100.2203,26.8906,2024-12-26T0700,11,15,0.5,10,6,84,,27,
丽水市,监测站大楼,119.914,28.4514,2024-12-26T0700,74,78,0.8,52,4,13,,99,细颗粒物(PM2.5)
丽水市,莲都小学,119.93,28.4586,2024-12-26T0700,81,113,0.6,50,6,17,,108,细颗粒物(PM2.5)
丽水市,余庄前,119.879,28.4231,2024-12-26T0700,49,68,0.6,30,4,3,,68,细颗粒物(PM2.5)
连云港市,市环境监测站,119.176,34.5885,2024-12-26T0700,29,85,0.9,43,23,35,,68,颗粒物(PM10)
连云港市,德源药业,119.3581,34.6972,2024-12-26T0700,24,85,0.5,25,9,51,,68,颗粒物(PM10)
连云港市,新城一中,119.178,34.844,2024-12-26T0700,26,71,0.9,54,15,22,,61,颗粒物(PM10)
连云港市,胡沟管理处,119.3608,34.7519,2024-12-26T0700,17,88,1.1,20,10,51,,69,颗粒物(PM10)
连云港市,矿山设计院,119.1478,34.5911,2024-12-26T0700,22,78,0.5,21,9,53,,64,颗粒物(PM10)
连云港市,工贸学校,119.2413,34.6539,2024-12-26T0700,29,57,0.8,29,16,46,,54,颗粒物(PM10)
连云港市,连云街道,119.4172,34.7341,2024-12-26T0700,26,58,0.5,34,6,41,,54,颗粒物(PM10)
凉山彝族自治州,青龙寺,102.3431,27.8099,2024-12-26T0700,9,26,0.9,9,5,41,,26,
凉山彝族自治州,邛海宾馆,102.2721,27.8415,2024-12-26T0700,12,20,0.8,12,11,52,,20,
凉山彝族自治州,西昌市政府,102.2625,27.898,2024-12-26T0700,22,33,0.9,17,11,39,,33,
凉山彝族自治州,凉山州政府,102.2685,27.8851,2024-12-26T0700,17,28,0.8,12,9,43,,28,
凉山彝族自治州,长安,102.237,27.8914,2024-12-26T0700,17,32,0.8,20,12,42,,32,
辽阳市,宏伟区,123.2,41.1953,2024-12-26T0700,14,36,0.4,15,8,38,,36,
辽阳市,新华园,123.1683,41.2495,2024-12-26T0700,22,34,0.8,39,10,28,,34,
辽阳市,滨河路,123.2354,41.2639,2024-12-26T0700,16,26,0.4,35,4,33,,26,
辽阳市,铁西工业园,123.149,41.2991,2024-12-26T0700,28,42,0.8,41,4,17,,42,
辽源市,环保局,125.1358,42.8845,2024-12-26T0700,7,26,0.4,11,8,47,,26,
辽源市,银鹰制药,125.0764,42.9078,2024-12-26T0700,8,26,0.4,8,6,50,,26,
聊城市,区政府,115.9848,36.4372,2024-12-26T0700,9,69,0.7,26,16,43,,60,颗粒物(PM10)
聊城市,聊大东校,116.0072,36.4343,2024-12-26T0700,20,75,0.6,23,13,44,,63,颗粒物(PM10)
聊城市,监控中心,115.9819,36.4978,2024-12-26T0700,7,51,0.5,29,6,39,,51,颗粒物(PM10)
聊城市,九州社区,116.0445,36.4361,2024-12-26T0700,13,73,0.4,19,13,43,,62,颗粒物(PM10)
聊城市,星美广场,116.0567,36.4608,2024-12-26T0700,16,66,0.7,26,12,38,,58,颗粒物(PM10)
林芝市,林芝监测站,94.3681,29.6376,2024-12-26T0700,6,14,0.1,3,6,62,,20,
林芝市,林芝人民医院,94.3616,29.6616,2024-12-26T0700,6,11,0.3,3,5,58,,19,
临沧市,市环保局,100.0781,23.8982,2024-12-26T0700,,23,0.5,12,5,15,,,
临沧市,市气象局,100.0894,23.8822,2024-12-26T0700,24,29,0.5,14,7,13,,35,
临汾市,临钢医院,111.5531,36.0783,2024-12-26T0700,62,106,1.1,40,4,2,,84,细颗粒物(PM2.5)
临汾市,技工学校,111.5028,36.0714,2024-12-26T0700,96,140,2.0,48,6,2,,127,细颗粒物(PM2.5)
临汾市,市委,111.5018,36.0855,2024-12-26T0700,89,147,1.6,50,6,4,,118,细颗粒物(PM2.5)
临汾市,唐尧大酒店,111.505,36.1014,2024-12-26T0700,117,161,2.0,46,7,4,,153,细颗粒物(PM2.5)
临汾市,城南,111.5036,36.0414,2024-12-26T0700,89,125,1.4,42,3,1,,118,细颗粒物(PM2.5)
临夏回族自治州,环保局,103.2069,35.5993,2024-12-26T0700,89,134,2.1,34,7,10,,118,细颗粒物(PM2.5)
临夏回族自治州,建设大厦,103.2417,35.6057,2024-12-26T0700,79,135,1.6,23,10,22,,105,细颗粒物(PM2.5)
临沂市,沂河小区,118.3429,35.0532,2024-12-26T0700,39,95,0.5,40,12,34,,73,颗粒物(PM10)
临沂市,鲁南制药厂,118.295,35.0583,2024-12-26T0700,39,100,0.7,37,13,32,,75,颗粒物(PM10)
临沂市,新光毛纺厂,118.2794,34.9976,2024-12-26T0700,36,92,0.6,44,12,31,,71,颗粒物(PM10)
临沂市,河东保险公司,118.3956,35.0888,2024-12-26T0700,24,73,0.5,29,7,34,,62,颗粒物(PM10)
临沂市,十里堡居委,118.3564,35.0215,2024-12-26T0700,29,88,0.7,32,10,38,,69,颗粒物(PM10)
临沂市,南坊新区,118.3604,35.1084,2024-12-26T0700,34,83,0.8,48,8,28,,67,颗粒物(PM10)
临沂市,皇山花园小区,118.3920,35.0300,2024-12-26T0700,28,97,0.6,55,7,25,,74,颗粒物(PM10)
柳州市,柳东小学,109.4856,24.3895,2024-12-26T0700,69,80,0.5,20,13,62,,93,细颗粒物(PM2.5)
柳州市,环保监测站,109.4157,24.3277,2024-12-26T0700,67,88,0.9,20,15,58,,90,细颗粒物(PM2.5)
柳州市,河西水厂,109.389,24.341,2024-12-26T0700,60,90,0.7,24,14,52,,82,细颗粒物(PM2.5)
柳州市,市四中,109.4311,24.2921,2024-12-26T0700,69,75,0.9,21,14,58,,93,细颗粒物(PM2.5)
柳州市,市九中,109.4006,24.3631,2024-12-26T0700,72,82,0.6,23,12,55,,97,细颗粒物(PM2.5)
柳州市,古亭山,109.4958,24.3134,2024-12-26T0700,70,80,1.1,21,15,61,,94,细颗粒物(PM2.5)
柳州市,市二中,109.5422,24.3996,2024-12-26T0700,80,84,0.8,22,14,68,,107,细颗粒物(PM2.5)
六安市,监测大楼,116.5079,31.737,2024-12-26T0700,104,119,0.8,61,6,14,,137,细颗粒物(PM2.5)
六安市,皖西学院,116.4738,31.7643,2024-12-26T0700,98,118,0.9,62,4,11,,129,细颗粒物(PM2.5)
六安市,朝阳厂,116.4996,31.7905,2024-12-26T0700,100,116,1.0,62,3,25,,132,细颗粒物(PM2.5)
六安市,开发区,116.5567,31.7886,2024-12-26T0700,100,146,0.9,69,3,10,,132,细颗粒物(PM2.5)
六盘水市,窑上,104.8,26.5892,2024-12-26T0700,,,,,,,,,
六盘水市,黄土坡,104.83,26.5917,2024-12-26T0700,6,10,0.9,9,8,42,,14,
六盘水市,水钢,104.89,26.5939,2024-12-26T0700,8,21,1.0,12,8,38,,21,
六盘水市,民中,104.8475,26.5894,2024-12-26T0700,3,8,0.7,7,8,44,,14,
六盘水市,双水,104.9544,26.5506,2024-12-26T0700,3,12,0.7,6,8,49,,16,
龙岩市,龙岩师专,117.0189,25.1181,2024-12-26T0700,,,,,,,,,
龙岩市,龙岩市监测站,117.0217,25.1033,2024-12-26T0700,40,,0.8,24,5,20,,57,细颗粒物(PM2.5)
龙岩市,闽西职业技术学院,117.0258,25.0661,2024-12-26T0700,38,,0.8,16,2,25,,54,细颗粒物(PM2.5)
龙岩市,龙岩学院,117.0196,25.0306,2024-12-26T0700,45,,0.7,16,8,18,,63,细颗粒物(PM2.5)
陇南市,汉王镇固水子,105.0822,33.3261,2024-12-26T0700,,,,,,,,,
陇南市,滨江中学,104.9339,33.3826,2024-12-26T0700,26,56,0.9,25,7,36,,53,颗粒物(PM10)
陇南市,市总工会,104.955,33.371,2024-12-26T0700,29,52,0.3,28,4,38,,51,颗粒物(PM10)
娄底市,电视发射台,111.9589,27.8901,2024-12-26T0700,76,,0.6,21,7,64,,102,细颗粒物(PM2.5)
娄底市,市监测站,111.9975,27.725,2024-12-26T0700,96,109,0.5,42,13,50,,127,细颗粒物(PM2.5)
娄底市,市委党校,112.0194,27.7314,2024-12-26T0700,89,101,0.6,23,10,72,,118,细颗粒物(PM2.5)
娄底市,涟钢,111.9561,27.7569,2024-12-26T0700,90,121,0.4,25,1,57,,119,细颗粒物(PM2.5)
娄底市,市政府,111.9892,27.7044,2024-12-26T0700,92,106,1.0,30,8,67,,122,细颗粒物(PM2.5)
泸州市,九狮山,105.4324,28.9634,2024-12-26T0700,,,,,,,,,
泸州市,小市上码头,105.4427,28.9063,2024-12-26T0700,65,80,0.7,23,2,14,,88,细颗粒物(PM2.5)
泸州市,兰田宪桥,105.4241,28.8573,2024-12-26T0700,64,68,0.7,16,2,15,,87,细颗粒物(PM2.5)
泸州市,市环监站,105.4379,28.8833,2024-12-26T0700,65,82,0.7,22,4,15,,88,细颗粒物(PM2.5)
泸州市,纳溪区环保局,105.3617,28.7703,2024-12-26T0700,62,71,0.6,25,4,6,,84,细颗粒物(PM2.5)
吕梁市,环保局,111.1406,37.5211,2024-12-26T0700,27,80,0.5,39,3,2,,65,颗粒物(PM10)
吕梁市,自来水公司,111.1297,37.5136,2024-12-26T0700,32,137,0.7,41,12,3,,94,颗粒物(PM10)
吕梁市,马茂庄小学,111.1283,37.51,2024-12-26T0700,30,,0.6,45,6,2,,,
洛阳市,市委党校,112.3931,34.6516,2024-12-26T0700,49,90,0.8,54,8,9,,70,颗粒物(PM10)
洛阳市,豫西宾馆,112.4657,34.6871,2024-12-26T0700,72,115,1.3,56,9,12,,97,细颗粒物(PM2.5)
洛阳市,河南林校,112.494,34.6886,2024-12-26T0700,93,120,1.2,59,4,1,,123,细颗粒物(PM2.5)
洛阳市,开发区管委会,112.3844,34.623,2024-12-26T0700,61,93,0.8,40,6,14,,83,细颗粒物(PM2.5)
洛阳市,市委新办公区,112.4267,34.6258,2024-12-26T0700,66,97,0.6,23,6,36,,89,细颗粒物(PM2.5)
洛阳市,伊滨,112.6005,34.6326,2024-12-26T0700,69,133,1.0,33,5,15,,93,细颗粒物(PM2.5)
洛阳市,中移产业园,112.4951,34.6332,2024-12-26T0700,60,89,0.8,43,5,15,,82,细颗粒物(PM2.5)
洛阳市,吉利监测站,112.5736,34.8993,2024-12-26T0700,76,122,1.1,57,4,5,,102,细颗粒物(PM2.5)
洛阳市,河科大西苑校区,112.3677,34.662,2024-12-26T0700,71,115,1.1,52,13,8,,95,细颗粒物(PM2.5)
洛阳市,英才小学,112.4388,34.6781,2024-12-26T0700,76,120,1.1,59,14,0,,102,细颗粒物(PM2.5)
漯河市,三五一五工厂,114.051,33.5699,2024-12-26T0700,129,181,1.0,68,13,5,,170,细颗粒物(PM2.5)
漯河市,漯河大学,114.0055,33.5698,2024-12-26T0700,127,170,1.1,72,11,4,,168,细颗粒物(PM2.5)
漯河市,市水利局,114.0138,33.5828,2024-12-26T0700,134,190,1.4,70,13,3,,178,细颗粒物(PM2.5)
漯河市,市广电局,114.0261,33.5698,2024-12-26T0700,132,188,1.4,70,13,4,,175,细颗粒物(PM2.5)
漯河市,市图书馆,113.9749,33.5664,2024-12-26T0700,96,151,1.1,72,12,7,,127,细颗粒物(PM2.5)
漯河市,召陵区卫健委,114.0967,33.5906,2024-12-26T0700,104,161,1.2,60,12,4,,137,细颗粒物(PM2.5)
马鞍山市,湖东路四小,118.5092,31.6837,2024-12-26T0700,82,124,0.8,74,6,18,,109,细颗粒物(PM2.5)
马鞍山市,开发区,118.5024,31.6449,2024-12-26T0700,112,132,0.8,68,7,5,,147,细颗粒物(PM2.5)
马鞍山市,慈湖,118.5228,31.7231,2024-12-26T0700,107,133,1.2,81,8,6,,140,细颗粒物(PM2.5)
马鞍山市,濮塘,118.6245,31.7241,2024-12-26T0700,98,102,0.5,32,8,36,,129,细颗粒物(PM2.5)
马鞍山市,雨山,118.4918,31.6809,2024-12-26T0700,98,144,1.1,67,8,21,,129,细颗粒物(PM2.5)
茂名市,电白南海,111.0286,21.4688,2024-12-26T0700,22,36,0.8,14,9,64,,36,
茂名市,茂石化七小,110.9294,21.6533,2024-12-26T0700,41,56,0.7,19,14,48,,58,细颗粒物(PM2.5)
茂名市,健康路,110.9107,21.6687,2024-12-26T0700,34,48,0.7,23,16,48,,49,
茂名市,高岭,110.8592,21.6828,2024-12-26T0700,36,51,0.8,17,22,50,,52,细颗粒物(PM2.5)
茂名市,电白水东,111.01,21.5165,2024-12-26T0700,22,27,0.5,10,10,62,,32,
眉山市,黑龙滩水库,104.0308,30.0478,2024-12-26T0700,21,33,0.8,31,2,4,,33,
眉山市,气象局,103.8416,30.0874,2024-12-26T0700,70,,1.1,18,4,5,,94,细颗粒物(PM2.5)
眉山市,市委党校,103.8578,30.0744,2024-12-26T0700,63,75,0.7,24,4,3,,85,细颗粒物(PM2.5)
眉山市,区人社局,103.8291,30.0564,2024-12-26T0700,70,,1.1,26,6,3,,94,细颗粒物(PM2.5)
梅州市,梅江月梅,116.1231,24.3284,2024-12-26T0700,53,,0.7,32,8,5,,73,细颗粒物(PM2.5)
梅州市,梅县新城,116.0797,24.2719,2024-12-26T0700,47,,0.7,31,4,7,,65,细颗粒物(PM2.5)
梅州市,环境监控中心,116.1248,24.2654,2024-12-26T0700,45,,0.7,36,5,4,,63,细颗粒物(PM2.5)
梅州市,梅龙,116.1233,24.2991,2024-12-26T0700,35,44,0.8,36,5,2,,50,
绵阳市,富乐山,104.7778,31.4741,2024-12-26T0700,60,76,0.9,30,2,0,,82,细颗粒物(PM2.5)
绵阳市,市人大,104.7563,31.4535,2024-12-26T0700,74,102,1.0,30,5,2,,99,细颗粒物(PM2.5)
绵阳市,高新区自来水公司,104.6697,31.4668,2024-12-26T0700,83,112,1.1,26,4,2,,110,细颗粒物(PM2.5)
绵阳市,三水厂,104.7287,31.5075,2024-12-26T0700,78,101,0.9,27,7,3,,104,细颗粒物(PM2.5)
绵阳市,西科大附属小学,104.69,31.5322,2024-12-26T0700,61,89,1.0,27,5,6,,83,细颗粒物(PM2.5)
绵阳市,安州区旅游局,104.5648,31.5343,2024-12-26T0700,70,88,0.8,15,8,5,,94,细颗粒物(PM2.5)
牡丹江市,环保大楼,129.61,44.561,2024-12-26T0700,25,31,0.4,12,7,54,,36,
牡丹江市,文化广场,129.6115,44.5782,2024-12-26T0700,29,42,0.5,13,9,58,,42,
牡丹江市,第一医院,129.5904,44.5963,2024-12-26T0700,35,42,0.5,8,7,60,,50,
牡丹江市,机车工厂,129.6364,44.6075,2024-12-26T0700,24,38,0.4,8,8,61,,38,
牡丹江市,第一中学,129.6386,44.5462,2024-12-26T0700,35,41,0.4,16,7,50,,50,
内江市,市监测站,105.0703,29.61,2024-12-26T0700,100,,1.0,23,10,6,,132,细颗粒物(PM2.5)
内江市,东兴区政府,105.0717,29.5947,2024-12-26T0700,80,,1.1,24,4,7,,107,细颗粒物(PM2.5)
内江市,内江二中,105.0653,29.5817,2024-12-26T0700,96,,1.0,22,8,5,,127,细颗粒物(PM2.5)
内江市,内江日报社,105.0406,29.5822,2024-12-26T0700,86,110,1.0,28,8,5,,114,细颗粒物(PM2.5)
那曲市,那曲监测站,92.0657,31.4846,2024-12-26T0700,3,12,0.6,6,6,54,,17,
那曲市,那曲会议中心,92.0506,31.4797,2024-12-26T0700,28,40,1.0,10,2,40,,40,
南昌市,省外办,115.8931,28.6843,2024-12-26T0700,80,102,0.8,30,9,53,,107,细颗粒物(PM2.5)
南昌市,省林业公司,115.8886,28.7003,2024-12-26T0700,75,92,0.6,36,11,45,,100,细颗粒物(PM2.5)
南昌市,林科所,115.8126,28.7442,2024-12-26T0700,70,92,0.7,25,10,74,,94,细颗粒物(PM2.5)
南昌市,建工学校,115.8518,28.687,2024-12-26T0700,57,97,0.9,25,12,61,,78,细颗粒物(PM2.5)
南昌市,象湖,115.8921,28.6424,2024-12-26T0700,79,79,0.7,34,11,58,,105,细颗粒物(PM2.5)
南昌市,武术学校,115.7423,28.7996,2024-12-26T0700,49,51,0.8,16,3,49,,68,细颗粒物(PM2.5)
南昌市,省站,115.9314,28.6842,2024-12-26T0700,80,99,0.8,40,11,52,,107,细颗粒物(PM2.5)
南昌市,机电学校,115.9084,28.6062,2024-12-26T0700,83,114,0.4,32,14,53,,110,细颗粒物(PM2.5)
南昌市,外国语学校,115.9721,28.7031,2024-12-26T0700,63,110,0.7,35,10,49,,85,细颗粒物(PM2.5)
南充市,西山风景区,106.056,30.8064,2024-12-26T0700,63,73,0.7,15,3,18,,85,细颗粒物(PM2.5)
南充市,南充市委,106.0789,30.8023,2024-12-26T0700,64,76,0.6,18,2,2,,87,细颗粒物(PM2.5)
南充市,南充炼油厂,106.1031,30.8217,2024-12-26T0700,77,82,0.4,20,2,0,,103,细颗粒物(PM2.5)
南充市,高坪区监测站,106.1064,30.7856,2024-12-26T0700,75,99,0.6,24,2,1,,100,细颗粒物(PM2.5)
南充市,嘉陵区环保局,106.0642,30.7636,2024-12-26T0700,68,76,0.7,25,3,2,,92,细颗粒物(PM2.5)
南充市,市环境监测站,106.1087,30.8388,2024-12-26T0700,72,87,0.6,18,4,2,,97,细颗粒物(PM2.5)
南京市,迈皋桥,118.8086,32.1065,2024-12-26T0700,97,129,1.4,83,12,23,,128,细颗粒物(PM2.5)
南京市,草场门,118.7538,32.0551,2024-12-26T0700,95,132,0.8,92,10,10,,125,细颗粒物(PM2.5)
南京市,山西路,118.7794,32.0745,2024-12-26T0700,107,144,0.8,58,4,44,,140,细颗粒物(PM2.5)
南京市,中华门,118.7752,32.0023,2024-12-26T0700,107,122,0.9,87,7,17,,140,细颗粒物(PM2.5)
南京市,瑞金路,118.8109,32.0309,2024-12-26T0700,107,136,1.1,59,14,23,,140,细颗粒物(PM2.5)
南京市,玄武湖,118.7997,32.0754,2024-12-26T0700,104,134,0.6,69,12,19,,137,细颗粒物(PM2.5)
南京市,浦口,118.6414,32.0931,2024-12-26T0700,97,136,0.8,25,10,50,,128,细颗粒物(PM2.5)
南京市,奥体中心,118.7356,31.9996,2024-12-26T0700,90,122,1.0,71,14,36,,119,细颗粒物(PM2.5)
南京市,仙林大学城,118.9125,32.1028,2024-12-26T0700,105,139,0.6,72,,27,,138,细颗粒物(PM2.5)
南京市,江宁彩虹桥,118.8436,31.9198,2024-12-26T0700,83,121,0.9,86,10,6,,110,细颗粒物(PM2.5)
南京市,溧水永阳,119.0138,31.6494,2024-12-26T0700,98,114,1.0,73,4,2,,129,细颗粒物(PM2.5)
南京市,高淳老职中,118.879,31.3302,2024-12-26T0700,106,123,0.6,56,6,17,,139,细颗粒物(PM2.5)
南京市,六合雄州,118.8554,32.3578,2024-12-26T0700,96,155,0.8,39,4,33,,127,细颗粒物(PM2.5)
南宁市,二十一中,108.3103,22.7881,2024-12-26T0700,68,83,1.2,27,11,86,,92,细颗粒物(PM2.5)
南宁市,北湖,108.3141,22.8528,2024-12-26T0700,77,79,1.3,40,12,61,,103,细颗粒物(PM2.5)
南宁市,市监测站,108.3206,22.8225,2024-12-26T0700,69,91,1.4,30,16,76,,93,细颗粒物(PM2.5)
南宁市,大自然花园,108.3829,22.8037,2024-12-26T0700,69,88,0.9,24,11,85,,93,细颗粒物(PM2.5)
南宁市,仙葫,108.4394,22.7904,2024-12-26T0700,80,80,1.0,23,12,74,,107,细颗粒物(PM2.5)
南宁市,区农职院,108.2397,22.8467,2024-12-26T0700,69,110,1.1,35,24,51,,93,细颗粒物(PM2.5)
南宁市,英华嘉园,108.3275,22.735,2024-12-26T0700,69,83,1.2,22,13,82,,93,细颗粒物(PM2.5)
南宁市,沙井镇街道办,108.2257,22.7757,2024-12-26T0700,67,106,1.0,40,16,68,,90,细颗粒物(PM2.5)
南宁市,红星社区,108.4834,22.7618,2024-12-26T0700,81,98,1.3,23,17,79,,108,细颗粒物(PM2.5)
南平市,茫荡山,118.0966,26.6761,2024-12-26T0700,,,,,,,,,
南平市,南平市监测站,118.1681,26.6369,2024-12-26T0700,26,37,0.6,40,4,5,,38,
南平市,南平铝业有限公司,118.1825,26.6489,2024-12-26T0700,32,34,0.8,40,5,7,,46,
南平市,南平七中,118.1756,26.6272,2024-12-26T0700,22,28,0.4,37,3,0,,32,
南通市,狼山街道,120.9098,31.9663,2024-12-26T0700,107,128,1.2,28,9,46,,140,细颗粒物(PM2.5)
南通市,虹桥,120.86,32.0005,2024-12-26T0700,118,138,0.8,44,,25,,155,细颗粒物(PM2.5)
南通市,城中,120.87,32.02,2024-12-26T0700,118,156,1.1,52,12,29,,155,细颗粒物(PM2.5)
南通市,星湖花园,120.94,31.93,2024-12-26T0700,101,130,0.8,38,8,49,,133,细颗粒物(PM2.5)
南通市,紫琅学院,120.81,32.0417,2024-12-26T0700,125,158,1.1,67,6,4,,165,细颗粒物(PM2.5)
南通市,通州监测站,121.067,32.062,2024-12-26T0700,124,149,1.1,63,4,13,,163,细颗粒物(PM2.5)
南通市,环境教育馆,120.9348,31.9883,2024-12-26T0700,109,132,1.0,27,10,65,,143,细颗粒物(PM2.5)
南阳市,瓦房庄,112.5224,33.0122,2024-12-26T0700,99,134,1.0,41,6,7,,130,细颗粒物(PM2.5)
南阳市,汉画馆,112.5003,32.9735,2024-12-26T0700,88,118,0.8,34,5,4,,117,细颗粒物(PM2.5)
南阳市,气象站,112.5573,33.027,2024-12-26T0700,90,147,0.8,39,5,7,,119,细颗粒物(PM2.5)
南阳市,理工学院,112.5481,32.9689,2024-12-26T0700,93,124,0.9,42,6,2,,123,细颗粒物(PM2.5)
南阳市,卧龙区政府,112.5234,32.9922,2024-12-26T0700,95,131,1.0,40,4,3,,125,细颗粒物(PM2.5)
宁波市,区环保大楼,121.8358,29.911,2024-12-26T0700,106,134,1.1,72,22,10,,139,细颗粒物(PM2.5)
宁波市,万里学院,121.56,29.82,2024-12-26T0700,101,141,1.2,73,8,2,,133,细颗粒物(PM2.5)
宁波市,龙赛医院,121.713,29.9572,2024-12-26T0700,99,140,1.7,80,14,2,,130,细颗粒物(PM2.5)
宁波市,钱湖水厂,121.633,29.7733,2024-12-26T0700,88,123,1.0,66,7,1,,117,细颗粒物(PM2.5)
宁波市,太古小学,121.5856,29.8635,2024-12-26T0700,85,134,1.3,74,10,2,,113,细颗粒物(PM2.5)
宁波市,市环境监测中心,121.524,29.8674,2024-12-26T0700,74,119,1.1,68,11,0,,99,细颗粒物(PM2.5)
宁波市,万里国际学校,121.6147,29.9017,2024-12-26T0700,58,133,1.4,70,8,1,,92,颗粒物(PM10)
宁波市,白沙活动中心,121.5594,29.8975,2024-12-26T0700,72,129,1.0,68,9,4,,97,细颗粒物(PM2.5)
宁德市,金涵水库,119.5001,26.6946,2024-12-26T0700,,,,,,,,,
宁德市,宁德市监测站,119.5388,26.6612,2024-12-26T0700,30,34,0.4,31,4,28,,43,
宁德市,宁德一中,119.5231,26.6562,2024-12-26T0700,38,44,0.4,23,6,37,,54,细颗粒物(PM2.5)
怒江傈僳族自治州,州监测站,98.8601,25.8567,2024-12-26T0700,18,33,0.3,10,4,37,,33,
怒江傈僳族自治州,泸水一中,98.8546,25.8417,2024-12-26T0700,15,18,0.5,14,7,21,,22,
攀枝花市,弄弄坪,101.6891,26.571,2024-12-26T0700,49,75,3.7,51,57,4,,68,细颗粒物(PM2.5)
攀枝花市,河门口,101.5769,26.5928,2024-12-26T0700,22,44,1.3,33,9,18,,44,
攀枝花市,炳草岗,101.7169,26.585,2024-12-26T0700,83,108,1.6,47,14,5,,110,细颗粒物(PM2.5)
攀枝花市,仁和,101.7369,26.5008,2024-12-26T0700,32,46,1.4,34,8,10,,46,
攀枝花市,四十中小,101.7227,26.567,2024-12-26T0700,51,86,4.4,51,26,6,,70,细颗粒物(PM2.5)
盘锦市,开发区,122.0303,41.1489,2024-12-26T0700,11,18,0.3,16,6,52,,18,
盘锦市,兴隆台,122.0485,41.0883,2024-12-26T0700,13,26,0.7,51,12,15,,26,
盘锦市,新生街道,121.8297,41.1028,2024-12-26T0700,9,16,0.5,25,13,43,,16,
平顶山市,新华旅馆,113.3257,33.742,2024-12-26T0700,56,126,0.6,37,14,31,,88,颗粒物(PM10)
平顶山市,规划设计院,113.2919,33.737,2024-12-26T0700,60,119,0.8,11,13,51,,85,颗粒物(PM10)
平顶山市,平顶山工学院,113.182,33.774,2024-12-26T0700,61,104,0.9,15,,49,,,
平顶山市,规划局,113.3025,33.73,2024-12-26T0700,65,112,0.6,18,13,46,,88,细颗粒物(PM2.5)
平顶山市,石龙区,112.8867,33.9116,2024-12-26T0700,47,85,0.7,13,6,55,,68,颗粒物(PM10)
平凉市,聚贤嘉苑,106.6692,35.5461,2024-12-26T0700,37,60,0.7,56,16,22,,55,颗粒物(PM10)
平凉市,博物馆,106.7021,35.5307,2024-12-26T0700,,,,,,,38,,
萍乡市,武功山,114.0997,27.5002,2024-12-26T0700,80,88,1.3,22,10,28,,107,细颗粒物(PM2.5)
萍乡市,中医院,113.8385,27.6434,2024-12-26T0700,111,160,1.6,47,22,16,,145,细颗粒物(PM2.5)
萍乡市,市政府车库,113.8493,27.6253,2024-12-26T0700,123,136,1.0,40,23,22,,162,细颗粒物(PM2.5)
萍乡市,市环保局,113.8676,27.6435,2024-12-26T0700,131,155,1.4,46,25,20,,173,细颗粒物(PM2.5)
萍乡市,安源区政府,113.866,27.6198,2024-12-26T0700,116,147,0.9,38,26,25,,152,细颗粒物(PM2.5)
莆田市,荔城区仓后路,119.0141,25.4325,2024-12-26T0700,28,30,0.7,21,2,27,,40,
莆田市,莆田市监测站,119.0015,25.4553,2024-12-26T0700,32,36,0.5,22,3,27,,46,
莆田市,涵江区六中,119.1119,25.4561,2024-12-26T0700,37,,0.6,34,3,20,,53,细颗粒物(PM2.5)
莆田市,秀屿区政府,119.1013,25.3215,2024-12-26T0700,35,,0.4,16,4,48,,50,
莆田市,东圳水库,118.981,25.4792,2024-12-26T0700,,,,,,,,,
濮阳市,环保局,115.0312,35.7636,2024-12-26T0700,30,91,0.7,28,5,32,,71,颗粒物(PM10)
濮阳市,油田运输公司,115.0574,35.7609,2024-12-26T0700,56,96,0.7,32,4,28,,77,细颗粒物(PM2.5)
濮阳市,油田物探公司,115.0866,35.7754,2024-12-26T0700,38,96,0.9,32,5,26,,73,颗粒物(PM10)
濮阳市,濮水河管理处,115,35.7668,2024-12-26T0700,28,96,0.4,30,5,35,,73,颗粒物(PM10)
普洱市,市环保局,100.98,22.7633,2024-12-26T0700,10,35,0.5,6,4,20,,35,
普洱市,普洱第二中学,100.9817,22.8322,2024-12-26T0700,22,30,0.6,16,8,6,,32,
七台河市,新一中,131.0518,45.8751,2024-12-26T0700,20,27,1.6,10,11,63,,29,
七台河市,中波台,131.0577,45.7879,2024-12-26T0700,31,41,0.7,18,12,48,,45,
七台河市,人民广场,131.0176,45.7761,2024-12-26T0700,18,42,0.5,18,8,55,,42,
七台河市,新建矿广场,130.8781,45.8222,2024-12-26T0700,34,,0.3,15,11,54,,49,
齐齐哈尔市,安居小区,123.9305,47.3636,2024-12-26T0700,8,20,0.2,14,7,54,,20,
齐齐哈尔市,中心广场,123.9488,47.3386,2024-12-26T0700,3,10,0.7,9,2,58,,19,
齐齐哈尔市,农牧车辆厂,123.9483,47.3227,2024-12-26T0700,3,9,0.3,8,5,60,,19,
齐齐哈尔市,市环境监测站,123.945,47.2988,2024-12-26T0700,12,23,0.5,19,3,48,,23,
齐齐哈尔市,富区青少年活动中心,123.6333,47.2075,2024-12-26T0700,7,25,0.4,16,22,54,,25,
黔东南苗族侗族自治州,市环境监测站,107.9783,26.5747,2024-12-26T0700,63,74,0.5,14,3,49,,85,细颗粒物(PM2.5)
黔东南苗族侗族自治州,凯里学院,107.8908,26.5311,2024-12-26T0700,64,68,0.6,22,3,39,,87,细颗粒物(PM2.5)
黔南布依族苗族自治州,小围寨,107.5228,26.2403,2024-12-26T0700,36,,0.8,13,3,35,,52,细颗粒物(PM2.5)
黔南布依族苗族自治州,沙坝,107.5175,26.2978,2024-12-26T0700,39,,0.6,16,4,33,,55,细颗粒物(PM2.5)
黔西南布依族苗族自治州,场坝街,104.9022,25.0925,2024-12-26T0700,33,39,0.7,13,4,26,,48,
黔西南布依族苗族自治州,坪东大道,104.8811,25.0992,2024-12-26T0700,26,31,0.7,13,4,25,,38,
钦州市,市环保站,108.6236,21.9667,2024-12-26T0700,70,105,1.1,32,16,64,,94,细颗粒物(PM2.5)
钦州市,沙埠小学,108.6549,21.9481,2024-12-26T0700,75,96,0.7,27,10,77,,100,细颗粒物(PM2.5)
钦州市,港区一小,108.5989,21.7431,2024-12-26T0700,69,95,1.1,34,14,65,,93,细颗粒物(PM2.5)
钦州市,北职校,108.5959,21.9633,2024-12-26T0700,94,122,2.5,38,18,60,,124,细颗粒物(PM2.5)
秦皇岛市,北戴河环保局,119.5134,39.8207,2024-12-26T0700,7,18,0.4,14,2,56,,18,
秦皇岛市,第一关,119.7493,40.0116,2024-12-26T0700,11,20,0.3,31,2,40,,20,
秦皇岛市,监测站,119.5897,39.9499,2024-12-26T0700,3,27,0.3,22,2,44,,27,
秦皇岛市,建设大厦,119.5251,39.9041,2024-12-26T0700,23,35,0.3,32,3,35,,35,
秦皇岛市,文明里,119.610547,39.943889,2024-12-26T0700,15,21,0.3,24,3,49,,22,
青岛市,仰口,120.6659,36.2403,2024-12-26T0700,16,51,0.8,11,,69,,,
青岛市,市南区东部子站,120.4134,36.0658,2024-12-26T0700,14,61,0.6,24,10,45,,56,颗粒物(PM10)
青岛市,四方区子站,120.3664,36.1032,2024-12-26T0700,22,51,0.7,29,10,43,,51,颗粒物(PM10)
青岛市,市南区西部子站,120.2994,36.054,2024-12-26T0700,10,48,0.7,20,10,50,,48,
青岛市,崂山区子站,120.4581,36.0858,2024-12-26T0700,17,53,0.7,28,10,41,,52,颗粒物(PM10)
青岛市,黄岛区子站,120.1983,35.9608,2024-12-26T0700,20,58,0.6,28,9,44,,54,颗粒物(PM10)
青岛市,城阳区子站,120.3999,36.3083,2024-12-26T0700,22,56,0.8,39,8,27,,53,颗粒物(PM10)
青岛市,黄岛区4号,120.0405,35.8735,2024-12-26T0700,14,56,0.5,22,9,48,,53,颗粒物(PM10)
青岛市,即墨2号,120.5014,36.4034,2024-12-26T0700,24,61,0.7,37,9,28,,56,颗粒物(PM10)
青岛市,市北区南部,120.3503,36.0736,2024-12-26T0700,17,78,0.6,36,8,37,,64,颗粒物(PM10)
青岛市,李沧区北部,120.3948,36.1805,2024-12-26T0700,19,68,0.8,44,13,24,,59,颗粒物(PM10)
清远市,环保大楼,113.0426,23.691,2024-12-26T0700,34,48,0.8,16,10,67,,49,
清远市,凤城街办,113.0208,23.7106,2024-12-26T0700,36,50,0.7,18,12,71,,52,细颗粒物(PM2.5)
清远市,技师学院,113.0477,23.6344,2024-12-26T0700,41,62,0.7,25,15,66,,58,细颗粒物(PM2.5)
清远市,清新太和,112.9903,23.7403,2024-12-26T0700,31,50,0.9,22,8,65,,50,
清远市,清城东城,113.076,23.7198,2024-12-26T0700,41,61,1.1,19,17,69,,58,细颗粒物(PM2.5)
庆阳市,庆阳五中,107.6325,35.7357,2024-12-26T0700,49,81,0.9,20,13,53,,68,细颗粒物(PM2.5)
庆阳市,市环保局,107.6364,35.7067,2024-12-26T0700,44,81,0.9,18,8,57,,66,颗粒物(PM10)
曲靖市,环境监测站,103.7897,25.5035,2024-12-26T0700,28,50,0.6,20,10,27,,50,
曲靖市,烟厂办公区,103.8,25.5364,2024-12-26T0700,34,46,0.3,20,4,34,,49,
曲靖市,南苑二区,103.7947,25.462,2024-12-26T0700,35,56,0.7,14,7,37,,53,颗粒物(PM10)
曲靖市,曲靖师范学院,103.7444,25.5261,2024-12-26T0700,30,47,0.5,36,6,27,,47,
衢州市,环保大楼,118.8692,28.9398,2024-12-26T0700,94,124,0.7,60,5,5,,124,细颗粒物(PM2.5)
衢州市,实验学校,118.8709,28.9666,2024-12-26T0700,96,116,0.7,58,6,8,,127,细颗粒物(PM2.5)
衢州市,衢州学院,118.8621,28.9808,2024-12-26T0700,91,119,0.9,59,8,18,,120,细颗粒物(PM2.5)
泉州市,涂山街,118.5819,24.9117,2024-12-26T0700,31,,0.6,30,3,17,,45,
泉州市,津头埔,118.5972,24.8978,2024-12-26T0700,31,,0.6,32,1,17,,45,
泉州市,万安,118.6663,24.9424,2024-12-26T0700,33,,0.6,25,3,29,,48,
泉州市,清源山,118.6117,24.9604,2024-12-26T0700,,,,,,,,,
泉州市,城华南路,118.6333,24.9264,2024-12-26T0700,31,44,0.5,34,2,23,,45,
日喀则市,日喀则监测站,88.8876,29.2718,2024-12-26T0700,3,8,0.3,13,8,58,,19,
日喀则市,林业技术推广中心,88.8781,29.2426,2024-12-26T0700,3,8,0.4,4,6,61,,20,
日照市,监测站,119.471,35.4209,2024-12-26T0700,16,58,0.4,26,7,48,,54,颗粒物(PM10)
日照市,市政府广场,119.523,35.4216,2024-12-26T0700,18,63,0.7,21,6,52,,57,颗粒物(PM10)
日照市,港务局,119.5587,35.4044,2024-12-26T0700,20,68,0.5,22,9,50,,59,颗粒物(PM10)
日照市,职业技术学院,119.5328,35.4625,2024-12-26T0700,19,66,0.5,26,6,49,,58,颗粒物(PM10)
日照市,岚山环保分局,119.3266,35.1044,2024-12-26T0700,20,68,0.9,24,23,58,,59,颗粒物(PM10)
三门峡市,市政府,111.1922,34.7752,2024-12-26T0700,47,66,1.0,52,10,1,,65,细颗粒物(PM2.5)
三门峡市,开发区,111.1587,34.7942,2024-12-26T0700,82,127,1.0,61,4,1,,109,细颗粒物(PM2.5)
三门峡市,风景区,111.143,34.7955,2024-12-26T0700,76,112,1.1,59,9,0,,102,细颗粒物(PM2.5)
三门峡市,三门峡市第一小学,111.1911,34.7829,2024-12-26T0700,40,69,1.0,56,11,1,,60,颗粒物(PM10)
三门峡市,富达温泉假日酒店,111.1,34.7167,2024-12-26T0700,89,158,1.5,66,31,3,,118,细颗粒物(PM2.5)
三明市,三钢,117.6211,26.2625,2024-12-26T0700,40,,1.5,35,8,9,,57,细颗粒物(PM2.5)
三明市,三明二中,117.635,26.2714,2024-12-26T0700,29,40,0.5,27,3,17,,42,
三明市,三元区政府,117.6028,26.2378,2024-12-26T0700,32,32,1.1,35,9,2,,46,
三明市,洋溪,117.7275,26.3108,2024-12-26T0700,,,,,,,,,
三亚市,河东子站,109.5078,18.2489,2024-12-26T0700,3,13,0.5,13,3,60,,19,
三亚市,河西子站,109.4964,18.2681,2024-12-26T0700,3,6,0.4,12,2,59,,19,
三亚市,君悦子站,109.7348,18.3443,2024-12-26T0700,3,11,0.5,9,2,85,,27,
山南市,山南监测站,91.7608,29.2313,2024-12-26T0700,8,23,0.3,8,4,67,,23,
山南市,山南人民医院,91.7706,29.2436,2024-12-26T0700,8,34,0.3,2,2,73,,34,
汕头市,金平子站,116.6794,23.3667,2024-12-26T0700,30,,0.8,28,6,16,,43,
汕头市,龙湖子站,116.7244,23.3633,2024-12-26T0700,24,,0.8,19,3,22,,35,
汕头市,濠江子站,116.7258,23.2775,2024-12-26T0700,46,,0.6,18,5,35,,64,细颗粒物(PM2.5)
汕头市,澄海子站,116.7519,23.4714,2024-12-26T0700,38,,1.0,28,10,8,,54,细颗粒物(PM2.5)
汕头市,潮阳子站,116.6092,23.2539,2024-12-26T0700,21,24,0.5,19,7,23,,30,
汕头市,潮南峡山,116.454,23.2684,2024-12-26T0700,47,66,0.9,33,10,10,,65,细颗粒物(PM2.5)
汕头市,潮南子站,116.4069,23.2533,2024-12-26T0700,61,74,0.9,32,7,7,,83,细颗粒物(PM2.5)
汕尾市,市环保局,115.3653,22.775,2024-12-26T0700,32,,0.7,15,7,31,,46,
汕尾市,市政府,115.3706,22.7898,2024-12-26T0700,31,,0.6,14,7,38,,45,
汕尾市,新城中学,115.3622,22.7925,2024-12-26T0700,27,,0.7,11,7,42,,39,
商洛市,监测站,109.9154,33.8715,2024-12-26T0700,49,91,0.6,30,2,29,,71,颗粒物(PM10)
商洛市,商州区中学,109.9643,33.8471,2024-12-26T0700,50,106,1.0,53,4,8,,78,颗粒物(PM10)
商丘市,环境监测站,115.6702,34.4285,2024-12-26T0700,180,197,1.3,72,11,13,,230,细颗粒物(PM2.5)
商丘市,粮食局,115.6458,34.4045,2024-12-26T0700,176,204,1.5,62,6,15,,226,细颗粒物(PM2.5)
商丘市,睢阳区环保局,115.6293,34.3948,2024-12-26T0700,191,203,1.3,64,9,19,,241,细颗粒物(PM2.5)
商丘市,梁园区档案局,115.6071,34.4465,2024-12-26T0700,193,195,1.3,74,10,9,,243,细颗粒物(PM2.5)
上海市,普陀,121.4,31.238,2024-12-26T0700,112,144,1.2,84,12,8,,147,细颗粒物(PM2.5)
上海市,十五厂,121.478,31.2036,2024-12-26T0700,106,126,1.2,75,12,18,,139,细颗粒物(PM2.5)
上海市,虹口,121.467,31.3008,2024-12-26T0700,109,127,1.1,88,9,6,,143,细颗粒物(PM2.5)
上海市,徐汇上师大,121.412,31.1654,2024-12-26T0700,112,137,1.1,74,10,3,,147,细颗粒物(PM2.5)
上海市,杨浦四漂,121.536,31.2659,2024-12-26T0700,100,134,1.4,86,10,12,,132,细颗粒物(PM2.5)
上海市,静安监测站,121.425,31.2261,2024-12-26T0700,103,140,1.2,80,11,10,,135,细颗粒物(PM2.5)
上海市,浦东川沙,121.703,31.1907,2024-12-26T0700,88,139,0.9,61,8,28,,117,细颗粒物(PM2.5)
上海市,浦东新区监测站,121.533,31.2284,2024-12-26T0700,103,130,1.2,81,10,15,,135,细颗粒物(PM2.5)
上海市,浦东张江,121.577,31.2071,2024-12-26T0700,90,122,0.7,68,7,32,,119,细颗粒物(PM2.5)
上海市,宝山庙行,121.4316,31.3322,2024-12-26T0700,104,141,1.2,69,9,12,,137,细颗粒物(PM2.5)
上海市,崇明上实东滩,121.8791,31.4662,2024-12-26T0700,111,136,1.2,53,9,8,,145,细颗粒物(PM2.5)
上海市,嘉定南翔,121.3162,31.2838,2024-12-26T0700,110,148,1.4,77,9,0,,144,细颗粒物(PM2.5)
上海市,金山新城,121.3359,30.7456,2024-12-26T0700,112,134,1.1,78,11,2,,147,细颗粒物(PM2.5)
上海市,闵行浦江,121.4996,31.0739,2024-12-26T0700,99,131,0.8,63,9,27,,130,细颗粒物(PM2.5)
上海市,青浦徐泾,121.2886,31.1663,2024-12-26T0700,117,147,1.1,84,12,0,,153,细颗粒物(PM2.5)
上海市,松江图书馆,121.2186,31.0378,2024-12-26T0700,119,152,1.4,83,11,1,,156,细颗粒物(PM2.5)
上海市,长宁仙霞,121.3902,31.2059,2024-12-26T0700,108,137,1.3,85,11,6,,142,细颗粒物(PM2.5)
上海市,浦东惠南,121.7965,31.0507,2024-12-26T0700,98,123,0.8,68,10,17,,129,细颗粒物(PM2.5)
上海市,奉贤南桥新城,121.4891,30.925,2024-12-26T0700,120,136,1.1,90,10,2,,158,细颗粒物(PM2.5)
上饶市,百草园,118.005,28.4572,2024-12-26T0700,58,95,0.5,45,23,5,,79,细颗粒物(PM2.5)
上饶市,市监测站,117.9756,28.4436,2024-12-26T0700,52,91,1.0,41,21,4,,72,细颗粒物(PM2.5)
上饶市,凤凰光学,117.9519,28.4628,2024-12-26T0700,50,84,1.4,48,14,4,,69,细颗粒物(PM2.5)
上饶市,广丰区教体局,118.1953,28.4401,2024-12-26T0700,74,124,0.9,61,12,8,,99,细颗粒物(PM2.5)
上饶市,双创科技城,117.897,28.4315,2024-12-26T0700,59,86,1.0,50,14,7,,80,细颗粒物(PM2.5)
韶关市,市八中,113.5824,24.7733,2024-12-26T0700,63,94,0.7,18,14,69,,85,细颗粒物(PM2.5)
韶关市,园林处,113.5917,24.7972,2024-12-26T0700,68,73,0.5,17,14,77,,92,细颗粒物(PM2.5)
韶关市,韶关学院,113.6735,24.7791,2024-12-26T0700,62,73,0.8,40,10,25,,84,细颗粒物(PM2.5)
韶关市,曲江监测站,113.5971,24.6863,2024-12-26T0700,60,82,0.7,50,13,6,,82,细颗粒物(PM2.5)
韶关市,碧湖山庄,113.5556,24.8082,2024-12-26T0700,71,94,0.8,16,20,63,,95,细颗粒物(PM2.5)
邵阳市,市水土所,111.5239,27.3033,2024-12-26T0700,,,,,,,,,
邵阳市,市一中,111.4733,27.2317,2024-12-26T0700,93,,0.7,17,12,71,,123,细颗粒物(PM2.5)
邵阳市,市化工厂,111.5283,27.2442,2024-12-26T0700,101,122,0.6,17,12,64,,133,细颗粒物(PM2.5)
邵阳市,市罐头厂,111.4503,27.2537,2024-12-26T0700,99,,0.8,16,15,74,,130,细颗粒物(PM2.5)
邵阳市,市环保局,111.4328,27.2272,2024-12-26T0700,92,,1.1,17,14,67,,122,细颗粒物(PM2.5)
绍兴市,城东开发委,120.6053,29.9928,2024-12-26T0700,86,105,1.1,38,6,2,,114,细颗粒物(PM2.5)
绍兴市,树下王站,120.5483,30.0003,2024-12-26T0700,97,127,1.0,46,6,5,,128,细颗粒物(PM2.5)
绍兴市,绍兴中专,120.5683,29.9361,2024-12-26T0700,91,114,1.1,46,7,4,,120,细颗粒物(PM2.5)
绍兴市,柯桥区政府,120.4906,30.0861,2024-12-26T0700,107,155,1.2,62,10,7,,140,细颗粒物(PM2.5)
绍兴市,重华小学,120.8752,30.0249,2024-12-26T0700,90,111,1.0,40,8,1,,119,细颗粒物(PM2.5)
绍兴市,上虞中学,120.8369,30.0137,2024-12-26T0700,90,113,1.1,37,29,1,,119,细颗粒物(PM2.5)
绍兴市,柯桥妇保,120.4722,30.0415,2024-12-26T0700,96,128,1.1,44,6,6,,127,细颗粒物(PM2.5)
绍兴市,袍江中学,120.6153,30.0764,2024-12-26T0700,109,131,1.3,71,6,2,,143,细颗粒物(PM2.5)
深圳市,通心岭子站,114.1063,22.5545,2024-12-26T0700,26,38,0.6,24,6,28,,38,
深圳市,洪湖,114.117,22.5625,2024-12-26T0700,30,34,0.5,34,5,23,,43,
深圳市,华侨城,113.987,22.5417,2024-12-26T0700,28,45,0.8,32,5,17,,45,
深圳市,南海子站,113.9181,22.5171,2024-12-26T0700,34,60,0.7,41,5,18,,55,颗粒物(PM10)
深圳市,盐田,114.2458,22.5689,2024-12-26T0700,28,42,0.7,32,6,7,,42,
深圳市,龙岗,114.2283,22.7244,2024-12-26T0700,24,32,0.7,20,7,40,,35,
深圳市,南澳,114.494,22.5422,2024-12-26T0700,22,27,0.5,17,8,40,,32,
深圳市,葵涌,114.41,22.6342,2024-12-26T0700,27,32,0.7,12,5,44,,39,
深圳市,梅沙,114.297,22.5978,2024-12-26T0700,18,24,0.6,9,7,56,,26,
深圳市,观澜,114.0678,22.738,2024-12-26T0700,24,42,0.8,30,4,24,,42,
深圳市,莲花,114.0731,22.559,2024-12-26T0700,32,39,0.6,18,5,25,,46,
深圳市,民治,114.0261,22.6198,2024-12-26T0700,41,59,0.8,40,6,16,,58,细颗粒物(PM2.5)
深圳市,横岗,114.1871,22.6451,2024-12-26T0700,30,41,0.2,26,6,29,,43,
深圳市,坪山,114.3551,22.7151,2024-12-26T0700,26,36,0.6,25,4,36,,38,
深圳市,西乡,113.8953,22.5861,2024-12-26T0700,3,33,0.5,28,6,34,,33,
沈阳市,森林路,123.6836,41.9339,2024-12-26T0700,,,,,,,,,
沈阳市,浑南东路,123.505,41.7406,2024-12-26T0700,16,63,0.5,25,11,49,,57,颗粒物(PM10)
沈阳市,新秀街,123.4231,41.6989,2024-12-26T0700,16,63,0.6,50,12,16,,57,颗粒物(PM10)
沈阳市,东陵路,123.5903,41.8411,2024-12-26T0700,17,53,0.5,24,10,38,,52,颗粒物(PM10)
沈阳市,陵东街,123.4264,41.8467,2024-12-26T0700,8,49,0.5,16,8,49,,49,
沈阳市,文化路,123.4114,41.7653,2024-12-26T0700,3,40,0.7,27,16,35,,40,
沈阳市,小河沿,123.4678,41.7867,2024-12-26T0700,9,49,0.6,31,15,39,,49,
沈阳市,太原街,123.4017,41.7972,2024-12-26T0700,12,45,0.7,36,18,40,,45,
沈阳市,京沈街,123.3783,41.9228,2024-12-26T0700,18,52,0.6,30,12,36,,51,颗粒物(PM10)
沈阳市,沈辽西路,123.2444,41.7347,2024-12-26T0700,11,52,0.6,29,11,38,,51,颗粒物(PM10)
沈阳市,裕农路,123.5953,41.9086,2024-12-26T0700,12,50,0.5,36,8,29,,50,
十堰市,武当山,111.0419,32.395,2024-12-26T0700,23,27,0.7,8,10,96,,33,
十堰市,滨河新村,110.78,32.6494,2024-12-26T0700,47,58,0.8,32,8,5,,65,细颗粒物(PM2.5)
十堰市,刘家沟,110.7258,32.6389,2024-12-26T0700,40,49,0.7,15,9,18,,57,细颗粒物(PM2.5)
十堰市,铁二处,110.8839,32.5714,2024-12-26T0700,23,46,0.9,32,10,5,,46,
十堰市,郧阳区金沙路,110.8054,32.8401,2024-12-26T0700,46,,0.6,9,3,46,,64,细颗粒物(PM2.5)
石河子市,艾青诗歌馆,86.0497,44.2967,2024-12-26T0700,125,166,1.3,39,11,41,,165,细颗粒物(PM2.5)
石河子市,南区管委会,86.047,44.2331,2024-12-26T0700,129,155,1.3,20,8,46,,170,细颗粒物(PM2.5)
石河子市,世纪广场,86.0791,44.3017,2024-12-26T0700,130,178,1.2,36,9,35,,172,细颗粒物(PM2.5)
石家庄市,职工医院,114.4422,38.0444,2024-12-26T0700,53,91,0.2,29,4,22,,73,细颗粒物(PM2.5)
石家庄市,高新区,114.6063,38.0266,2024-12-26T0700,33,85,0.7,30,7,28,,68,颗粒物(PM10)
石家庄市,西北水源,114.4898,38.1328,2024-12-26T0700,22,86,0.7,22,3,26,,68,颗粒物(PM10)
石家庄市,西南高教,114.4586,38.0058,2024-12-26T0700,39,83,0.1,36,4,22,,67,颗粒物(PM10)
石家庄市,世纪公园,114.5331,38.0178,2024-12-26T0700,57,124,0.7,46,4,13,,87,颗粒物(PM10)
石家庄市,人民会堂,114.509,38.0457,2024-12-26T0700,44,117,0.7,40,2,18,,84,颗粒物(PM10)
石家庄市,封龙山,114.3524,37.8911,2024-12-26T0700,44,143,1.1,39,12,29,,97,颗粒物(PM10)
石家庄市,22中南校区,114.5481,38.0378,2024-12-26T0700,47,116,0.7,43,5,16,,83,颗粒物(PM10)
石家庄市,鹿泉一中,114.289,38.0906,2024-12-26T0700,53,119,0.7,55,5,14,,85,颗粒物(PM10)
石家庄市,藁城区实验学校,114.8506765,38.0322033,2024-12-26T0700,18,66,,24,1,34,,,
石家庄市,井陉矿区区委大楼,114.0504658,38.0591645,2024-12-26T0700,23,75,0.7,48,14,4,,63,颗粒物(PM10)
石家庄市,栾城区星河路,114.6549,37.9020,2024-12-26T0700,38,85,0.3,28,5,25,,68,颗粒物(PM10)
石嘴山市,沙湖旅游区,106.3394,38.817,2024-12-26T0700,,,,,,,,,
石嘴山市,大武口朝阳西街,106.3668,39.0145,2024-12-26T0700,23,52,1.5,34,22,13,,51,颗粒物(PM10)
石嘴山市,惠农南大街,106.7704,39.2282,2024-12-26T0700,10,27,0.3,24,6,24,,27,
石嘴山市,红果子镇惠新街,106.7099,39.1325,2024-12-26T0700,20,24,0.5,28,5,15,,29,
石嘴山市,妇女儿童医院,106.3495,38.9836,2024-12-26T0700,16,35,1.7,44,14,10,,35,
石嘴山市,石大公路,106.7492,39.2069,2024-12-26T0700,16,30,0.4,31,5,20,,30,
双鸭山市,双合村,131.1511,46.6937,2024-12-26T0700,8,14,0.7,9,11,57,,18,
双鸭山市,南小市,131.1652,46.6191,2024-12-26T0700,3,,0.5,7,10,56,,18,
双鸭山市,环保局,131.1524,46.6554,2024-12-26T0700,27,31,0.2,9,11,55,,39,
双鸭山市,苗圃,131.12,46.5656,2024-12-26T0700,25,,0.1,7,6,80,,36,
朔州市,平朔,112.4397,39.3522,2024-12-26T0700,22,152,0.8,51,55,3,,101,颗粒物(PM10)
朔州市,朔唯,112.4575,39.3617,2024-12-26T0700,19,99,0.8,57,77,9,,75,颗粒物(PM10)
朔州市,区政府,112.4258,39.3197,2024-12-26T0700,18,104,0.8,54,47,6,,77,颗粒物(PM10)
朔州市,市环保局,112.4072,39.3278,2024-12-26T0700,23,88,0.5,38,29,14,,69,颗粒物(PM10)
朔州市,市二中,112.4272,39.3681,2024-12-26T0700,30,148,0.8,48,49,2,,99,颗粒物(PM10)
朔州市,一水厂,112.2931,39.53,2024-12-26T0700,18,42,0.6,39,10,14,,42,
四平市,一商场,124.4002,43.1713,2024-12-26T0700,15,35,0.2,20,5,46,,35,
四平市,境园,124.388,43.193,2024-12-26T0700,8,38,0.2,13,9,54,,38,
四平市,植物园,124.4036,43.1411,2024-12-26T0700,3,31,0.4,29,5,26,,31,
四平市,世纪城,124.3419,43.1666,2024-12-26T0700,21,48,0.3,20,5,43,,48,
松原市,江南,124.8006,45.1214,2024-12-26T0700,32,44,0.9,27,4,32,,46,
松原市,江北,124.7965,45.1722,2024-12-26T0700,24,25,0.5,17,3,37,,35,
苏州市,上方山,120.561,31.2472,2024-12-26T0700,103,120,1.3,62,7,5,,135,细颗粒物(PM2.5)
苏州市,彩香,120.591,31.3019,2024-12-26T0700,125,171,1.9,67,12,1,,165,细颗粒物(PM2.5)
苏州市,轧钢厂,120.596,31.3264,2024-12-26T0700,121,155,1.6,77,8,1,,159,细颗粒物(PM2.5)
苏州市,吴中区,120.613,31.2703,2024-12-26T0700,115,165,1.5,83,12,2,,150,细颗粒物(PM2.5)
苏州市,苏州新区,120.543,31.2994,2024-12-26T0700,124,155,1.5,81,12,3,,163,细颗粒物(PM2.5)
苏州市,苏州工业园区,120.669,31.3097,2024-12-26T0700,132,170,1.5,76,11,0,,175,细颗粒物(PM2.5)
苏州市,相城区,120.641,31.3708,2024-12-26T0700,125,170,1.4,88,12,0,,165,细颗粒物(PM2.5)
苏州市,方洲路,120.743,31.3188,2024-12-26T0700,119,159,1.2,83,9,2,,156,细颗粒物(PM2.5)
苏州市,木渎中学,120.5031,31.2774,2024-12-26T0700,121,154,1.6,78,13,3,,159,细颗粒物(PM2.5)
苏州市,越秀幼儿园,120.624,31.1733,2024-12-26T0700,114,133,1.3,71,12,4,,149,细颗粒物(PM2.5)
苏州市,高铁新城,120.6505,31.416,2024-12-26T0700,134,178,1.5,86,12,1,,178,细颗粒物(PM2.5)
宿迁市,宿迁学院,118.293,33.9528,2024-12-26T0700,130,167,1.1,54,9,14,,172,细颗粒物(PM2.5)
宿迁市,宿迁中学,118.2442,33.9592,2024-12-26T0700,140,174,0.9,54,9,16,,186,细颗粒物(PM2.5)
宿迁市,市供电局,118.283,33.965,2024-12-26T0700,147,192,1.2,62,10,16,,196,细颗粒物(PM2.5)
宿迁市,宿豫区政府,118.3225,33.9447,2024-12-26T0700,140,158,1.1,58,3,13,,186,细颗粒物(PM2.5)
宿州市,远航博物馆,116.9509,33.666,2024-12-26T0700,141,172,1.0,48,6,46,,188,细颗粒物(PM2.5)
宿州市,社会福利中心,116.9708,33.591,2024-12-26T0700,139,182,0.9,78,10,21,,185,细颗粒物(PM2.5)
宿州市,宿州学院,116.9884,33.6305,2024-12-26T0700,152,187,0.9,37,10,54,,202,细颗粒物(PM2.5)
宿州市,皖北煤电集团,116.9648,33.6252,2024-12-26T0700,138,168,0.8,31,8,65,,183,细颗粒物(PM2.5)
绥化市,人和东街,126.9785,46.6365,2024-12-26T0700,17,22,0.6,18,10,47,,25,
绥化市,党政办公中心,126.964,46.6528,2024-12-26T0700,12,21,0.3,20,9,41,,21,
随州市,市委党校,113.3583,31.7275,2024-12-26T0700,94,109,0.9,39,8,18,,124,细颗粒物(PM2.5)
随州市,市林业局,113.3833,31.6908,2024-12-26T0700,101,109,0.8,44,14,15,,133,细颗粒物(PM2.5)
随州市,市立交桥水厂,113.3983,31.7308,2024-12-26T0700,90,103,1.0,53,11,7,,119,细颗粒物(PM2.5)
遂宁市,石溪浩,105.5453,30.5678,2024-12-26T0700,70,110,0.9,22,3,3,,94,细颗粒物(PM2.5)
遂宁市,市监测站,105.5582,30.5232,2024-12-26T0700,74,90,0.6,19,6,3,,99,细颗粒物(PM2.5)
遂宁市,行政中心,105.5861,30.5366,2024-12-26T0700,58,79,0.4,20,7,4,,79,细颗粒物(PM2.5)
遂宁市,美宁食品公司,105.5918,30.4728,2024-12-26T0700,71,97,0.7,24,7,7,,95,细颗粒物(PM2.5)
塔城地区,东门外小游园,82.9994,46.7432,2024-12-26T0700,10,33,0.0,10,2,52,,33,
台州市,黄岩环保大楼,121.273,28.6459,2024-12-26T0700,82,100,0.6,33,7,41,,109,细颗粒物(PM2.5)
台州市,台州环保大楼,121.419,28.6542,2024-12-26T0700,75,87,0.7,29,4,40,,100,细颗粒物(PM2.5)
台州市,路桥田洋王,121.377,28.5773,2024-12-26T0700,77,97,0.5,33,4,37,,103,细颗粒物(PM2.5)
台州市,台州科技职业学院,121.2568,28.6681,2024-12-26T0700,74,118,0.5,24,6,51,,99,细颗粒物(PM2.5)
太原市,尖草坪,112.522,37.8873,2024-12-26T0700,16,57,0.4,41,10,23,,54,颗粒物(PM10)
太原市,上兰,112.434,38.0108,2024-12-26T0700,12,33,0.4,13,19,41,,33,
太原市,晋源,112.469,37.7124,2024-12-26T0700,14,46,0.5,33,9,32,,46,
太原市,小店,112.5583,37.7394,2024-12-26T0700,21,47,0.7,38,13,36,,47,
太原市,桃园,112.5369,37.8692,2024-12-26T0700,19,61,0.7,55,12,15,,56,颗粒物(PM10)
太原市,坞城,112.57,37.8195,2024-12-26T0700,19,46,0.4,31,14,41,,46,
太原市,南寨,112.549,37.9854,2024-12-26T0700,17,52,0.3,51,7,5,,51,颗粒物(PM10)
太原市,金胜,112.4719,37.7831,2024-12-26T0700,27,96,0.6,31,10,28,,73,颗粒物(PM10)
太原市,育英中学,112.5608,37.8807,2024-12-26T0700,16,48,0.5,37,14,32,,48,
泰安市,监测站,117.1437,36.1937,2024-12-26T0700,32,88,0.8,33,6,37,,69,颗粒物(PM10)
泰安市,人口学校,117.0885,36.2017,2024-12-26T0700,43,80,0.5,37,6,31,,65,颗粒物(PM10)
泰安市,电力学校,117.1089,36.1758,2024-12-26T0700,39,75,0.8,40,5,31,,63,颗粒物(PM10)
泰安市,国网新校,117.1812,36.2275,2024-12-26T0700,19,63,0.4,22,4,57,,57,颗粒物(PM10)
泰安市,交通技校,117.0313,36.2018,2024-12-26T0700,44,71,0.5,54,3,21,,62,细颗粒物(PM2.5)
泰安市,山东第一医科大学,117.0829,36.13,2024-12-26T0700,27,88,0.9,36,6,34,,69,颗粒物(PM10)
泰州市,公园路,119.905,32.4878,2024-12-26T0700,105,132,1.1,72,10,10,,138,细颗粒物(PM2.5)
泰州市,莲花,119.9189,32.4625,2024-12-26T0700,110,142,1.4,68,7,15,,144,细颗粒物(PM2.5)
泰州市,留学生创业园,119.888,32.4639,2024-12-26T0700,120,148,1.0,76,8,2,,158,细颗粒物(PM2.5)
泰州市,王营,119.8767,32.3289,2024-12-26T0700,112,136,1.0,83,13,1,,147,细颗粒物(PM2.5)
泰州市,姜堰区政府广场,120.1259,32.5099,2024-12-26T0700,118,146,1.0,89,8,5,,155,细颗粒物(PM2.5)
泰州市,周山河街区,119.9192,32.4322,2024-12-26T0700,119,139,1.2,62,8,21,,156,细颗粒物(PM2.5)
唐山市,雷达站,118.131,39.6363,2024-12-26T0700,13,35,0.3,41,3,29,,35,
唐山市,物资局,118.1725,39.6334,2024-12-26T0700,8,20,0.3,21,6,52,,20,
唐山市,十二中,118.1705,39.6506,2024-12-26T0700,9,22,0.3,19,1,51,,22,
唐山市,小山,118.1869,39.622,2024-12-26T0700,10,22,0.2,25,4,45,,22,
唐山市,冀东油田职工医院,118.4359,39.2762,2024-12-26T0700,15,29,0.4,27,6,34,,29,
唐山市,正泰大街热力站,118.09279,39.58089,2024-12-26T0700,10,43,0.3,41,5,26,,43,
唐山市,丰润区政府,118.1562,39.8322,2024-12-26T0700,19,19,0.4,18,3,54,,28,
唐山市,金山小学,118.43673,39.73809,2024-12-26T0700,12,22,0.6,12,6,63,,22,
唐山市,政府服务中心,118.24498,39.66941,2024-12-26T0700,3,15,0.4,26,5,42,,15,
唐山市,消防缸窑路中队,118.2059,39.6585,2024-12-26T0700,6,24,0.4,25,5,44,,24,
唐山市,路南电大,118.1436,39.6202,2024-12-26T0700,17,28,0.3,19,4,48,,28,
天津市,勤俭道,117.1444,39.1661,2024-12-26T0700,6,19,0.3,20,4,48,,19,
天津市,大直沽八号路,117.237,39.1082,2024-12-26T0700,3,17,0.1,15,2,50,,17,
天津市,前进道,117.202,39.0927,2024-12-26T0700,8,19,0.2,15,4,55,,19,
天津市,淮河道,117.1837,39.2133,2024-12-26T0700,8,25,0.2,27,2,39,,25,
天津市,跃进路,117.307,39.0877,2024-12-26T0700,3,20,0.3,11,3,60,,20,
天津市,第四大街,117.707,39.0343,2024-12-26T0700,7,23,0.3,25,5,40,,23,
天津市,永明路,117.457,38.8394,2024-12-26T0700,7,19,0.2,15,4,51,,19,
天津市,汉北路,117.764,39.1587,2024-12-26T0700,3,22,0.3,29,3,32,,22,
天津市,团泊洼,117.157,38.9194,2024-12-26T0700,,,,,,,,,
天津市,河西一经路,117.7918,39.2474,2024-12-26T0700,7,23,0.4,32,4,32,,23,
天津市,津沽路,117.3747,38.9846,2024-12-26T0700,6,19,0.2,20,1,52,,19,
天津市,宾水西道,117.1589,39.0845,2024-12-26T0700,3,12,0.4,17,2,48,,15,
天津市,大理道,117.1941,39.1067,2024-12-26T0700,6,15,0.3,12,5,60,,19,
天津市,中山北路,117.2101,39.1699,2024-12-26T0700,6,21,0.4,29,2,49,,21,
天津市,西四道,117.3876,39.1488,2024-12-26T0700,6,17,0.2,23,5,48,,17,
天津市,雍阳西道,117.0365,39.3828,2024-12-26T0700,6,16,0.4,15,2,,,,
天津市,辛老路,117.0296,39.0605,2024-12-26T0700,3,24,0.5,14,2,54,,24,
天津市,地纬路,116.9638,38.9375,2024-12-26T0700,6,17,0.4,21,1,43,,17,
天津市,北环路,117.4067,40.0583,2024-12-26T0700,3,9,0.3,14,3,56,,18,
天津市,建设路,117.3045,39.7169,2024-12-26T0700,3,14,0.3,9,4,44,,14,
天津市,滨水东路,117.8199,39.3521,2024-12-26T0700,7,18,0.3,19,3,49,,18,
天水市,麦积山,106.0055,34.343,2024-12-26T0700,,,,,,,,,
天水市,公园小学,105.7205,34.5786,2024-12-26T0700,27,87,0.9,36,12,19,,69,颗粒物(PM10)
天水市,麦积国土局,105.8945,34.5538,2024-12-26T0700,48,63,1.0,28,8,27,,67,细颗粒物(PM2.5)
铁岭市,汇工街西,123.8139,42.3022,2024-12-26T0700,15,37,0.7,52,8,6,,37,
铁岭市,水上乐园,123.8649,42.2923,2024-12-26T0700,9,38,0.5,30,6,30,,38,
铁岭市,银州路东段,123.8486,42.2867,2024-12-26T0700,14,52,0.2,40,5,23,,51,颗粒物(PM10)
铁岭市,金沙江路北,123.7153,42.2217,2024-12-26T0700,16,50,0.5,44,5,14,,50,
通化市,光明,125.9358,41.7173,2024-12-26T0700,18,45,0.7,37,14,13,,45,
通化市,铁路,125.9446,41.7325,2024-12-26T0700,15,46,0.4,44,6,8,,46,
通辽市,艺术职业学校,122.2532,43.6801,2024-12-26T0700,8,35,0.4,14,8,49,,35,
通辽市,老干部活动中心,122.2584,43.6333,2024-12-26T0700,19,29,0.3,7,7,51,,29,
通辽市,东方明珠社区,122.2922,43.6189,2024-12-26T0700,28,34,0.6,10,8,57,,40,
铜川市,党校,109.0656,35.0994,2024-12-26T0700,,,,,,,,,
铜川市,王益区政府,109.0697,35.0697,2024-12-26T0700,36,53,0.7,43,5,16,,52,"颗粒物(PM10),细颗粒物(PM2.5)"
铜川市,新区管委会,108.9344,34.9058,2024-12-26T0700,32,59,0.5,23,9,45,,55,颗粒物(PM10)
铜川市,旺旺集团,108.9543,34.8732,2024-12-26T0700,34,53,0.5,26,7,44,,52,颗粒物(PM10)
铜陵市,市第四中学,117.8177,30.9412,2024-12-26T0700,102,158,0.8,88,3,4,,134,细颗粒物(PM2.5)
铜陵市,市公路局,117.8059,30.9273,2024-12-26T0700,93,118,1.0,66,3,5,,123,细颗粒物(PM2.5)
铜陵市,市新民污水厂,117.7807,30.9413,2024-12-26T0700,83,145,0.9,93,12,2,,110,细颗粒物(PM2.5)
铜陵市,市第九中学,117.7439,30.8792,2024-12-26T0700,88,141,1.1,89,6,5,,117,细颗粒物(PM2.5)
铜陵市,车站新区,117.846,30.9413,2024-12-26T0700,93,150,0.8,80,6,3,,123,细颗粒物(PM2.5)
铜陵市,市职教基地,117.8483,30.97,2024-12-26T0700,79,121,0.8,72,5,3,,105,细颗粒物(PM2.5)
铜仁市,铜仁卫校,109.1839,27.7344,2024-12-26T0700,51,87,0.5,15,1,61,,70,细颗粒物(PM2.5)
铜仁市,铜仁七中,109.1753,27.6944,2024-12-26T0700,53,55,0.5,18,1,61,,73,细颗粒物(PM2.5)
吐鲁番市,市环保局,89.1904,42.9418,2024-12-26T0700,87,148,2.3,41,4,20,,115,细颗粒物(PM2.5)
吐鲁番市,地区环保局,89.1673,42.9559,2024-12-26T0700,112,144,2.1,41,4,14,,147,细颗粒物(PM2.5)
威海市,华夏技校,122.1214,37.4236,2024-12-26T0700,7,56,0.3,11,5,63,,53,颗粒物(PM10)
威海市,山大分校,122.0508,37.5236,2024-12-26T0700,3,39,0.4,10,6,73,,39,
威海市,市监测站,122.1067,37.5072,2024-12-26T0700,7,59,0.4,12,3,60,,55,颗粒物(PM10)
威海市,文登开发区,122.0693,37.2174,2024-12-26T0700,14,60,0.2,14,10,56,,55,颗粒物(PM10)
威海市,临港区管委会,122.1379,37.3414,2024-12-26T0700,,,,,,,50,,
潍坊市,环保局,119.1437,36.7023,2024-12-26T0700,17,44,0.6,25,11,36,,44,
潍坊市,坊子邮政,119.1641,36.6523,2024-12-26T0700,14,51,0.7,27,10,41,,51,颗粒物(PM10)
潍坊市,潍坊七中,119.0587,36.721,2024-12-26T0700,16,61,0.5,32,10,24,,56,颗粒物(PM10)
潍坊市,高新实验学校,119.1977,36.6872,2024-12-26T0700,17,51,0.5,21,11,44,,51,颗粒物(PM10)
潍坊市,潍坊学院,119.1755,36.7149,2024-12-26T0700,8,46,0.7,16,13,52,,46,
潍坊市,寒亭区实验一小,119.2041,36.7699,2024-12-26T0700,19,51,0.8,33,12,27,,51,颗粒物(PM10)
渭南市,农科所,109.5293,34.5101,2024-12-26T0700,,,,,,,,,
渭南市,日报社,109.4974,34.4877,2024-12-26T0700,87,122,0.8,54,3,7,,115,细颗粒物(PM2.5)
渭南市,体育馆,109.4636,34.493,2024-12-26T0700,83,144,0.9,61,4,6,,110,细颗粒物(PM2.5)
渭南市,高新一小,109.4259,34.5023,2024-12-26T0700,144,195,1.4,62,8,5,,192,细颗粒物(PM2.5)
温州市,瓯海,120.634,28.0089,2024-12-26T0700,43,71,0.6,41,8,3,,61,颗粒物(PM10)
温州市,南浦,120.6748,27.9939,2024-12-26T0700,40,59,0.5,43,5,10,,57,细颗粒物(PM2.5)
温州市,龙湾,120.76,27.9747,2024-12-26T0700,53,76,0.5,41,5,14,,73,细颗粒物(PM2.5)
温州市,市站,120.6709,28.0167,2024-12-26T0700,37,72,0.7,54,6,8,,61,颗粒物(PM10)
温州市,茶山,120.6985,27.9251,2024-12-26T0700,33,45,0.4,41,5,3,,48,
文山壮族苗族自治州,州水务局,104.2533,23.3594,2024-12-26T0700,74,98,0.7,12,6,81,,99,细颗粒物(PM2.5)
文山壮族苗族自治州,市便民服务中心,104.2319,23.3892,2024-12-26T0700,80,,0.7,11,6,83,,107,细颗粒物(PM2.5)
乌海市,市林业局,106.8174,39.6973,2024-12-26T0700,26,44,0.7,52,19,6,,44,
乌海市,中海勃湾学校,106.7907,39.6667,2024-12-26T0700,21,49,0.5,44,12,8,,49,
乌海市,海北新区,106.813,39.7274,2024-12-26T0700,15,63,0.7,48,11,4,,57,颗粒物(PM10)
乌海市,聚英学校,106.8288,39.6778,2024-12-26T0700,17,37,0.5,45,12,14,,37,
乌兰察布市,集宁新区,113.1306,40.9923,2024-12-26T0700,11,18,0.4,10,5,54,,18,
乌兰察布市,光明街小学,113.1076,41.0385,2024-12-26T0700,19,29,0.6,58,11,18,,29,
乌兰察布市,北京八中,113.1376,40.9509,2024-12-26T0700,3,28,0.3,28,14,36,,28,
乌兰察布市,市委党校,113.1775,40.9779,2024-12-26T0700,23,26,0.5,34,10,22,,33,
乌鲁木齐市,监测站,87.5801,43.8303,2024-12-26T0700,93,,1.8,81,2,4,,123,细颗粒物(PM2.5)
乌鲁木齐市,收费所,87.6046,43.768,2024-12-26T0700,28,35,0.5,56,3,6,,40,
乌鲁木齐市,新疆农科院农场,87.4754,43.9469,2024-12-26T0700,120,,1.4,62,5,4,,158,细颗粒物(PM2.5)
乌鲁木齐市,铁路局,87.5525,43.8711,2024-12-26T0700,138,176,1.3,71,3,2,,183,细颗粒物(PM2.5)
乌鲁木齐市,三十一中学,87.6432,43.831,2024-12-26T0700,154,184,1.7,102,4,1,,204,细颗粒物(PM2.5)
乌鲁木齐市,米东区环保局,87.7216,44.1747,2024-12-26T0700,142,163,1.5,104,4,4,,189,细颗粒物(PM2.5)
乌鲁木齐市,培训基地,87.4651,43.4569,2024-12-26T0700,3,6,0.4,6,2,78,,25,
乌鲁木齐市,达坂城区环保局,88.3118,43.3658,2024-12-26T0700,24,31,0.5,16,6,44,,35,
乌鲁木齐市,红光山片区,87.6162,43.8801,2024-12-26T0700,96,165,1.6,70,4,4,,127,细颗粒物(PM2.5)
乌鲁木齐市,新师大温泉校区,87.7024,43.8004,2024-12-26T0700,67,86,0.7,57,3,2,,90,细颗粒物(PM2.5)
乌鲁木齐市,大绿谷,87.4921,43.8411,2024-12-26T0700,121,177,1.5,79,1,2,,159,细颗粒物(PM2.5)
无锡市,雪浪,120.269,31.4867,2024-12-26T0700,100,134,1.3,82,12,4,,132,细颗粒物(PM2.5)
无锡市,黄巷,120.275,31.6219,2024-12-26T0700,112,162,1.3,99,11,6,,147,细颗粒物(PM2.5)
无锡市,曹张,120.294,31.56,2024-12-26T0700,110,152,1.5,85,12,4,,144,细颗粒物(PM2.5)
无锡市,漆塘,120.242,31.5031,2024-12-26T0700,100,134,1.5,96,13,4,,132,细颗粒物(PM2.5)
无锡市,东亭,120.3489,31.5863,2024-12-26T0700,114,158,1.5,82,12,2,,149,细颗粒物(PM2.5)
无锡市,旺庄,120.354,31.5475,2024-12-26T0700,100,136,1.4,88,12,2,,132,细颗粒物(PM2.5)
无锡市,荣巷,120.245,31.5631,2024-12-26T0700,107,139,1.3,83,8,5,,140,细颗粒物(PM2.5)
无锡市,堰桥,120.299,31.6817,2024-12-26T0700,129,173,1.7,81,12,4,,170,细颗粒物(PM2.5)
无锡市,华庄,120.3142,31.4753,2024-12-26T0700,115,155,1.6,76,9,3,,150,细颗粒物(PM2.5)
吴忠市,教育园区,106.1532,37.9648,2024-12-26T0700,91,121,1.7,38,13,4,,120,细颗粒物(PM2.5)
吴忠市,新区二泵站,106.1856,37.9956,2024-12-26T0700,83,130,1.6,46,25,9,,110,细颗粒物(PM2.5)
吴忠市,文卫南街,106.2112,37.9768,2024-12-26T0700,69,136,1.4,32,14,6,,93,"颗粒物(PM10),细颗粒物(PM2.5)"
芜湖市,监测站,118.3606,31.3519,2024-12-26T0700,96,120,1.0,77,11,17,,127,细颗粒物(PM2.5)
芜湖市,科创中心,118.3714,31.4134,2024-12-26T0700,93,121,0.9,84,12,16,,123,细颗粒物(PM2.5)
芜湖市,四水厂,118.3673,31.3131,2024-12-26T0700,88,124,0.9,68,14,35,,117,细颗粒物(PM2.5)
芜湖市,市气象局,118.4209,31.3707,2024-12-26T0700,96,115,0.9,81,12,8,,127,细颗粒物(PM2.5)
芜湖市,清苑社区,118.4781,31.3225,2024-12-26T0700,96,148,0.9,76,11,2,,127,细颗粒物(PM2.5)
芜湖市,扬子职业技术学院,118.2746,31.2326,2024-12-26T0700,86,110,0.7,74,10,24,,114,细颗粒物(PM2.5)
梧州市,市逸夫小学,111.3014,23.4832,2024-12-26T0700,62,113,1.0,20,13,61,,84,细颗粒物(PM2.5)
梧州市,市十一中,111.3239,23.4794,2024-12-26T0700,45,107,0.8,28,10,54,,79,颗粒物(PM10)
梧州市,龙圩,111.247,23.4189,2024-12-26T0700,62,82,1.0,22,11,62,,84,细颗粒物(PM2.5)
梧州市,龙新,111.2711,23.4835,2024-12-26T0700,67,104,1.1,44,24,46,,90,细颗粒物(PM2.5)
五家渠市,农水大厦,87.5475,44.1756,2024-12-26T0700,100,154,1.4,64,5,9,,132,细颗粒物(PM2.5)
五家渠市,经开区管委会,87.546,44.1912,2024-12-26T0700,130,147,1.5,57,1,10,,172,细颗粒物(PM2.5)
武汉市,东湖梨园,114.3677,30.5584,2024-12-26T0700,100,110,0.6,54,7,16,,132,细颗粒物(PM2.5)
武汉市,汉阳月湖,114.2529,30.558,2024-12-26T0700,102,125,0.9,55,9,5,,134,细颗粒物(PM2.5)
武汉市,汉口花桥,114.282,30.6189,2024-12-26T0700,105,120,0.8,61,10,11,,138,细颗粒物(PM2.5)
武汉市,武昌紫阳,114.3025,30.5332,2024-12-26T0700,104,122,0.7,71,10,7,,137,细颗粒物(PM2.5)
武汉市,青山钢花,114.3646,30.6217,2024-12-26T0700,110,122,0.6,71,9,10,,144,细颗粒物(PM2.5)
武汉市,沌口新区,114.1566,30.4825,2024-12-26T0700,145,,0.9,57,12,4,,193,细颗粒物(PM2.5)
武汉市,汉口江滩,114.3014,30.5944,2024-12-26T0700,105,116,0.7,59,9,11,,138,细颗粒物(PM2.5)
武汉市,吴家山,114.135,30.6319,2024-12-26T0700,103,126,0.8,72,10,5,,135,细颗粒物(PM2.5)
武汉市,沉湖七壕,113.8454,30.2917,2024-12-26T0700,96,117,0.9,41,4,7,,127,细颗粒物(PM2.5)
武汉市,民族大道182号,114.3877,30.4908,2024-12-26T0700,106,111,0.9,80,11,6,,139,细颗粒物(PM2.5)
武威市,监测站,102.6201,37.9251,2024-12-26T0700,55,72,1.2,32,9,9,,75,细颗粒物(PM2.5)
武威市,东关招商场,102.6486,37.9325,2024-12-26T0700,63,79,1.1,35,9,5,,85,细颗粒物(PM2.5)
西安市,兴庆小区,108.993,34.2629,2024-12-26T0700,76,116,1.0,72,7,4,,102,细颗粒物(PM2.5)
西安市,纺织城,109.06,34.2572,2024-12-26T0700,82,145,0.9,70,8,2,,109,细颗粒物(PM2.5)
西安市,小寨,108.9356,34.2173,2024-12-26T0700,75,136,1.0,70,4,5,,100,细颗粒物(PM2.5)
西安市,市人民体育场,108.954,34.2713,2024-12-26T0700,89,146,1.0,79,7,8,,118,细颗粒物(PM2.5)
西安市,高新西区,108.8922,34.2322,2024-12-26T0700,121,157,1.4,77,8,4,,159,细颗粒物(PM2.5)
西安市,经开区,108.935,34.3474,2024-12-26T0700,115,155,1.0,75,7,4,,150,细颗粒物(PM2.5)
西安市,长安区,108.906,34.1546,2024-12-26T0700,80,123,1.3,66,8,5,,107,细颗粒物(PM2.5)
西安市,临潼区,109.2186,34.3731,2024-12-26T0700,104,144,1.3,77,8,3,,137,细颗粒物(PM2.5)
西安市,草滩,108.869,34.378,2024-12-26T0700,88,166,0.9,67,2,0,,117,细颗粒物(PM2.5)
西安市,曲江文化产业集团,108.985,34.1978,2024-12-26T0700,68,110,0.7,68,8,6,,92,细颗粒物(PM2.5)
西安市,广运潭,109.051,34.3213,2024-12-26T0700,80,147,1.0,65,4,2,,107,细颗粒物(PM2.5)
西安市,文体局,108.6116,34.1164,2024-12-26T0700,107,153,1.0,46,10,12,,140,细颗粒物(PM2.5)
西安市,无线电监控中心,109.09,34.5236,2024-12-26T0700,155,193,1.3,67,18,10,,205,细颗粒物(PM2.5)
西安市,行知小学,108.8869,34.2662,2024-12-26T0700,147,219,1.4,82,8,3,,196,细颗粒物(PM2.5)
西宁市,第五水厂,101.524,36.6867,2024-12-26T0700,,,,,,,,,
西宁市,城北区政府,101.7775,36.6428,2024-12-26T0700,,,,,,,26,,
西宁市,世纪职校,101.8305,36.5786,2024-12-26T0700,74,74,1.0,39,10,22,,99,细颗粒物(PM2.5)
西宁市,师大城西校区,101.7413,36.6397,2024-12-26T0700,69,103,1.5,68,14,6,,93,细颗粒物(PM2.5)
西双版纳傣族自治州,景洪市江南,100.7939,22.0019,2024-12-26T0700,28,33,0.6,17,9,5,,40,
西双版纳傣族自治州,景洪市江北,100.8017,22.0225,2024-12-26T0700,25,34,0.5,10,6,21,,36,
西咸新区,北杜,108.7108,34.46,2024-12-26T0700,94,127,1.0,68,7,10,,124,细颗粒物(PM2.5)
西咸新区,同德佳苑,108.7096,34.2956,2024-12-26T0700,117,166,1.4,74,2,12,,153,细颗粒物(PM2.5)
西咸新区,崇文塔,108.8558,34.4978,2024-12-26T0700,92,133,1.0,60,6,5,,122,细颗粒物(PM2.5)
锡林郭勒盟,市环保监测站,116.1042,43.9317,2024-12-26T0700,6,,0.3,8,6,59,,19,
锡林郭勒盟,市政府,116.0781,43.9311,2024-12-26T0700,8,14,0.2,8,8,60,,19,
厦门市,溪东,118.1608,24.8169,2024-12-26T0700,,,,,,,,,
厦门市,洪文,118.1514,24.4767,2024-12-26T0700,32,52,0.4,28,2,18,,51,颗粒物(PM10)
厦门市,鼓浪屿,118.0661,24.4444,2024-12-26T0700,34,58,0.4,42,2,7,,54,颗粒物(PM10)
厦门市,湖里中学,118.0936,24.5058,2024-12-26T0700,36,65,0.4,48,2,0,,58,颗粒物(PM10)
厦门市,集美中学,118.0958,24.5688,2024-12-26T0700,36,66,0.6,66,4,0,,58,颗粒物(PM10)
厦门市,同安二实小,118.1493,24.7245,2024-12-26T0700,40,52,0.7,42,2,1,,57,细颗粒物(PM2.5)
咸宁市,森林公园,114.3175,29.8142,2024-12-26T0700,74,,0.5,52,9,40,,99,细颗粒物(PM2.5)
咸宁市,市发改委,114.3107,29.8454,2024-12-26T0700,82,102,1.1,35,3,12,,109,细颗粒物(PM2.5)
咸宁市,咸安区政府,114.2936,29.8566,2024-12-26T0700,84,101,1.0,39,3,21,,112,细颗粒物(PM2.5)
咸宁市,长江产业园,114.3375,29.8683,2024-12-26T0700,121,129,1.1,39,6,2,,159,细颗粒物(PM2.5)
咸阳市,气象站,108.7197,34.3956,2024-12-26T0700,,,,,,,,,
咸阳市,实验中学,108.673,34.3155,2024-12-26T0700,130,189,1.2,62,4,5,,172,细颗粒物(PM2.5)
咸阳市,师范学院,108.7233,34.3617,2024-12-26T0700,123,172,1.2,76,8,5,,162,细颗粒物(PM2.5)
咸阳市,两寺渡,108.6594,34.2969,2024-12-26T0700,114,195,0.9,69,8,4,,149,细颗粒物(PM2.5)
咸阳市,奥体中心,108.6396,34.4078,2024-12-26T0700,100,146,0.9,57,7,4,,132,细颗粒物(PM2.5)
湘潭市,板塘,112.9433,27.8614,2024-12-26T0700,114,140,0.5,21,8,47,,149,细颗粒物(PM2.5)
湘潭市,市监测站,112.9118,27.8403,2024-12-26T0700,118,139,0.6,26,10,36,,155,细颗粒物(PM2.5)
湘潭市,江麓,112.8937,27.8728,2024-12-26T0700,106,124,0.8,25,10,47,,139,细颗粒物(PM2.5)
湘潭市,岳塘,112.9227,27.8159,2024-12-26T0700,112,121,0.7,29,10,42,,147,细颗粒物(PM2.5)
湘潭市,科大,112.9074,27.9119,2024-12-26T0700,121,138,0.8,28,10,50,,159,细颗粒物(PM2.5)
湘潭市,昭山,113.0048,27.9153,2024-12-26T0700,113,139,0.7,31,8,32,,148,细颗粒物(PM2.5)
湘潭市,韶山,112.4876,27.9164,2024-12-26T0700,62,109,0.3,25,12,75,,84,细颗粒物(PM2.5)
湘西土家族苗族自治州,跃进水库,109.6414,28.2558,2024-12-26T0700,33,39,0.7,6,4,14,,48,
湘西土家族苗族自治州,州政府,109.7325,28.3169,2024-12-26T0700,72,82,0.5,14,7,41,,97,细颗粒物(PM2.5)
湘西土家族苗族自治州,吉首市计生局,109.6958,28.2675,2024-12-26T0700,69,77,0.6,21,3,50,,93,细颗粒物(PM2.5)
襄阳市,襄城运动路,112.155,32.0197,2024-12-26T0700,86,143,1.0,56,15,8,,114,细颗粒物(PM2.5)
襄阳市,樊城新华路,112.1392,32.0564,2024-12-26T0700,81,123,1.0,44,14,9,,108,细颗粒物(PM2.5)
襄阳市,高新管委会,112.1825,32.1142,2024-12-26T0700,114,162,0.7,48,14,2,,149,细颗粒物(PM2.5)
襄阳市,襄州航空路,112.2106,32.0903,2024-12-26T0700,101,171,1.1,52,13,3,,133,细颗粒物(PM2.5)
襄阳市,襄城隆中路,112.0828,32.0067,2024-12-26T0700,83,139,0.8,47,16,4,,110,细颗粒物(PM2.5)
襄阳市,高新台子湾,112.1214,32.1008,2024-12-26T0700,87,146,0.6,49,13,2,,115,细颗粒物(PM2.5)
孝感市,文化路,113.9153,30.9285,2024-12-26T0700,117,157,0.9,46,10,17,,153,细颗粒物(PM2.5)
孝感市,东城区,113.942,30.9075,2024-12-26T0700,114,155,0.9,51,9,11,,149,细颗粒物(PM2.5)
忻州市,开发区,112.7383,38.4519,2024-12-26T0700,20,36,0.5,27,6,33,,36,
忻州市,会展中心,112.7003,38.4928,2024-12-26T0700,16,36,0.7,31,8,32,,36,
忻州市,市政府,112.7283,38.4153,2024-12-26T0700,14,43,0.4,26,9,44,,43,
新乡市,环保西院,113.836,35.311,2024-12-26T0700,128,203,1.7,72,17,6,,169,细颗粒物(PM2.5)
新乡市,开发区,113.884,35.272,2024-12-26T0700,136,159,1.7,67,17,12,,180,细颗粒物(PM2.5)
新乡市,环保东院,113.883,35.303,2024-12-26T0700,131,173,1.6,76,14,7,,173,细颗粒物(PM2.5)
新乡市,市委党校,113.9194,35.2847,2024-12-26T0700,138,178,1.8,66,16,10,,183,细颗粒物(PM2.5)
新乡市,市政府,113.9188,35.3045,2024-12-26T0700,146,190,1.8,74,14,8,,195,细颗粒物(PM2.5)
新乡市,河师大,113.9135,35.3327,2024-12-26T0700,138,219,1.8,71,18,4,,183,细颗粒物(PM2.5)
新乡市,行政服务中心,113.9003,35.372,2024-12-26T0700,133,177,1.7,68,16,8,,176,细颗粒物(PM2.5)
新余市,北岗,115.0861,27.9317,2024-12-26T0700,,,,,,,,,
新余市,飞宇,114.9886,27.8431,2024-12-26T0700,96,99,0.9,45,14,22,,127,细颗粒物(PM2.5)
新余市,第二水厂,114.9231,27.8246,2024-12-26T0700,91,100,0.5,29,22,38,,120,细颗粒物(PM2.5)
新余市,市气象局,114.9308,27.8036,2024-12-26T0700,75,91,0.4,37,18,36,,100,细颗粒物(PM2.5)
新余市,新钢沁园村,114.9149,27.807,2024-12-26T0700,66,96,0.6,35,24,40,,89,细颗粒物(PM2.5)
信阳市,平桥分局,114.1099,32.1059,2024-12-26T0700,68,100,0.5,28,6,32,,92,细颗粒物(PM2.5)
信阳市,南湾水厂,113.9956,32.1271,2024-12-26T0700,77,95,0.6,24,6,42,,103,细颗粒物(PM2.5)
信阳市,市酿酒公司,114.0775,32.1195,2024-12-26T0700,75,85,0.7,27,6,36,,100,细颗粒物(PM2.5)
信阳市,审计局,114.0609,32.1399,2024-12-26T0700,79,106,0.4,29,8,31,,105,细颗粒物(PM2.5)
兴安盟,胜华新制药厂,122.0392,46.0656,2024-12-26T0700,12,22,0.2,5,3,63,,22,
兴安盟,科右前旗环保局,121.9504,46.0741,2024-12-26T0700,9,21,0.4,4,3,67,,21,
兴安盟,北滨河,122.0931,46.0707,2024-12-26T0700,18,20,0.6,7,3,64,,26,
邢台市,达活泉,114.4704,37.0886,2024-12-26T0700,48,107,0.7,34,5,26,,79,颗粒物(PM10)
邢台市,邢师高专,114.5062,37.0349,2024-12-26T0700,46,104,0.9,42,3,20,,77,颗粒物(PM10)
邢台市,路桥公司,114.5237,37.0851,2024-12-26T0700,47,96,0.6,33,6,23,,73,颗粒物(PM10)
邢台市,市环保局,114.4725,37.0719,2024-12-26T0700,36,106,0.1,23,5,31,,78,颗粒物(PM10)
雄安新区,容城县环境保护局,115.8844,39.0341,2024-12-26T0700,3,16,0.2,29,8,41,,16,
雄安新区,河北容城中学,115.8665,39.0645,2024-12-26T0700,3,23,0.3,30,4,33,,23,
雄安新区,安新县民政局,115.923,38.9405,2024-12-26T0700,14,24,0.3,20,8,46,,24,
雄安新区,安新县电力局,115.9324,38.9338,2024-12-26T0700,3,37,0.4,14,10,43,,37,
雄安新区,雄县环境保护局,116.0901,38.9816,2024-12-26T0700,3,22,0.2,24,3,46,,22,
雄安新区,雄县国土资源局,116.1105,39.0046,2024-12-26T0700,3,19,0.2,19,1,42,,19,
徐州市,黄河新村,117.179,34.2761,2024-12-26T0700,152,205,1.5,83,17,14,,202,细颗粒物(PM2.5)
徐州市,淮塔,117.1918,34.2384,2024-12-26T0700,157,194,1.1,81,16,15,,207,细颗粒物(PM2.5)
徐州市,新城区,117.256,34.2153,2024-12-26T0700,146,198,1.0,73,17,15,,195,细颗粒物(PM2.5)
徐州市,桃园路,117.244,34.2911,2024-12-26T0700,148,212,1.2,86,13,4,,198,细颗粒物(PM2.5)
徐州市,农科院,117.2933,34.2778,2024-12-26T0700,140,205,1.2,84,16,5,,186,细颗粒物(PM2.5)
徐州市,鼓楼区政府,117.1814,34.29,2024-12-26T0700,142,178,1.2,103,13,6,,189,细颗粒物(PM2.5)
徐州市,铜山区招生办,117.1694,34.1781,2024-12-26T0700,132,197,1.1,72,16,24,,175,细颗粒物(PM2.5)
徐州市,大泉街道,117.4754,34.4422,2024-12-26T0700,132,216,1.3,69,15,18,,175,细颗粒物(PM2.5)
许昌市,监测站,113.8276,34.0159,2024-12-26T0700,186,234,1.4,68,13,6,,236,细颗粒物(PM2.5)
许昌市,开发区,113.7906,33.9953,2024-12-26T0700,214,270,1.5,71,13,10,,264,细颗粒物(PM2.5)
许昌市,市一中,113.8172,34.0339,2024-12-26T0700,192,211,1.5,72,11,10,,242,细颗粒物(PM2.5)
许昌市,许昌学院,113.8614,34.0442,2024-12-26T0700,204,239,1.5,70,12,20,,254,细颗粒物(PM2.5)
许昌市,芙蓉广场,113.843,34.0823,2024-12-26T0700,208,217,,76,13,6,,258,细颗粒物(PM2.5)
许昌市,建安区兴业大厦,113.8134,34.1251,2024-12-26T0700,154,230,1.4,72,8,6,,204,细颗粒物(PM2.5)
宣城市,鳌峰子站,118.7581,30.9454,2024-12-26T0700,112,132,1.0,44,8,29,,147,细颗粒物(PM2.5)
宣城市,敬亭山子站,118.7385,30.9743,2024-12-26T0700,110,126,0.9,67,8,5,,144,细颗粒物(PM2.5)
宣城市,开发区子站,118.7173,30.9427,2024-12-26T0700,102,129,1.3,43,10,20,,134,细颗粒物(PM2.5)
宣城市,夏渡子站,118.7724,30.9141,2024-12-26T0700,108,128,1.2,59,6,2,,142,细颗粒物(PM2.5)
雅安市,建安厂,103.0475,30.02,2024-12-26T0700,19,26,0.4,24,4,16,,28,
雅安市,市政府,103.0111,29.9833,2024-12-26T0700,20,25,0.3,11,6,16,,29,
雅安市,川农大,102.9905,29.9775,2024-12-26T0700,24,32,0.5,13,3,32,,35,
雅安市,康养中心,103.0456,29.9956,2024-12-26T0700,30,43,,6,5,,,,
烟台市,开发区,121.2514,37.5639,2024-12-26T0700,7,41,0.4,12,1,70,,41,
烟台市,轴承厂,121.3719,37.5433,2024-12-26T0700,9,53,0.3,17,8,52,,52,颗粒物(PM10)
烟台市,西郊化工站,121.3181,37.5436,2024-12-26T0700,,,,,,,48,,
烟台市,莱山环保局,121.4478,37.4822,2024-12-26T0700,9,48,0.6,4,2,67,,48,
烟台市,福山环保局,121.2611,37.4967,2024-12-26T0700,12,56,0.6,7,4,68,,53,颗粒物(PM10)
烟台市,牟平检察院,121.5992,37.4014,2024-12-26T0700,11,48,0.5,5,6,67,,48,
烟台市,中国农业大学,121.5206,37.4336,2024-12-26T0700,17,51,0.4,7,2,71,,51,颗粒物(PM10)
延安市,枣园,109.4131,36.6275,2024-12-26T0700,17,29,0.7,27,1,7,,29,
延安市,延大医附院,109.4761,36.6028,2024-12-26T0700,14,33,0.4,34,6,4,,33,
延安市,百米大道,109.5056,36.6106,2024-12-26T0700,19,51,0.9,38,4,4,,51,颗粒物(PM10)
延安市,西北局旧址,109.4809,36.5786,2024-12-26T0700,13,36,0.8,40,4,6,,36,
延边朝鲜族自治州,妇幼医院,129.47,42.8883,2024-12-26T0700,11,29,0.4,18,102,52,,34,
延边朝鲜族自治州,延边医院,129.5055,42.9108,2024-12-26T0700,10,20,0.3,10,5,63,,20,
延边朝鲜族自治州,朝阳川镇医院,129.3964,42.8881,2024-12-26T0700,11,43,0.4,15,5,59,,43,
盐城市,盐城电厂,120.118,33.4022,2024-12-26T0700,110,163,1.1,44,7,28,,144,细颗粒物(PM2.5)
盐城市,市监测站,120.156,33.3942,2024-12-26T0700,132,174,1.1,54,6,24,,175,细颗粒物(PM2.5)
盐城市,开发区管委会,120.2144,33.38,2024-12-26T0700,132,178,1.1,53,6,29,,175,细颗粒物(PM2.5)
盐城市,宝龙广场,120.1544,33.3663,2024-12-26T0700,129,183,1.1,45,8,32,,170,细颗粒物(PM2.5)
盐城市,月亮广场,120.1501,33.3367,2024-12-26T0700,115,166,0.9,46,8,34,,150,细颗粒物(PM2.5)
盐城市,大丰高级中学,120.4279,33.205,2024-12-26T0700,156,185,1.1,57,12,31,,206,细颗粒物(PM2.5)
扬州市,邗江监测站,119.389,32.3761,2024-12-26T0700,121,151,0.9,47,3,46,,159,细颗粒物(PM2.5)
扬州市,五台山医院,119.447,32.4155,2024-12-26T0700,120,142,1.1,57,5,36,,158,细颗粒物(PM2.5)
扬州市,广陵建设局,119.4686,32.3942,2024-12-26T0700,118,139,1.1,46,3,41,,155,细颗粒物(PM2.5)
扬州市,市体育局,119.3633,32.3972,2024-12-26T0700,120,151,1.0,64,4,25,,158,细颗粒物(PM2.5)
扬州市,引江管理处,119.5653,32.4222,2024-12-26T0700,149,,1.1,56,8,33,,199,细颗粒物(PM2.5)
阳江市,鸳鸯湖,111.9797,21.8593,2024-12-26T0700,,,,,,,,,
阳江市,马南垌,111.9491,21.8658,2024-12-26T0700,50,70,0.6,31,8,40,,69,细颗粒物(PM2.5)
阳江市,两阳中学,111.9765,21.8947,2024-12-26T0700,40,62,0.5,24,10,44,,57,细颗粒物(PM2.5)
阳江市,阳东陶然,112.0125,21.8749,2024-12-26T0700,38,50,0.6,21,6,54,,54,细颗粒物(PM2.5)
阳泉市,市中心,113.5758,37.8572,2024-12-26T0700,22,64,0.6,58,12,14,,57,颗粒物(PM10)
阳泉市,赛鱼,113.4894,37.8731,2024-12-26T0700,29,57,0.7,62,8,22,,54,颗粒物(PM10)
阳泉市,南庄,113.5819,37.8486,2024-12-26T0700,29,55,0.5,51,14,19,,53,颗粒物(PM10)
阳泉市,平坦,113.5614,37.8703,2024-12-26T0700,17,63,0.6,60,9,10,,57,颗粒物(PM10)
阳泉市,大阳泉,113.5158,37.8392,2024-12-26T0700,14,38,0.5,29,9,46,,38,
阳泉市,龙柱,113.617,37.8571,2024-12-26T0700,17,60,1.0,61,17,11,,55,颗粒物(PM10)
伊春市,环保局,128.5159,47.4311,2024-12-26T0700,8,29,0.6,38,7,21,,29,
伊春市,电力嘉园,128.9102,47.7412,2024-12-26T0700,20,,0.2,17,8,39,,29,
伊春市,汤旺河国家公园,129.5029,48.471,2024-12-26T0700,3,,0.4,6,4,50,,16,
伊春市,中心小学,128.4741,47.4346,2024-12-26T0700,,,,,,,36,,
伊春市,检察院,128.6871,47.7369,2024-12-26T0700,23,25,0.4,24,8,39,,33,
伊春市,双子河社区,128.8431,47.8474,2024-12-26T0700,37,,0.3,31,2,32,,53,细颗粒物(PM2.5)
伊春市,美溪镇,129.1368,47.6417,2024-12-26T0700,32,65,0.7,21,1,42,,58,颗粒物(PM10)
伊犁哈萨克自治州,市环保局,81.2815,43.9404,2024-12-26T0700,104,120,3.5,69,9,14,,137,细颗粒物(PM2.5)
伊犁哈萨克自治州,新政府片区,81.2996,43.9174,2024-12-26T0700,100,112,2.3,45,4,24,,132,细颗粒物(PM2.5)
伊犁哈萨克自治州,第二水厂,81.3364,43.941,2024-12-26T0700,104,126,3.8,63,6,8,,137,细颗粒物(PM2.5)
宜宾市,石马中学,104.563,28.793,2024-12-26T0700,35,45,0.8,16,8,12,,50,
宜宾市,市委,104.6201,28.7728,2024-12-26T0700,45,52,0.9,31,10,19,,63,细颗粒物(PM2.5)
宜宾市,宜宾四中,104.6055,28.793,2024-12-26T0700,43,51,0.8,17,8,28,,60,细颗粒物(PM2.5)
宜宾市,市政府,104.639,28.7562,2024-12-26T0700,39,49,0.7,20,7,28,,55,细颗粒物(PM2.5)
宜宾市,黄金嘴,104.5742,28.7199,2024-12-26T0700,38,43,0.7,21,8,28,,54,细颗粒物(PM2.5)
宜宾市,白酒学院,104.68,28.8071,2024-12-26T0700,42,53,0.9,26,11,24,,59,细颗粒物(PM2.5)
宜昌市,白龙岗,111.2992,30.6981,2024-12-26T0700,95,110,1.0,41,6,3,,125,细颗粒物(PM2.5)
宜昌市,伍家岗,111.3549,30.6465,2024-12-26T0700,114,135,0.9,51,4,7,,149,细颗粒物(PM2.5)
宜昌市,点军区,111.2628,30.6961,2024-12-26T0700,66,79,0.9,25,4,18,,89,细颗粒物(PM2.5)
宜昌市,夷陵区,111.3275,30.7819,2024-12-26T0700,83,107,1.0,45,8,7,,110,细颗粒物(PM2.5)
宜昌市,猇亭区张家湾站,111.4606,30.552,2024-12-26T0700,91,109,0.9,44,8,20,,120,细颗粒物(PM2.5)
宜昌市,云深路,111.3119,30.7273,2024-12-26T0700,126,156,1.0,62,6,8,,166,细颗粒物(PM2.5)
宜春市,槟榔水业,114.3408,27.8064,2024-12-26T0700,,,,,,,,,
宜春市,市石油公司,114.3956,27.7844,2024-12-26T0700,69,98,0.9,40,8,14,,93,细颗粒物(PM2.5)
宜春市,市气象局,114.3703,27.7914,2024-12-26T0700,79,107,1.3,46,11,16,,105,细颗粒物(PM2.5)
宜春市,市广电局,114.4013,27.8074,2024-12-26T0700,85,115,1.0,44,12,13,,113,细颗粒物(PM2.5)
宜春市,宜春学院北校区,114.375,27.8097,2024-12-26T0700,82,103,1.3,43,13,12,,109,细颗粒物(PM2.5)
宜春市,万载县环保局,114.4519,28.0828,2024-12-26T0700,92,140,1.1,47,19,2,,122,细颗粒物(PM2.5)
益阳市,甘溪港,112.4067,28.6428,2024-12-26T0700,127,,0.8,24,6,24,,168,细颗粒物(PM2.5)
益阳市,市环保局,112.3458,28.5808,2024-12-26T0700,128,150,0.8,29,9,38,,169,细颗粒物(PM2.5)
益阳市,市特殊教育学校,112.3437,28.5531,2024-12-26T0700,139,147,0.9,36,8,50,,185,细颗粒物(PM2.5)
益阳市,资阳区政务中心,112.3347,28.6047,2024-12-26T0700,134,150,0.8,28,6,30,,178,细颗粒物(PM2.5)
益阳市,赫山环保分局,112.3744,28.5819,2024-12-26T0700,129,153,0.8,27,7,41,,170,细颗粒物(PM2.5)
银川市,贺兰山马莲口,105.9512,38.6016,2024-12-26T0700,,,,,,,,,
银川市,贺兰山东路,106.2328,38.4975,2024-12-26T0700,57,85,1.3,54,10,6,,78,细颗粒物(PM2.5)
银川市,学院路,106.1358,38.5036,2024-12-26T0700,50,68,1.7,60,17,5,,69,细颗粒物(PM2.5)
银川市,水乡路,106.2266,38.4418,2024-12-26T0700,28,69,1.0,59,17,12,,60,颗粒物(PM10)
银川市,上海东路,106.2757,38.4842,2024-12-26T0700,29,38,0.7,44,7,18,,42,
银川市,文昌北街,106.1015,38.497,2024-12-26T0700,49,71,1.3,52,14,15,,68,细颗粒物(PM2.5)
银川市,滨河新区,106.5105,38.3856,2024-12-26T0700,10,44,0.6,35,26,8,,44,
鹰潭市,龙虎山,116.9822,28.1136,2024-12-26T0700,,,,,,,,,
鹰潭市,新监测站,117.0564,28.2642,2024-12-26T0700,84,93,0.9,36,40,29,,112,细颗粒物(PM2.5)
鹰潭市,财苑宾馆,117.0311,28.2475,2024-12-26T0700,89,97,0.9,27,21,36,,118,细颗粒物(PM2.5)
鹰潭市,体育馆,117.0222,28.2264,2024-12-26T0700,85,98,0.8,20,9,37,,113,细颗粒物(PM2.5)
鹰潭市,三川水表,117.0017,28.2131,2024-12-26T0700,101,,0.8,48,12,16,,133,细颗粒物(PM2.5)
营口市,大庆路,122.2703,40.7094,2024-12-26T0700,8,47,0.4,21,10,44,,47,
营口市,镜湖西路,122.2150,40.6511,2024-12-26T0700,9,54,0.6,41,7,32,,52,颗粒物(PM10)
营口市,西炮台,122.1658,40.6789,2024-12-26T0700,6,45,0.6,30,5,30,,45,
营口市,鲅鱼圈市民活动中心,122.1139,40.2278,2024-12-26T0700,6,42,0.6,35,11,42,,42,
营口市,三高中,122.2469,40.66302,2024-12-26T0700,8,48,0.4,16,11,52,,48,
营口市,老边实验小学,122.3622,40.6762,2024-12-26T0700,26,44,1.3,60,16,14,,44,
永州市,零陵南津渡,111.6217,26.2081,2024-12-26T0700,102,127,0.7,22,11,83,,134,细颗粒物(PM2.5)
永州市,市环境监测站,111.6156,26.4214,2024-12-26T0700,95,103,0.6,16,8,81,,125,细颗粒物(PM2.5)
永州市,零陵区环保局,111.6236,26.2331,2024-12-26T0700,100,119,0.8,24,13,78,,132,细颗粒物(PM2.5)
永州市,永州市环保局,111.5992,26.4364,2024-12-26T0700,92,103,1.1,16,10,84,,122,细颗粒物(PM2.5)
永州市,冷水滩区环保局,111.5989,26.4519,2024-12-26T0700,92,111,0.8,23,10,80,,122,细颗粒物(PM2.5)
榆林市,红石峡森林公园,109.7414,38.3344,2024-12-26T0700,12,38,0.5,42,8,8,,38,
榆林市,世纪广场,109.7456,38.2911,2024-12-26T0700,11,32,0.7,56,10,5,,32,
榆林市,实验中学,109.7289,38.2839,2024-12-26T0700,8,34,0.7,39,12,11,,34,
榆林市,环保监测大楼,109.7336,38.2478,2024-12-26T0700,12,34,0.8,49,9,16,,34,
玉林市,寒山水库,110.1106,22.7019,2024-12-26T0700,55,69,0.8,17,7,49,,75,细颗粒物(PM2.5)
玉林市,市监测站,110.1675,22.6411,2024-12-26T0700,68,84,0.8,28,9,64,,92,细颗粒物(PM2.5)
玉林市,南江一中,110.1433,22.6164,2024-12-26T0700,65,91,0.9,27,8,65,,88,细颗粒物(PM2.5)
玉林市,玉林师范学院东校区,110.1945,22.6831,2024-12-26T0700,63,69,0.8,22,11,71,,85,细颗粒物(PM2.5)
玉林市,福绵环保局,110.0527,22.5893,2024-12-26T0700,60,66,0.8,22,12,69,,82,细颗粒物(PM2.5)
玉树藏族自治州,玉树县结古镇,97,33.0014,2024-12-26T0700,6,13,0.8,16,14,52,,17,
玉溪市,东风水库,102.575,24.3711,2024-12-26T0700,19,,0.7,18,9,10,,28,
玉溪市,玉溪一中,102.5389,24.3703,2024-12-26T0700,21,29,1.6,18,13,10,,30,
玉溪市,文体中心,102.5381,24.3389,2024-12-26T0700,18,30,1.1,32,7,4,,30,
岳阳市,南湖风景区,113.1094,29.3578,2024-12-26T0700,80,98,0.7,29,10,50,,107,细颗粒物(PM2.5)
岳阳市,城陵矶,113.1493,29.4251,2024-12-26T0700,96,116,0.7,46,15,34,,127,细颗粒物(PM2.5)
岳阳市,开发区,113.1497,29.3575,2024-12-26T0700,89,109,0.5,39,14,42,,118,细颗粒物(PM2.5)
岳阳市,云溪区,113.2621,29.4758,2024-12-26T0700,76,99,0.6,22,12,46,,102,细颗粒物(PM2.5)
岳阳市,君山区,112.9943,29.4402,2024-12-26T0700,98,107,0.9,34,23,39,,129,细颗粒物(PM2.5)
岳阳市,金凤水库,113.2117,29.355,2024-12-26T0700,78,103,0.8,21,7,52,,104,细颗粒物(PM2.5)
云浮市,新市府,112.0392,22.9169,2024-12-26T0700,32,,0.5,13,3,68,,46,
云浮市,牧羊,112.0539,22.9539,2024-12-26T0700,32,34,0.6,17,8,77,,46,
云浮市,文笔,112.0336,22.9374,2024-12-26T0700,32,47,0.4,18,8,74,,47,
运城市,运城中学,110.9956,35.0147,2024-12-26T0700,70,114,1.3,44,13,20,,94,细颗粒物(PM2.5)
运城市,地区技校,110.9686,35.0303,2024-12-26T0700,59,109,1.2,50,12,12,,80,"颗粒物(PM10),细颗粒物(PM2.5)"
运城市,空港新区,111.0414,35.1147,2024-12-26T0700,136,160,3.7,60,11,5,,180,细颗粒物(PM2.5)
运城市,水利职院,111.0283,35.0547,2024-12-26T0700,120,145,2.0,60,12,6,,158,细颗粒物(PM2.5)
运城市,禹都公园,111.0522,35.0439,2024-12-26T0700,114,148,1.9,54,12,5,,149,细颗粒物(PM2.5)
枣庄市,市中区政府,117.558,34.8438,2024-12-26T0700,149,197,0.8,66,7,14,,199,细颗粒物(PM2.5)
枣庄市,薛城环保局,117.2852,34.7837,2024-12-26T0700,130,210,1.0,82,4,8,,172,细颗粒物(PM2.5)
枣庄市,峄城区政府,117.5852,34.7745,2024-12-26T0700,148,195,1.1,74,8,9,,198,细颗粒物(PM2.5)
枣庄市,台儿庄区环保局,117.7276,34.5578,2024-12-26T0700,149,202,1.2,82,7,7,,199,细颗粒物(PM2.5)
枣庄市,山亭区环保局,117.4518,35.0992,2024-12-26T0700,127,168,1.3,48,12,27,,168,细颗粒物(PM2.5)
枣庄市,市环保局,117.3152,34.8103,2024-12-26T0700,122,164,0.9,48,7,46,,160,细颗粒物(PM2.5)
湛江市,湛江影剧院,110.3539,21.2706,2024-12-26T0700,58,62,0.7,25,26,57,,79,细颗粒物(PM2.5)
湛江市,市环境监测站,110.3928,21.2228,2024-12-26T0700,63,68,0.7,19,31,64,,85,细颗粒物(PM2.5)
湛江市,环保局宿舍,110.4019,21.1997,2024-12-26T0700,64,65,0.8,16,26,65,,87,细颗粒物(PM2.5)
湛江市,霞山游泳场,110.4111,21.2028,2024-12-26T0700,62,76,0.7,17,26,65,,84,细颗粒物(PM2.5)
湛江市,麻章区环保局,110.3316,21.2679,2024-12-26T0700,76,82,0.8,34,50,41,,102,细颗粒物(PM2.5)
湛江市,坡头区环保局,110.4558,21.2567,2024-12-26T0700,73,75,0.9,20,25,63,,98,细颗粒物(PM2.5)
张家界市,永定新区,110.5319,29.1217,2024-12-26T0700,118,127,0.7,34,4,15,,155,细颗粒物(PM2.5)
张家界市,电业局,110.4697,29.1242,2024-12-26T0700,108,125,0.8,33,6,17,,142,细颗粒物(PM2.5)
张家界市,未央路,110.5594,29.3547,2024-12-26T0700,88,109,0.9,15,4,25,,117,细颗粒物(PM2.5)
张家界市,袁家界,110.4417,29.315,2024-12-26T0700,38,45,0.6,16,7,65,,54,细颗粒物(PM2.5)
张家口市,人民公园,114.8883,40.8336,2024-12-26T0700,3,21,0.6,9,4,46,,21,
张家口市,五金库,114.8687,40.8042,2024-12-26T0700,9,28,0.3,14,4,47,,28,
张家口市,世纪豪园,114.8902,40.762,2024-12-26T0700,7,15,0.2,2,7,58,,19,
张家口市,北泵房,114.8916,40.8661,2024-12-26T0700,18,50,0.6,18,11,35,,50,
张家口市,烟厂,114.879,40.7993,2024-12-26T0700,6,20,0.4,2,1,52,,20,
张家口市,青少年活动中心,115.2773,40.9724,2024-12-26T0700,21,,0.2,16,4,56,,30,
张掖市,润泉湖,100.4698,38.9524,2024-12-26T0700,58,72,0.9,42,9,16,,79,细颗粒物(PM2.5)
张掖市,区工会,100.4154,38.9422,2024-12-26T0700,41,77,0.6,,6,22,,,
漳州市,九湖,117.6336,24.4674,2024-12-26T0700,,,,,,,,,
漳州市,蓝田镇,117.7116,24.506,2024-12-26T0700,48,59,0.7,34,4,0,,67,细颗粒物(PM2.5)
漳州市,漳州党校,114.6622,24.5183,2024-12-26T0700,36,51,0.7,31,4,0,,52,细颗粒物(PM2.5)
漳州市,西洋坪路,117.6296,24.5314,2024-12-26T0700,26,30,0.5,22,3,0,,38,
昭通市,监测站,103.7667,27.3736,2024-12-26T0700,24,26,0.6,6,5,46,,35,
昭通市,环保局,103.7225,27.3361,2024-12-26T0700,14,,0.8,9,7,48,,20,
肇庆市,睦岗子站,112.4267,23.0706,2024-12-26T0700,32,48,0.5,25,6,71,,48,
肇庆市,城中子站,112.4645,23.0475,2024-12-26T0700,33,48,0.6,15,9,83,,48,
肇庆市,坑口子站,112.5544,23.1522,2024-12-26T0700,34,47,0.5,18,5,69,,49,
肇庆市,七星岩子站,112.4753,23.1,2024-12-26T0700,30,47,0.6,19,8,71,,47,
肇庆市,高要湖西,112.4575,23.0166,2024-12-26T0700,33,51,0.6,19,5,80,,51,颗粒物(PM10)
肇庆市,鼎湖凤凰,112.5617,23.2083,2024-12-26T0700,,,,,,,,,
镇江市,新区办事处,119.6707,32.1875,2024-12-26T0700,113,156,1.1,77,8,12,,148,细颗粒物(PM2.5)
镇江市,职教中心,119.4974,32.1968,2024-12-26T0700,108,140,0.9,68,1,11,,142,细颗粒物(PM2.5)
镇江市,丹徒区监测站,119.4303,32.1328,2024-12-26T0700,,,,,,,7,,
镇江市,市疾控中心,119.4424,32.1873,2024-12-26T0700,107,144,0.6,78,7,0,,140,细颗粒物(PM2.5)
镇江市,富润路1号,119.3842,32.1976,2024-12-26T0700,113,157,0.8,78,9,11,,148,细颗粒物(PM2.5)
郑州市,烟厂,113.69031,34.76122,2024-12-26T0700,166,186,1.7,71,13,10,,216,细颗粒物(PM2.5)
郑州市,郑纺机,113.65724,34.77134,2024-12-26T0700,169,179,1.8,90,13,15,,219,细颗粒物(PM2.5)
郑州市,银行学校,113.67526,34.80246,2024-12-26T0700,164,165,2.1,70,15,6,,214,细颗粒物(PM2.5)
郑州市,供水公司,113.56746,34.81334,2024-12-26T0700,160,193,2.1,62,15,10,,210,细颗粒物(PM2.5)
郑州市,经开区管委,113.7329,34.7178,2024-12-26T0700,198,200,1.7,71,15,8,,248,细颗粒物(PM2.5)
郑州市,四十七中,113.73961,34.77172,2024-12-26T0700,171,204,2.0,74,8,6,,221,细颗粒物(PM2.5)
郑州市,市监测站,113.60532,34.74838,2024-12-26T0700,151,184,1.7,67,16,12,,201,细颗粒物(PM2.5)
郑州市,河医大,113.64164,34.7525,2024-12-26T0700,173,201,2.0,67,16,8,,223,细颗粒物(PM2.5)
郑州市,岗李水库,113.51488,34.91089,2024-12-26T0700,,,,,,,,,
郑州市,惠济区政府,113.616563,34.86783,2024-12-26T0700,168,182,2.0,69,12,7,,218,细颗粒物(PM2.5)
郑州市,北区建设指挥部,113.8374,34.5589,2024-12-26T0700,175,200,1.9,61,13,10,,225,细颗粒物(PM2.5)
郑州市,上街区政府,113.30952,34.803229,2024-12-26T0700,122,154,2.3,65,21,12,,160,细颗粒物(PM2.5)
中山市,华柏园,113.3769,22.5211,2024-12-26T0700,43,54,0.6,42,6,25,,60,细颗粒物(PM2.5)
中山市,张溪,113.3881,22.5497,2024-12-26T0700,45,50,0.6,41,4,26,,63,细颗粒物(PM2.5)
中山市,紫马岭,113.4075,22.5111,2024-12-26T0700,37,52,0.5,44,6,22,,53,细颗粒物(PM2.5)
中山市,长江旅游区,113.4411,22.4853,2024-12-26T0700,24,39,0.6,48,6,11,,39,
中山市,中山南区,113.3528,22.478,2024-12-26T0700,39,48,0.6,42,5,27,,55,细颗粒物(PM2.5)
中卫市,沙坡头消防站,105.0025,37.4635,2024-12-26T0700,,,,,,,,,
中卫市,环保局站,105.1971,37.5002,2024-12-26T0700,24,30,0.4,19,14,44,,35,
中卫市,沙坡头区政府站,105.1698,37.5162,2024-12-26T0700,18,37,0.3,14,15,48,,37,
重庆市,缙云山,106.3787,29.8279,2024-12-26T0700,75,96,0.6,18,7,39,,100,细颗粒物(PM2.5)
重庆市,天生,106.4213,29.8253,2024-12-26T0700,75,113,0.4,30,7,2,,100,细颗粒物(PM2.5)
重庆市,两路,106.6263,29.7228,2024-12-26T0700,97,137,0.9,40,5,8,,128,细颗粒物(PM2.5)
重庆市,虎溪,106.2953,29.5983,2024-12-26T0700,92,97,0.8,34,5,3,,122,细颗粒物(PM2.5)
重庆市,南坪,106.5777,29.5102,2024-12-26T0700,101,130,0.9,38,8,4,,133,细颗粒物(PM2.5)
重庆市,唐家沱,106.6556,29.6277,2024-12-26T0700,89,92,0.9,30,8,3,,118,细颗粒物(PM2.5)
重庆市,茶园,106.6349,29.4906,2024-12-26T0700,106,124,1.0,34,7,5,,139,细颗粒物(PM2.5)
重庆市,白市驿,106.3754,29.4572,2024-12-26T0700,89,95,1.0,35,6,4,,118,细颗粒物(PM2.5)
重庆市,空港,106.6205,29.7166,2024-12-26T0700,101,123,1.2,50,5,5,,133,细颗粒物(PM2.5)
重庆市,新山村,106.4782,29.4875,2024-12-26T0700,83,123,1.0,48,6,4,,110,细颗粒物(PM2.5)
重庆市,礼嘉,106.5616,29.6453,2024-12-26T0700,96,124,0.9,38,6,14,,127,细颗粒物(PM2.5)
重庆市,蔡家,106.4522,29.7091,2024-12-26T0700,90,104,1.0,30,6,2,,119,细颗粒物(PM2.5)
重庆市,鱼新街,106.5093,29.3917,2024-12-26T0700,95,124,1.1,33,2,4,,125,细颗粒物(PM2.5)
重庆市,歇台子,106.4958,29.5346,2024-12-26T0700,79,109,1.0,44,6,2,,105,细颗粒物(PM2.5)
重庆市,龙井湾,106.4037,29.5728,2024-12-26T0700,73,111,1.0,31,5,5,,98,细颗粒物(PM2.5)
重庆市,龙洲湾,106.5507,29.4153,2024-12-26T0700,98,115,0.8,33,4,7,,129,细颗粒物(PM2.5)
重庆市,上清寺,106.5468,29.5654,2024-12-26T0700,103,125,1.1,46,6,3,,135,细颗粒物(PM2.5)
重庆市,安康,108.3872,31.1628,2024-12-26T0700,95,108,0.9,21,5,1,,125,细颗粒物(PM2.5)
重庆市,北山路,105.9017,29.3569,2024-12-26T0700,78,91,1.1,31,3,11,,104,细颗粒物(PM2.5)
重庆市,春阳街,105.839,30.1946,2024-12-26T0700,86,116,0.8,24,4,3,,114,细颗粒物(PM2.5)
重庆市,人民东路,107.7983,30.6758,2024-12-26T0700,76,109,0.8,25,6,2,,102,细颗粒物(PM2.5)
重庆市,滩子口,106.6479,29.0244,2024-12-26T0700,101,129,0.8,36,10,8,,133,细颗粒物(PM2.5)
重庆市,棠香,105.7167,29.7076,2024-12-26T0700,64,79,0.8,24,10,3,,87,细颗粒物(PM2.5)
重庆市,桃源西路,107.0732,29.8617,2024-12-26T0700,92,106,0.5,22,16,3,,122,细颗粒物(PM2.5)
重庆市,迎宾大道,107.3535,29.7287,2024-12-26T0700,88,114,0.9,31,6,5,,117,细颗粒物(PM2.5)
重庆市,舟白,108.815,29.5081,2024-12-26T0700,89,,0.6,18,6,18,,118,细颗粒物(PM2.5)
重庆市,周家坝,108.3679,30.8426,2024-12-26T0700,56,86,0.7,41,25,3,,77,细颗粒物(PM2.5)
重庆市,百安坝,108.4319,30.7555,2024-12-26T0700,73,79,0.7,26,15,19,,98,细颗粒物(PM2.5)
重庆市,芙蓉中路,107.7541,29.3277,2024-12-26T0700,65,79,0.8,28,6,2,,88,细颗粒物(PM2.5)
重庆市,西山,108.7661,29.5368,2024-12-26T0700,61,93,0.6,36,4,5,,83,细颗粒物(PM2.5)
重庆市,行政中心,106.2628,29.32,2024-12-26T0700,90,,1.0,29,4,6,,119,细颗粒物(PM2.5)
重庆市,高寺路,107.0944,29.1608,2024-12-26T0700,115,120,0.9,32,4,11,,150,细颗粒物(PM2.5)
重庆市,书院路,106.2649,29.9851,2024-12-26T0700,102,108,1.1,30,7,2,,134,细颗粒物(PM2.5)
重庆市,虎峰,106.2339,29.5559,2024-12-26T0700,111,,1.0,36,3,4,,145,细颗粒物(PM2.5)
重庆市,龙门街,106.0499,29.8342,2024-12-26T0700,71,108,0.9,32,10,7,,95,细颗粒物(PM2.5)
重庆市,昌元,105.5933,29.4105,2024-12-26T0700,65,90,0.8,33,5,4,,88,细颗粒物(PM2.5)
舟山市,定海檀枫,122.122,30.0203,2024-12-26T0700,74,91,0.9,56,9,22,,99,细颗粒物(PM2.5)
舟山市,临城新区,122.19,29.9944,2024-12-26T0700,45,68,0.9,48,8,28,,63,细颗粒物(PM2.5)
舟山市,普陀东港中学,122.3123,29.9619,2024-12-26T0700,45,76,0.7,40,10,29,,63,"颗粒物(PM10),细颗粒物(PM2.5)"
周口市,市环境监测站,114.6613,33.6128,2024-12-26T0700,141,162,1.0,68,11,6,,188,细颗粒物(PM2.5)
周口市,周口师范,114.6758,33.6347,2024-12-26T0700,130,170,0.8,88,9,3,,172,细颗粒物(PM2.5)
周口市,市运管处,114.6546,33.5979,2024-12-26T0700,112,159,1.1,74,9,4,,147,细颗粒物(PM2.5)
周口市,川汇区环保局,114.6369,33.6406,2024-12-26T0700,134,158,1.1,83,10,6,,178,细颗粒物(PM2.5)
株洲市,天台山庄,113.135,27.8244,2024-12-26T0700,105,140,0.7,30,8,36,,138,细颗粒物(PM2.5)
株洲市,株冶医院,113.095,27.8867,2024-12-26T0700,106,139,0.8,38,11,27,,139,细颗粒物(PM2.5)
株洲市,市四中,113.167,27.8667,2024-12-26T0700,109,138,0.7,33,7,31,,143,细颗粒物(PM2.5)
株洲市,火车站,113.143,27.8381,2024-12-26T0700,108,134,0.8,32,11,37,,142,细颗粒物(PM2.5)
株洲市,市监测站,113.13,27.8528,2024-12-26T0700,123,144,0.6,33,8,35,,162,细颗粒物(PM2.5)
株洲市,大京风景区,113.251,27.8336,2024-12-26T0700,,,,,,,,,
株洲市,云田中学,113.1817,27.9958,2024-12-26T0700,109,143,0.7,37,10,24,,143,细颗粒物(PM2.5)
珠海市,吉大,113.5814,22.2618,2024-12-26T0700,47,67,0.5,30,6,33,,65,细颗粒物(PM2.5)
珠海市,前山,113.4881,22.2335,2024-12-26T0700,28,42,0.6,32,7,28,,42,
珠海市,唐家,113.628,22.4251,2024-12-26T0700,48,65,0.3,36,5,26,,67,细颗粒物(PM2.5)
珠海市,斗门,113.299,22.2281,2024-12-26T0700,51,71,0.7,43,8,20,,70,细颗粒物(PM2.5)
珠海市,金湾,113.3494,22.0569,2024-12-26T0700,53,72,0.7,40,11,20,,73,细颗粒物(PM2.5)
珠海市,横琴,113.5433,22.1163,2024-12-26T0700,26,37,0.7,27,4,40,,38,
驻马店市,市一纸厂,114.0189,32.9656,2024-12-26T0700,66,113,0.7,23,11,49,,89,细颗粒物(PM2.5)
驻马店市,市彩印厂,114.0114,33.015,2024-12-26T0700,70,114,0.8,28,11,42,,94,细颗粒物(PM2.5)
驻马店市,天方二分厂,113.9976,32.9771,2024-12-26T0700,65,122,0.6,29,11,49,,88,细颗粒物(PM2.5)
驻马店市,小管楼,114.0012,33.0412,2024-12-26T0700,68,107,0.5,27,9,40,,92,细颗粒物(PM2.5)
资阳市,莲花山,104.6617,30.1372,2024-12-26T0700,72,106,0.8,31,5,5,,97,细颗粒物(PM2.5)
资阳市,资阳中学,104.6356,30.1506,2024-12-26T0700,74,87,0.9,25,3,3,,99,细颗粒物(PM2.5)
资阳市,四三一厂,104.6295,30.1383,2024-12-26T0700,81,105,1.2,21,2,9,,108,细颗粒物(PM2.5)
资阳市,师范校,104.6463,30.1146,2024-12-26T0700,97,105,1.0,21,1,4,,128,细颗粒物(PM2.5)
资阳市,区法院,104.6296,30.1256,2024-12-26T0700,105,114,0.9,29,4,5,,138,细颗粒物(PM2.5)
淄博市,人民公园,118.0414,36.8103,2024-12-26T0700,12,58,0.7,26,8,43,,54,颗粒物(PM10)
淄博市,双山,117.8525,36.4847,2024-12-26T0700,16,62,1.0,39,9,41,,56,颗粒物(PM10)
淄博市,气象站,117.9592,36.6331,2024-12-26T0700,12,58,0.8,32,12,39,,54,颗粒物(PM10)
淄博市,莆田园,118.3092,36.8194,2024-12-26T0700,14,53,0.6,40,14,36,,52,颗粒物(PM10)
淄博市,新区,117.9883,36.8372,2024-12-26T0700,14,73,0.7,54,17,17,,62,颗粒物(PM10)
淄博市,三金集团,117.8661,36.805,2024-12-26T0700,19,66,0.7,38,14,37,,58,颗粒物(PM10)
淄博市,东风化工厂,118.0253,36.8406,2024-12-26T0700,17,68,0.6,29,9,33,,59,颗粒物(PM10)
自贡市,青杠林路,104.72,29.3427,2024-12-26T0700,44,67,0.6,26,2,1,,62,细颗粒物(PM2.5)
自贡市,檀木林体育馆,104.776,29.3627,2024-12-26T0700,52,77,0.6,28,5,5,,72,细颗粒物(PM2.5)
自贡市,南湖救助站,104.7894,29.3194,2024-12-26T0700,56,87,0.7,25,10,2,,77,细颗粒物(PM2.5)
自贡市,轻化工大学,104.7636,29.3338,2024-12-26T0700,52,77,0.7,28,1,2,,72,细颗粒物(PM2.5)
遵义市,丁字口,106.9222,27.6869,2024-12-26T0700,40,41,0.6,25,16,9,,57,细颗粒物(PM2.5)
遵义市,凤凰山,106.9242,27.7019,2024-12-26T0700,24,44,0.9,22,6,18,,44,
遵义市,忠庄,106.8906,27.6486,2024-12-26T0700,42,,0.7,20,5,7,,59,细颗粒物(PM2.5)
遵义市,舟水桥,106.9231,27.6506,2024-12-26T0700,41,,0.9,28,21,0,,58,细颗粒物(PM2.5)
遵义市,干田坝,106.9178,27.72,2024-12-26T0700,34,,1.0,26,10,12,,49,
遵义市,第十二小学,106.8547,27.5919,2024-12-26T0700,38,39,1.0,28,11,4,,54,细颗粒物(PM2.5)
