area,positionname,longitude,latitude,timepoint,pm2_5,pm10,co,no2,so2,o3,o3_8h,aqi,primarypollutant
阿坝藏族羌族自治州,马师校,102.2503,31.8896,2026-07-17T0100,3,21,0.5,2,4,21,NA,21,
阿坝藏族羌族自治州,马尔康中学西区,102.2174,31.9016,2026-07-17T0100,3,6,0.4,4,3,29,NA,10,
阿克苏地区,电视台,80.2899,41.1684,2026-07-17T0100,43,111,0.9,49,4,38,NA,94,颗粒物(PM10)
阿克苏地区,艺术中心,80.2592,41.1541,2026-07-17T0100,48,117,1.3,86,5,12,NA,98,颗粒物(PM10)
阿拉善盟,蒙二幼,105.699,38.8409,2026-07-17T0100,8,27,0.4,4,10,119,NA,38,
阿拉善盟,环保局新楼,105.7198,38.8508,2026-07-17T0100,3,13,0.5,2,9,124,NA,39,
阿勒泰地区,市站,88.1266,47.8515,2026-07-17T0100,21,51,0.5,12,8,73,NA,51,颗粒物(PM10)
阿勒泰地区,阿勒泰路33号,88.1198,47.7931,2026-07-17T0100,13,28,0.4,5,7,98,NA,31,
阿里地区,阿里监测站,80.1171,32.4999,2026-07-17T0100,10,22,0.2,6,5,146,NA,46,
阿里地区,阿里藏医院,80.0906,32.5029,2026-07-17T0100,3,18,0.2,5,4,141,NA,45,
安康市,汉滨区检察院,109.0088,32.6974,2026-07-17T0100,3,11,0.4,5,3,55,NA,18,
安康市,市邮政管理局,109.0324,32.6913,2026-07-17T0100,3,13,0.7,4,3,50,NA,16,
安庆市,环科院,117.0806,30.5181,2026-07-17T0100,12,17,0.6,25,9,36,NA,18,
安庆市,马山宾馆,117.0331,30.5118,2026-07-17T0100,12,17,0.4,34,2,25,NA,18,
安庆市,安庆大学,116.9897,30.6146,2026-07-17T0100,15,15,0.4,8,4,55,NA,22,
安庆市,市人大,117.0598,30.5351,2026-07-17T0100,12,18,0.4,12,6,48,NA,18,
安顺市,凤凰山,105.9408,26.2431,2026-07-17T0100,20,20,0.5,4,5,49,NA,29,
安顺市,金钟山,105.9443,26.2567,2026-07-17T0100,17,NA,0.5,3,6,57,NA,25,
安顺市,娄家坡,105.8983,26.248,2026-07-17T0100,15,15,0.4,3,5,53,NA,22,
安阳市,红庙街,114.3552,36.1017,2026-07-17T0100,34,61,0.8,14,4,92,NA,58,颗粒物(PM10)
安阳市,银杏小区,114.361,36.0681,2026-07-17T0100,37,58,0.9,14,1,98,NA,56,颗粒物(PM10)
安阳市,信访局,114.3921,36.0879,2026-07-17T0100,38,70,0.4,10,2,104,NA,65,颗粒物(PM10)
安阳市,左辅环卫站,114.4706,36.0634,2026-07-17T0100,29,62,0.7,11,3,82,NA,59,颗粒物(PM10)
安阳市,钢三路198号,114.2918,36.0769,2026-07-17T0100,43,58,0.8,9,1,77,NA,66,细颗粒物(PM2.5)
鞍山市,深沟寺,123.0441,41.1201,2026-07-17T0100,33,40,1.5,17,8,78,NA,48,
鞍山市,太阳城,123.011,41.0931,2026-07-17T0100,40,52,2.3,20,9,76,NA,60,细颗粒物(PM2.5)
鞍山市,太平,123.0483,41.1445,2026-07-17T0100,32,58,1.9,19,8,72,NA,56,颗粒物(PM10)
鞍山市,铁西三道街,122.964,41.0968,2026-07-17T0100,46,97,1.8,25,8,74,NA,84,颗粒物(PM10)
鞍山市,明达新区,123.0219,41.0822,2026-07-17T0100,44,56,1.8,16,8,90,NA,68,细颗粒物(PM2.5)
鞍山市,兴盛南路290号,122.944647,41.082639,2026-07-17T0100,33,61,1.0,18,5,77,NA,58,颗粒物(PM10)
巴彦淖尔市,附二中,107.4206,40.7609,2026-07-17T0100,17,19,0.7,19,12,64,NA,25,
巴彦淖尔市,市环保大楼,107.37,40.7372,2026-07-17T0100,13,41,0.7,9,10,92,NA,41,
巴音郭楞蒙古自治州,孔雀公园,86.1476,41.7529,2026-07-17T0100,3,20,0.1,7,5,117,NA,37,
巴音郭楞蒙古自治州,棉纺厂,86.1971,41.7166,2026-07-17T0100,3,22,/,9,/,112,NA,35,
巴音郭楞蒙古自治州,经济开发区,86.236,41.7172,2026-07-17T0100,3,12,0.1,6,3,116,NA,37,
巴中市,市五中,106.776805,31.852614,2026-07-17T0100,14,22,0.6,6,8,74,NA,24,
巴中市,圣泉水务公司,106.7419,31.8654,2026-07-17T0100,17,18,0.6,5,9,62,NA,25,
巴中市,市中心医院,106.7617,31.8343,2026-07-17T0100,15,27,0.5,4,8,68,NA,27,
白城市,洮北区环保局,122.7909,45.608,2026-07-17T0100,8,23,0.2,20,5,40,NA,23,
白城市,市环保局,122.8741,45.5725,2026-07-17T0100,3,9,0.2,6,3,70,NA,22,
白山市,喜丰,126.4219,41.9172,2026-07-17T0100,22,76,0.6,25,13,4,NA,69,颗粒物(PM10)
白山市,环保局,126.4082,41.9416,2026-07-17T0100,23,NA,0.6,5,10,30,NA,33,
白银市,第三小学,104.1727,36.5448,2026-07-17T0100,21,42,0.5,35,6,39,NA,42,
白银市,动力公司,104.1467,36.5482,2026-07-17T0100,20,NA,0.5,15,1,32,NA,29,
百色市,市监测站,106.6102,23.901,2026-07-17T0100,11,28,0.4,13,12,24,NA,28,
百色市,市中心血站,106.6524,23.8842,2026-07-17T0100,14,24,0.0,10,10,40,NA,24,
百色市,龙景西路,106.6273,23.8798,2026-07-17T0100,19,33,0.4,12,18,31,NA,33,
蚌埠市,工人疗养院,117.396,32.9389,2026-07-17T0100,14,22,0.3,11,5,49,NA,22,
蚌埠市,百货大楼,117.3606,32.9428,2026-07-17T0100,11,34,0.8,15,9,53,NA,34,
蚌埠市,蚌埠学院,117.4183,32.8909,2026-07-17T0100,17,22,0.4,6,5,41,NA,25,
蚌埠市,淮上区政府,117.3534,32.9672,2026-07-17T0100,18,24,0.5,9,7,60,NA,26,
蚌埠市,高新区,117.3143,32.8977,2026-07-17T0100,23,29,0.4,14,9,37,NA,33,
蚌埠市,蚌埠田家炳中学,117.3091,32.9314,2026-07-17T0100,25,35,0.7,13,7,44,NA,36,
包头市,市环境监测站,109.8761,40.6533,2026-07-17T0100,11,NA,0.5,15,4,85,NA,27,
包头市,包头八中,109.9992,40.5843,2026-07-17T0100,18,21,0.7,17,7,81,NA,26,
包头市,惠龙物流,109.8641,40.6288,2026-07-17T0100,14,24,0.5,12,2,90,NA,29,
包头市,东河鸿龙湾,110.0376,40.5546,2026-07-17T0100,13,16,0.4,19,6,85,NA,27,
包头市,滨河大厦,109.9154,40.5684,2026-07-17T0100,17,NA,0.6,16,6,91,NA,29,
包头市,包头市委党校,109.9449,40.6259,2026-07-17T0100,11,21,0.6,20,8,86,NA,27,
包头市,昆区政府,109.8332,40.6577,2026-07-17T0100,21,NA,0.6,15,2,97,NA,31,
宝鸡市,竹园沟,107.0802,34.3129,2026-07-17T0100,3,10,0.7,4,7,53,NA,17,
宝鸡市,监测站,107.1429,34.3549,2026-07-17T0100,3,13,0.4,6,7,48,NA,15,
宝鸡市,技工学校,107.1172,34.3759,2026-07-17T0100,3,NA,0.5,2,5,58,NA,19,
宝鸡市,文理学院,107.2025,34.3518,2026-07-17T0100,3,27,0.5,9,7,53,NA,27,
宝鸡市,三迪小学,107.2396,34.3626,2026-07-17T0100,3,12,0.5,2,3,59,NA,19,
宝鸡市,滨河北路,107.1721,34.3558,2026-07-17T0100,3,6,0.6,4,6,48,NA,15,
宝鸡市,陈仓区北开路21号,107.3898,34.3601,2026-07-17T0100,3,13,0.4,6,4,56,NA,18,
保定市,游泳馆,115.4803,38.8568,2026-07-17T0100,6,13,0.1,4,5,103,NA,33,
保定市,华电二区,115.509,38.8895,2026-07-17T0100,3,12,0.3,4,2,103,NA,33,
保定市,接待中心,115.4588,38.9037,2026-07-17T0100,11,24,0.1,7,2,88,NA,28,
保定市,地表水厂,115.4484,38.8344,2026-07-17T0100,9,19,0.1,21,2,79,NA,25,
保定市,满城区生态环境分局,115.3136,38.9511,2026-07-17T0100,6,NA,0,2,3,136,NA,43,
保定市,清苑区第二中学,115.4709,38.7628,2026-07-17T0100,6,11,0.3,17,4,96,NA,30,
保定市,徐水物探局,115.6231,39.0223,2026-07-17T0100,20,NA,0.3,21,2,54,NA,29,
保定市,双鹰农机,115.4199,38.8665,2026-07-17T0100,3,NA,0.0,2,2,98,NA,31,
保定市,植保所站,115.515,38.8589,2026-07-17T0100,3,23,0,5,3,97,NA,31,
保山市,市环境监测站,99.1589,25.1137,2026-07-17T0100,3,8,0.2,6,6,48,NA,15,
保山市,市环保局,99.1616,25.1381,2026-07-17T0100,3,11,0.3,2,5,46,NA,15,
北海市,海滩公园,109.1435,21.4085,2026-07-17T0100,18,53,0.5,2,2,56,NA,53,颗粒物(PM10)
北海市,新市环保局,109.0983,21.466,2026-07-17T0100,17,32,0.6,3,3,60,NA,32,
北海市,北海工业园,109.1775,21.5232,2026-07-17T0100,3,29,0.2,2,1,54,NA,29,
北海市,龙潭自来水厂,109.1844,21.4396,2026-07-17T0100,14,39,0.5,1,3,51,NA,39,
北京市,万寿西宫,116.3611,39.8786,2026-07-17T0100,21,65,0.6,30,4,79,NA,61,颗粒物(PM10)
北京市,东四,116.4174,39.9289,2026-07-17T0100,28,53,0.5,30,6,77,NA,53,颗粒物(PM10)
北京市,天坛,116.4073,39.8858,2026-07-17T0100,23,42,0.7,24,3,47,NA,42,
北京市,农展馆,116.4622,39.9364,2026-07-17T0100,20,45,0.8,36,4,62,NA,45,
北京市,官园,116.3399,39.9293,2026-07-17T0100,27,54,0.7,31,7,80,NA,53,颗粒物(PM10)
北京市,海淀万柳,116.2879,39.9613,2026-07-17T0100,NA,46,0.6,28,3,75,NA,NA,NA
北京市,顺义新城,116.6635,40.1349,2026-07-17T0100,21,39,0.5,25,2,52,NA,39,
北京市,怀柔镇,116.6275,40.327,2026-07-17T0100,NA,NA,NA,NA,NA,NA,110,NA,NA
北京市,昌平镇,116.2295,40.217,2026-07-17T0100,32,53,1.0,12,3,107,NA,53,颗粒物(PM10)
北京市,奥体中心,116.3968,39.982,2026-07-17T0100,30,55,0.7,21,4,80,NA,54,颗粒物(PM10)
北京市,密云新城,116.8336,40.4095,2026-07-17T0100,20,34,0.7,12,2,59,NA,34,
北京市,门头沟三家店,116.0879,39.9725,2026-07-17T0100,13,24,0.4,13,3,70,NA,24,
北京市,丰台云岗,116.1507,39.8246,2026-07-17T0100,15,67,0.4,30,3,53,NA,63,颗粒物(PM10)
北京市,房山燕山,115.9578,39.7602,2026-07-17T0100,26,45,0.6,6,1,69,NA,45,
北京市,大兴旧宫,116.4669,39.7734,2026-07-17T0100,19,44,0.7,23,2,62,NA,44,
北京市,延庆石河营,115.9859,40.4562,2026-07-17T0100,25,39,0.5,14,3,78,NA,39,
北京市,怀柔新城,116.6151,40.3052,2026-07-17T0100,8,38,0.9,9,1,65,NA,38,
北京市,丰台小屯,116.2542,39.8764,2026-07-17T0100,20,46,0.5,23,2,63,NA,46,
北京市,密云镇,116.8399,40.3843,2026-07-17T0100,14,38,0.6,19,4,78,NA,38,
北京市,延庆百泉,115.9423,40.4431,2026-07-17T0100,28,48,0.5,10,1,77,NA,48,
北京市,通州新华,116.6598,39.9164,2026-07-17T0100,21,51,0.8,33,5,64,NA,51,颗粒物(PM10)
北京市,石景山八角,116.1942,39.9158,2026-07-17T0100,11,34,0.4,7,4,99,NA,34,
北京市,平谷新城,117.078628,40.151726,2026-07-17T0100,19,35,0.6,9,1,75,NA,35,
本溪市,大峪,123.8274146,41.31234549,2026-07-17T0100,18,32,0.7,33,6,17,NA,32,
本溪市,彩屯,123.7169,41.3094,2026-07-17T0100,26,40,1.4,22,7,20,NA,40,
本溪市,东明,123.7672166,41.28649327,2026-07-17T0100,20,40,0.7,31,5,28,NA,40,
本溪市,新立屯,123.799345,41.266614,2026-07-17T0100,9,32,0.7,34,8,29,NA,32,
本溪市,威宁,123.829144,41.336777,2026-07-17T0100,16,39,0.7,28,9,15,NA,39,
毕节市,八中,105.287,27.3133,2026-07-17T0100,24,43,0.6,20,17,33,NA,43,
毕节市,师专,105.3079,27.2987,2026-07-17T0100,20,26,0.6,25,7,33,NA,29,
毕节市,工业大道,105.3688,27.3598,2026-07-17T0100,24,28,/,10,6,51,NA,35,
滨州市,第二水厂,117.9961,37.3604,2026-07-17T0100,38,58,0.6,30,7,56,NA,56,"颗粒物(PM10),细颗粒物(PM2.5)"
滨州市,北中新校,117.9789,37.3931,2026-07-17T0100,39,48,0.8,25,6,81,NA,58,细颗粒物(PM2.5)
滨州市,中海酒店,117.9379,37.3959,2026-07-17T0100,39,NA,0.7,16,11,90,NA,58,细颗粒物(PM2.5)
滨州市,开发区一中,117.9381509,37.35547456,2026-07-17T0100,42,61,0.8,24,11,68,NA,64,细颗粒物(PM2.5)
滨州市,金海六路,118.0914,37.6938,2026-07-17T0100,41,51,0.7,15,6,82,NA,62,细颗粒物(PM2.5)
滨州市,滨州市西街道办事处,117.9955,37.3752,2026-07-17T0100,42,48,0.7,28,3,63,NA,64,细颗粒物(PM2.5)
亳州市,污水处理厂,115.8071,33.8399,2026-07-17T0100,3,11,0.3,5,2,58,NA,19,
亳州市,三国揽胜宫,115.7789,33.8519,2026-07-17T0100,3,22,0.3,3,3,69,NA,22,
亳州市,亳州学院,115.7631,33.803,2026-07-17T0100,3,NA,0.2,4,1,95,NA,30,
博尔塔拉蒙古自治州,市党校,82.0482,44.8553,2026-07-17T0100,15,42,0.2,12,3,70,NA,42,
博尔塔拉蒙古自治州,市环保局,82.0805,44.8966,2026-07-17T0100,NA,NA,NA,42,5,42,NA,NA,NA
沧州市,沧县城建局,116.8733,38.2922,2026-07-17T0100,35,61,0.5,9,5,89,NA,58,颗粒物(PM10)
沧州市,电视转播站,116.8462,38.3189,2026-07-17T0100,35,84,0.5,12,3,64,NA,75,颗粒物(PM10)
沧州市,市环保局,116.8588,38.3161,2026-07-17T0100,39,93,0.6,11,1,88,NA,81,颗粒物(PM10)
沧州市,河北水利电力学院,116.8011,38.294,2026-07-17T0100,34,51,0.6,11,2,94,NA,51,颗粒物(PM10)
昌都市,昌都监测站,97.1813,31.1289,2026-07-17T0100,3,6,0.5,6,4,39,NA,13,
昌都市,昌都会议中心,97.1707,31.1428,2026-07-17T0100,3,6,0.1,5,5,44,NA,14,
昌吉回族自治州,新区政务中心,87.2722,44.0298,2026-07-17T0100,22,NA,0.2,16,11,NA,NA,NA,NA
昌吉回族自治州,亚心广场,87.3069,44.0093,2026-07-17T0100,16,46,0.3,31,8,68,NA,46,
昌吉回族自治州,财政所,87.2057,43.9289,2026-07-17T0100,14,37,0.1,11,7,65,NA,37,
长春市,客车厂,125.2874,43.9024,2026-07-17T0100,16,36,0.4,13,4,77,NA,36,
长春市,邮电学院,125.2943,43.8508,2026-07-17T0100,14,26,0.3,17,6,55,NA,26,
长春市,劳动公园,125.3648,43.8745,2026-07-17T0100,15,25,0.2,12,5,58,NA,25,
长春市,园林处,125.3233,43.8781,2026-07-17T0100,15,20,0.3,11,3,75,NA,24,
长春市,净月潭,125.4604,43.7904,2026-07-17T0100,18,24,0.3,9,6,49,NA,26,
长春市,经开区环卫处,125.38,43.8422,2026-07-17T0100,18,27,0.3,12,2,51,NA,27,
长春市,高新区管委会,125.234,43.7761,2026-07-17T0100,15,16,0.2,9,4,51,NA,22,
长春市,岱山公园,125.1695,43.83,2026-07-17T0100,22,48,0.2,17,2,60,NA,48,
长春市,北亚泰大街1068号,125.334645,43.916281,2026-07-17T0100,14,23,0.3,12,3,78,NA,25,
长沙市,经开区环保局,113.082,28.2421,2026-07-17T0100,13,22,0.6,7,6,41,NA,22,
长沙市,高开区环保局,112.8873,28.2202,2026-07-17T0100,10,22,0.6,7,5,42,NA,22,
长沙市,马坡岭,113.0785,28.2012,2026-07-17T0100,13,26,0.5,12,8,38,NA,26,
长沙市,湖南师范大学,112.9448,28.1894,2026-07-17T0100,12,16,0.3,7,12,45,NA,18,
长沙市,雨花区环保局,113.0177,28.1322,2026-07-17T0100,14,17,0.6,12,8,40,NA,20,
长沙市,伍家岭,112.9795,28.2593,2026-07-17T0100,11,18,0.3,10,5,43,NA,18,
长沙市,火车新站,113.002,28.1944,2026-07-17T0100,10,20,0.5,8,8,33,NA,20,
长沙市,天心区环保局,112.9846,28.1177,2026-07-17T0100,12,18,0.3,13,5,48,NA,18,
长沙市,湖南中医药大学,112.8906,28.1307,2026-07-17T0100,12,23,0.4,22,8,28,NA,23,
长治市,清华站,113.1146,36.1547,2026-07-17T0100,16,NA,0.7,6,8,94,NA,30,
长治市,审计局,113.0887,36.2126,2026-07-17T0100,13,18,0.7,4,10,98,NA,31,
长治市,长治八中,113.0845,36.1856,2026-07-17T0100,12,22,0.8,6,11,95,NA,30,
长治市,德盛苑,113.1561,36.1912,2026-07-17T0100,7,20,0.6,8,10,94,NA,30,
长治市,向阳小学,113.0603,36.0464,2026-07-17T0100,17,18,0.5,11,4,79,NA,25,
长治市,屯留一中,112.8788,36.315,2026-07-17T0100,12,NA,0.5,11,9,76,NA,24,
长治市,英华南巷50号,113.113092,36.199482,2026-07-17T0100,16,21,0.4,6,10,99,NA,31,
长治市,学府街1号,113.23666,36.33435,2026-07-17T0100,6,20,0.3,6,4,116,NA,37,
常德市,市二中,111.696,28.9725,2026-07-17T0100,8,15,0.8,3,7,56,NA,18,
常德市,武陵区永安,111.7152,29.0288,2026-07-17T0100,8,13,0.4,3,6,52,NA,17,
常德市,鼎城区玉霞,111.6891,28.9881,2026-07-17T0100,10,11,0.9,2,8,53,NA,17,
常德市,武陵区长庚,111.6651,29.0526,2026-07-17T0100,7,19,0.6,2,7,53,NA,19,
常州市,市监测站,119.9524,31.7586,2026-07-17T0100,3,20,0.4,8,15,56,NA,20,
常州市,武进监测站,119.9351,31.703,2026-07-17T0100,14,22,0.4,15,4,54,NA,22,
常州市,行政中心,119.9701,31.813,2026-07-17T0100,12,18,0.4,13,13,48,NA,18,
常州市,经开区,120.0434,31.7726,2026-07-17T0100,19,30,0.6,14,8,52,NA,30,
常州市,钟楼,119.8919,31.7892,2026-07-17T0100,18,22,0.5,31,10,33,NA,26,
常州市,武进经发区,119.8595,31.706,2026-07-17T0100,13,NA,0.7,16,4,31,NA,NA,NA
常州市,金坛城区,119.5812,31.7256,2026-07-17T0100,16,27,0.6,19,6,30,NA,27,
常州市,崇义南街5-H号,119.9551,31.863,2026-07-17T0100,30,32,0.7,26,6,22,NA,43,
朝阳市,西梁,120.4318,41.588,2026-07-17T0100,9,22,0.7,15,8,66,NA,22,
朝阳市,河畔小区,120.452,41.565,2026-07-17T0100,10,25,0.7,12,10,77,NA,25,
朝阳市,八里堡,120.4176,41.5648,2026-07-17T0100,28,28,0.6,15,6,59,NA,40,
潮州市,市政府,116.6179,23.6608,2026-07-17T0100,12,15,0.6,16,5,31,NA,18,
潮州市,金山,116.646,23.676,2026-07-17T0100,8,8,0.4,8,2,38,NA,12,
郴州市,市职中,113.0116,25.8228,2026-07-17T0100,14,21,0.7,4,6,68,NA,22,
郴州市,市审计局,113.0381,25.8074,2026-07-17T0100,16,18,/,3,19,54,NA,23,
郴州市,市环保局,113.0348,25.7757,2026-07-17T0100,15,NA,0.5,5,22,63,NA,22,
郴州市,好美居路49号,113.0138,25.8011,2026-07-17T0100,3,15,/,4,8,68,NA,22,
成都市,金泉两河,103.9727,30.7242,2026-07-17T0100,8,13,0.5,6,1,103,NA,33,
成都市,十里店,104.1423,30.6765,2026-07-17T0100,7,32,0.6,2,4,103,NA,33,
成都市,三瓦窑,104.0594,30.5765,2026-07-17T0100,11,16,0.5,2,4,100,NA,32,
成都市,沙河铺,104.1122,30.6306,2026-07-17T0100,14,NA,0.4,4,4,89,NA,28,
成都市,大石西路,104.0219,30.6561,2026-07-17T0100,2,NA,0.6,5,3,100,NA,NA,NA
成都市,龙泉驿区区政府,104.2724,30.559,2026-07-17T0100,3,6,0.6,2,7,105,NA,33,
成都市,金博路,104.0028,30.6891,2026-07-17T0100,6,33,0.7,5,7,95,NA,33,
成都市,华阳,104.056,30.5228,2026-07-17T0100,3,14,0.7,NA,1,104,NA,NA,NA
成都市,青白江技师分院,104.387954,30.746684,2026-07-17T0100,11,15,0.7,4,5,94,NA,30,
成都市,科学城,104.0788,30.4054,2026-07-17T0100,10,NA,0.7,3,5,NA,NA,NA,NA
成都市,光华大道三段,103.8505,30.6946,2026-07-17T0100,3,6,0.5,3,3,107,NA,34,
成都市,八角井街185号,104.3257,30.6406,2026-07-17T0100,3,98,0.6,4,5,101,NA,85,颗粒物(PM10)
成都市,鲸龙路1057号,104.2433276,30.53529463,2026-07-17T0100,3,11,0.7,8,7,98,NA,31,
承德市,铁路,117.9531,40.908,2026-07-17T0100,14,22,0.4,11,4,29,NA,22,
承德市,中国银行,117.9397,40.9763,2026-07-17T0100,3,27,0.3,12,2,9,NA,27,
承德市,杏林街1号,117.9462,40.95,2026-07-17T0100,16,25,0.7,13,3,15,NA,25,
承德市,滨河大街98号,117.7994,40.9605,2026-07-17T0100,10,21,0.4,13,4,22,NA,21,
池州市,池州学院,117.4698,30.6617,2026-07-17T0100,9,17,0.4,15,4,39,NA,17,
池州市,展览馆,117.4918,30.6617,2026-07-17T0100,11,NA,0.4,10,3,48,NA,16,
池州市,第八中学,117.5626,30.695,2026-07-17T0100,9,18,0.5,15,4,32,NA,18,
池州市,第十二中学,117.5037,30.6242,2026-07-17T0100,9,20,1.3,17,5,29,NA,20,
赤峰市,松山一中,118.9229,42.2816,2026-07-17T0100,3,11,0.5,7,15,119,NA,38,
赤峰市,哈达街,118.9588,42.2733,2026-07-17T0100,7,8,0.4,8,13,102,NA,32,
赤峰市,天义路,118.8792,42.2551,2026-07-17T0100,11,11,0.5,11,22,96,NA,30,
赤峰市,银河街,119.2656,42.0356,2026-07-17T0100,10,18,0.5,16,49,56,NA,18,
赤峰市,桥北物流园区,118.9359,42.3146,2026-07-17T0100,19,34,0.8,10,6,103,NA,34,
崇左市,市环保局江州分局,107.3473,22.4137,2026-07-17T0100,13,24,0.6,11,9,16,NA,24,
崇左市,石景林东路7号,107.375,22.3736,2026-07-17T0100,13,16,0.4,14,3,19,NA,19,
滁州市,市政府原办公楼,118.31131,32.3033,2026-07-17T0100,19,NA,0.3,4,6,65,NA,28,
滁州市,图书馆,118.3268,32.2633,2026-07-17T0100,16,23,0.2,2,7,57,NA,23,
滁州市,银山路666号,118.3196,32.3335,2026-07-17T0100,11,11,0.3,4,4,71,NA,23,
滁州市,黄山路555号,118.3426,32.2979,2026-07-17T0100,21,24,0.5,7,8,60,NA,30,
楚雄彝族自治州,市经济开发区,101.5379,25.0492,2026-07-17T0100,7,14,0.7,4,2,40,NA,14,
楚雄彝族自治州,团结路562号,101.5536,25.0343,2026-07-17T0100,3,13,0.5,3,2,45,NA,15,
达州市,市环境监测站,107.5087,31.2186,2026-07-17T0100,18,29,0.4,16,12,33,NA,29,
达州市,凤凰小区,107.4988,31.2132,2026-07-17T0100,35,NA,0.2,17,18,NA,NA,NA,NA
达州市,达县机关宾馆,107.5081,31.1987,2026-07-17T0100,NA,NA,NA,NA,NA,NA,102,NA,NA
达州市,市政中心,107.4644,31.2124,2026-07-17T0100,16,33,0.2,16,21,45,NA,33,
大理白族自治州,大理市环境监测站,100.2168,25.5818,2026-07-17T0100,3,6,0.4,9,4,44,NA,14,
大理白族自治州,大理古城,100.1542,25.7055,2026-07-17T0100,6,11,0.9,8,4,36,NA,12,
大连市,甘井子,121.6119,38.974,2026-07-17T0100,36,45,0.7,7,8,128,NA,52,细颗粒物(PM2.5)
大连市,周水子,121.565,38.9509,2026-07-17T0100,34,40,0.7,10,6,104,NA,49,
大连市,星海三站,121.5637,38.8849,2026-07-17T0100,25,27,0.8,2,7,125,NA,40,
大连市,青泥洼桥,121.6301,38.9117,2026-07-17T0100,26,28,0.6,4,6,87,NA,38,
大连市,傅家庄,121.6248,38.8643,2026-07-17T0100,20,21,0.7,3,6,127,NA,40,
大连市,七贤岭,121.5117,38.8636,2026-07-17T0100,19,30,0.8,3,6,100,NA,32,
大连市,金州,121.7507,39.1339,2026-07-17T0100,48,53,0.8,11,9,104,NA,76,细颗粒物(PM2.5)
大连市,开发区,121.7811,39.0495,2026-07-17T0100,46,63,0.7,13,9,115,NA,72,细颗粒物(PM2.5)
大连市,双D港,121.9762,39.0631,2026-07-17T0100,24,28,0.9,6,6,78,NA,35,
大连市,旅顺,121.2548,38.8188,2026-07-17T0100,27,31,0.5,7,6,96,NA,39,
大庆市,大同区,124.8085,46.0381,2026-07-17T0100,7,33,0.2,20,6,61,NA,33,
大庆市,龙凤区,125.1166,46.5255,2026-07-17T0100,13,NA,0.3,18,8,48,NA,19,
大庆市,红岗区,124.8894,46.4007,2026-07-17T0100,17,22,0.4,16,4,45,NA,25,
大庆市,萨尔图区,125.1391,46.578,2026-07-17T0100,20,21,0.1,11,8,52,NA,29,
大庆市,让胡路区,124.9026,46.6217,2026-07-17T0100,16,22,0.4,9,4,50,NA,23,
大庆市,萨区政府监测点,125.127,46.6277,2026-07-17T0100,17,29,0.2,7,5,51,NA,29,
大同市,云冈宾馆,113.2926,40.0759,2026-07-17T0100,3,24,0.6,10,8,92,NA,29,
大同市,大同大学,113.3437,40.0921,2026-07-17T0100,10,24,0.4,19,7,78,NA,25,
大同市,安家小村,113.2637,40.129,2026-07-17T0100,8,23,0.3,37,7,41,NA,23,
大同市,大同市卫生学校,113.3399,40.0586,2026-07-17T0100,3,15,0.5,13,7,108,NA,34,
大同市,云冈站,113.1371,40.1122,2026-07-17T0100,12,NA,0.6,11,5,69,NA,22,
大同市,图书馆,113.1186,40.2556,2026-07-17T0100,3,13,0.4,10,6,84,NA,27,
大同市,区一中,113.5931,40.0459,2026-07-17T0100,3,20,0.3,11,10,121,NA,38,
大同市,魏都大道141号,113.2798248,40.09972476,2026-07-17T0100,9,14,0.4,14,7,77,NA,25,
大兴安岭地区,科技局,124.1068,50.4091,2026-07-17T0100,3,15,0.1,2,5,17,NA,15,
大兴安岭地区,红旗社区,124.117,50.4279,2026-07-17T0100,8,NA,0.1,2,4,23,NA,12,
丹东市,江湾东路,124.33,40.0625,2026-07-17T0100,29,36,0.7,9,3,78,NA,42,
丹东市,临江后街,124.4242,40.1513,2026-07-17T0100,47,NA,0.7,6,3,73,NA,74,细颗粒物(PM2.5)
丹东市,元宝山,124.3935,40.1461,2026-07-17T0100,75,77,1.4,13,2,54,NA,114,细颗粒物(PM2.5)
丹东市,民主桥,124.3634,40.1093,2026-07-17T0100,63,71,1.1,11,5,66,NA,103,细颗粒物(PM2.5)
儋州市,第一中学子站,109.5726195,19.51688767,2026-07-17T0100,10,25,0.5,2,2,42,NA,25,
儋州市,东坡学校子站,109.5567,19.5187,2026-07-17T0100,10,20,0.5,2,3,40,NA,20,
德宏傣族景颇族自治州,德宏州监测站,98.5611,24.4273,2026-07-17T0100,14,14,0.7,9,4,15,NA,20,
德宏傣族景颇族自治州,芒市人民政府综合楼,98.5887,24.4366,2026-07-17T0100,10,44,0.7,6,5,15,NA,44,
德阳市,东山公园,104.424,31.1209,2026-07-17T0100,6,14,0.7,2,4,81,NA,26,
德阳市,西小区,104.3827,31.1318,2026-07-17T0100,7,24,0.7,5,9,89,NA,28,
德阳市,耐火材料厂,104.3553,31.1091,2026-07-17T0100,7,21,0.5,2,3,84,NA,27,
德阳市,市林业局,104.4144,31.1495,2026-07-17T0100,8,16,0.6,4,11,87,NA,28,
德州市,儿童乐园,116.3034,37.4675,2026-07-17T0100,56,NA,0.9,13,9,93,NA,92,细颗粒物(PM2.5)
德州市,监理站,116.2992,37.4449,2026-07-17T0100,40,44,0.5,9,12,114,NA,60,细颗粒物(PM2.5)
德州市,九衢泉纯净水厂,116.2722,37.438,2026-07-17T0100,44,NA,0.7,11,10,113,NA,68,细颗粒物(PM2.5)
德州市,开发区人民医院,116.3693,37.44,2026-07-17T0100,55,56,0.7,16,7,108,NA,90,细颗粒物(PM2.5)
德州市,陵城艺术中心,116.5687,37.3331,2026-07-17T0100,53,NA,0.5,12,6,93,NA,86,细颗粒物(PM2.5)
德州市,新河东路,116.352738,37.420875,2026-07-17T0100,46,46,0.7,16,12,120,NA,72,细颗粒物(PM2.5)
迪庆藏族自治州,迪庆州站,99.7054,27.8319,2026-07-17T0100,16,27,0.4,20,12,12,NA,27,
迪庆藏族自治州,质量技术监督局,99.7122,27.8129,2026-07-17T0100,9,20,0.3,16,7,22,NA,20,
定西市,将台街,104.6092,35.5962,2026-07-17T0100,16,45,0.2,22,5,40,NA,45,
定西市,正龙路62号,104.6159,35.5701,2026-07-17T0100,16,45,0.2,9,6,44,NA,45,
定州市,交通局,114.9883,38.5232,2026-07-17T0100,3,24,0.6,17,7,98,NA,31,
定州市,第五中学,115.0045,38.5136,2026-07-17T0100,9,16,0.9,14,6,95,NA,30,
东莞市,东城石井,113.7943,23.0132,2026-07-17T0100,6,9,0.7,23,3,15,NA,12,
东莞市,南城西平,113.7384,22.9659,2026-07-17T0100,15,24,1.0,25,7,18,NA,24,
东莞市,万江金泰,113.7283,23.041,2026-07-17T0100,14,19,0.6,28,8,11,NA,20,
东莞市,裕兴路,113.8666,23.1062,2026-07-17T0100,12,25,0.7,34,6,15,NA,25,
东莞市,教育路1号,114.0076,22.9739,2026-07-17T0100,9,19,0.7,22,7,26,NA,19,
东莞市,长怡路1号,113.7981,22.8124,2026-07-17T0100,14,29,0.7,34,6,11,NA,29,
东营市,市环保局,118.6612,37.4313,2026-07-17T0100,11,17,0.5,5,6,120,NA,38,
东营市,开发区管委会,118.6903,37.4337,2026-07-17T0100,7,28,0.5,7,4,129,NA,41,
东营市,垦利区民丰路,118.5721,37.5654,2026-07-17T0100,21,24,0.2,14,5,124,NA,39,
东营市,河口城区,118.5063,37.8606,2026-07-17T0100,18,29,0.6,10,8,143,NA,45,
东营市,胜利站,118.4979,37.4623,2026-07-17T0100,6,32,0.9,6,2,108,NA,34,
东营市,理想之城,118.5753,37.4405,2026-07-17T0100,3,17,NA,8,6,NA,NA,NA,NA
鄂尔多斯市,综合楼,110.0024,39.8127,2026-07-17T0100,8,14,0.7,23,4,80,NA,25,
鄂尔多斯市,巴音孟克林场办事处,109.9485,39.8259,2026-07-17T0100,11,NA,0.6,11,4,110,NA,35,
鄂尔多斯市,康泽苑,109.7734,39.5987,2026-07-17T0100,15,22,0.3,14,11,65,NA,22,
鄂尔多斯市,华泰汽车城,109.8121,39.5987,2026-07-17T0100,15,22,0.8,15,7,70,NA,22,
鄂尔多斯市,奥林花园,109.9734,39.7884,2026-07-17T0100,7,27,0.5,22,4,64,NA,27,
鄂州市,市政府,114.894,30.3989,2026-07-17T0100,8,32,0.4,8,1,63,NA,32,
鄂州市,赵家坝,114.8986,30.3714,2026-07-17T0100,6,30,0.4,2,6,76,NA,30,
鄂州市,精准医疗中心,114.8093,30.4091,2026-07-17T0100,18,24,0.4,6,4,66,NA,26,
恩施土家族苗族自治州,湖北民院,109.4978,30.2979,2026-07-17T0100,11,19,0.4,3,6,46,NA,19,
恩施土家族苗族自治州,龙凤新区,109.5061,30.3771,2026-07-17T0100,10,12,0.4,6,6,30,NA,15,
防城港市,沙万,108.3411,21.6159,2026-07-17T0100,14,35,0.5,13,5,44,NA,35,
防城港市,防城档案局,108.3515,21.7733,2026-07-17T0100,12,18,0.6,14,1,11,NA,18,
防城港市,大海花园,108.3506,21.6414,2026-07-17T0100,NA,NA,NA,NA,NA,NA,57,NA,NA
佛山市,湾梁,113.1293,23.0065,2026-07-17T0100,11,12,/,34,/,14,NA,17,
佛山市,华材职中,113.1082,23.0477,2026-07-17T0100,13,17,0.4,24,7,20,NA,19,
佛山市,南海气象局,113.1439,23.045,2026-07-17T0100,12,13,/,28,/,21,NA,18,
佛山市,顺德苏岗,113.2879,22.8094,2026-07-17T0100,8,NA,0.5,20,/,23,NA,12,
佛山市,高明孔堂,112.8384,22.8678,2026-07-17T0100,13,31,/,13,/,28,NA,31,
佛山市,三水监测站,112.8835,23.1584,2026-07-17T0100,18,19,0.8,28,3,11,NA,26,
佛山市,三水云东海,112.8668,23.185,2026-07-17T0100,20,29,/,32,/,9,NA,29,
佛山市,容桂街道办,113.2568,22.7629,2026-07-17T0100,11,NA,/,20,/,23,NA,16,
福州市,师大,119.2681,26.0506,2026-07-17T0100,12,20,0.2,5,4,52,NA,20,
福州市,五四北路,119.2983,26.1028,2026-07-17T0100,10,NA,0.4,13,4,39,NA,15,
福州市,杨桥西路,119.2648,26.0769,2026-07-17T0100,8,21,/,7,4,52,NA,21,
福州市,九龙,119.5799,26.0937,2026-07-17T0100,6,17,0.2,11,7,43,NA,17,
福州市,吴航,119.5188,25.9666,2026-07-17T0100,11,21,0.5,10,6,43,NA,21,
福州市,路通桥巷6号,119.3106,26.0648,2026-07-17T0100,17,22,/,11,/,39,NA,25,
抚顺市,望花区,123.7974,41.8494,2026-07-17T0100,21,53,0.7,25,15,20,NA,53,颗粒物(PM10)
抚顺市,顺城区,123.9161,41.8827,2026-07-17T0100,17,31,0.6,24,9,17,NA,31,
抚顺市,东洲区,124.0437,41.8615,2026-07-17T0100,14,23,0.3,11,8,42,NA,23,
抚顺市,新抚区,123.9246,41.8638,2026-07-17T0100,15,30,0.5,24,8,9,NA,30,
抚顺市,大伙房水库,124.0972,41.8961,2026-07-17T0100,17,17,0.6,17,11,30,NA,25,
抚顺市,沈抚新城,123.708,41.8386,2026-07-17T0100,22,37,1.0,40,11,17,NA,37,
抚州市,市站,116.3544,27.9833,2026-07-17T0100,9,16,0.6,1,3,44,NA,16,
抚州市,血防站,116.3562,27.9631,2026-07-17T0100,6,25,0.6,8,5,35,NA,25,
抚州市,采茶剧团,116.3561,28.0007,2026-07-17T0100,3,18,0.6,7,13,46,NA,18,
抚州市,医学分院,116.3854,27.9648,2026-07-17T0100,3,18,0.6,4,3,40,NA,18,
阜新市,工业园区,121.6095,41.9978,2026-07-17T0100,29,NA,0.6,27,22,74,NA,NA,NA
阜新市,长青街,121.6567,42.0188,2026-07-17T0100,10,20,0.5,19,13,86,NA,27,
阜新市,农业园区,121.6672,42.07,2026-07-17T0100,30,56,0.8,18,17,82,NA,55,颗粒物(PM10)
阜新市,玉龙新城,121.6343,42.0455,2026-07-17T0100,21,33,0.6,31,7,54,NA,33,
阜阳市,市监测站,115.8276,32.8929,2026-07-17T0100,34,NA,0.5,28,5,36,NA,49,
阜阳市,开发区,115.8551,32.8606,2026-07-17T0100,33,NA,0.2,26,4,31,NA,48,
阜阳市,阜阳职业技术学院,115.783962,32.889217,2026-07-17T0100,17,30,0.4,15,3,57,NA,30,
阜阳市,市规划展馆,115.79,32.8614,2026-07-17T0100,23,28,0.5,20,3,46,NA,33,
阜阳市,枣园社区,115.835101,32.918568,2026-07-17T0100,30,31,0.3,32,3,19,NA,43,
甘南藏族自治州,州政府,102.9097,34.9841,2026-07-17T0100,14,29,0.2,26,4,5,NA,29,
甘南藏族自治州,甘肃民族师范学院,102.8915,34.9618,2026-07-17T0100,25,51,0.3,33,4,8,NA,51,颗粒物(PM10)
甘孜藏族自治州,水桥子,101.96,30.048,2026-07-17T0100,13,NA,0.2,11,2,52,NA,19,
甘孜藏族自治州,州环保局,101.9534,29.9976,2026-07-17T0100,8,NA,0.3,11,3,35,NA,12,
赣州市,地委,114.9368,25.8663,2026-07-17T0100,3,16,0.4,4,4,58,NA,19,
赣州市,气象台,114.946,25.8483,2026-07-17T0100,6,18,0.4,5,6,52,NA,18,
赣州市,市图书馆,114.932,25.8332,2026-07-17T0100,7,14,0.7,6,4,55,NA,18,
赣州市,华坚鞋城,114.8905,25.8472,2026-07-17T0100,7,19,0.3,6,1,49,NA,19,
赣州市,赣县区卫计委,115.0094,25.8614,2026-07-17T0100,3,6,0.5,8,3,48,NA,15,
固原市,监测站,106.2753,36.0057,2026-07-17T0100,13,24,0.4,15,7,73,NA,24,
固原市,新区,106.2384,36.0189,2026-07-17T0100,6,33,0.4,12,6,97,NA,33,
广安市,市委,106.6307,30.4577,2026-07-17T0100,32,NA,0.6,11,11,52,NA,46,
广安市,友谊中学,106.6266,30.4662,2026-07-17T0100,32,NA,0.6,11,11,56,NA,46,
广安市,广电花园,106.6386,30.4551,2026-07-17T0100,26,32,0.6,11,9,54,NA,38,
广安市,北辰小学,106.6347,30.4868,2026-07-17T0100,35,NA,0.5,14,8,98,NA,50,
广元市,老城,105.8211,32.4444,2026-07-17T0100,3,14,0.3,5,7,95,NA,30,
广元市,监测站,105.8629,32.429,2026-07-17T0100,3,23,0.3,8,2,89,NA,28,
广元市,经开区,105.8047,32.4167,2026-07-17T0100,3,6,0.4,6,4,98,NA,31,
广州市,广雅中学,113.2346,23.1423,2026-07-17T0100,10,15,0.4,29,4,18,NA,15,
广州市,市五中,113.2611,23.105,2026-07-17T0100,8,15,/,36,3,17,NA,18,
广州市,广东商学院,113.3477,23.0916,2026-07-17T0100,10,15,0.5,38,5,6,NA,19,
广州市,市八十六中,113.4332,23.105,2026-07-17T0100,8,12,/,NA,7,9,NA,NA,NA
广州市,番禺中学,113.3506,22.9488,2026-07-17T0100,7,12,0.3,50,6,2,NA,25,
广州市,花都师范,113.2147,23.3918,2026-07-17T0100,29,36,0.5,41,4,14,NA,42,
广州市,市监测站,113.2599,23.1329,2026-07-17T0100,8,14,/,23,2,21,NA,14,
广州市,九龙镇镇龙,113.5618,23.3119,2026-07-17T0100,18,33,0.5,41,7,0,NA,33,
广州市,麓湖,113.2764,23.1544,2026-07-17T0100,10,14,0.5,34,6,19,NA,17,
广州市,体育西,113.3209,23.1323,2026-07-17T0100,8,13,0.5,48,6,11,NA,24,
广州市,从化街口,113.5718,23.5493,2026-07-17T0100,14,24,0.7,23,8,19,NA,24,
广州市,白云竹料,113.3463,23.369,2026-07-17T0100,17,31,0.7,37,4,12,NA,31,
广州市,白云嘉禾,113.2981,23.2365,2026-07-17T0100,13,19,/,45,7,8,NA,23,
广州市,黄埔科学城,113.4256,23.1716,2026-07-17T0100,13,26,0.5,39,10,0,NA,26,
广州市,番禺大学城,113.3942,23.0485,2026-07-17T0100,3,15,0.5,51,8,5,NA,26,
广州市,南沙黄阁,113.4923,22.8169,2026-07-17T0100,7,10,/,27,7,25,NA,14,
广州市,南沙街,113.534,22.7893,2026-07-17T0100,7,21,0.6,21,8,32,NA,21,
广州市,花都梯面,113.2905,23.5541,2026-07-17T0100,15,26,/,28,6,17,NA,26,
广州市,从化良口,113.786,23.7479,2026-07-17T0100,8,14,/,16,4,23,NA,14,
广州市,增城荔城,113.805,23.2614,2026-07-17T0100,13,22,0.6,27,8,15,NA,22,
贵港市,江南子站,109.604387,23.066791,2026-07-17T0100,NA,NA,NA,NA,NA,NA,NA,NA,NA
贵港市,荷城子站,109.5669,23.1065,2026-07-17T0100,NA,NA,NA,NA,NA,NA,NA,NA,NA
贵港市,新世纪学校,109.5886,23.1172,2026-07-17T0100,12,NA,0.4,18,/,26,NA,18,
贵港市,中山路155-3号,109.5933,23.095,2026-07-17T0100,13,NA,0.5,16,/,30,NA,19,
贵阳市,马鞍山,106.6863,26.6035,2026-07-17T0100,10,NA,/,3,1,62,NA,20,
贵阳市,鉴湖路,106.6241,26.6266,2026-07-17T0100,8,31,0.6,4,6,60,NA,31,
贵阳市,燕子冲,106.7468,26.6344,2026-07-17T0100,15,19,0.6,11,8,45,NA,22,
贵阳市,碧云窝,106.6556,26.4362,2026-07-17T0100,8,39,/,7,8,53,NA,39,
贵阳市,红边门,106.6963,26.6063,2026-07-17T0100,7,17,/,4,NA,59,NA,NA,NA
贵阳市,新华路,106.7162383,26.56964667,2026-07-17T0100,7,22,0.5,7,6,58,NA,22,
贵阳市,太慈桥,106.6742,26.542,2026-07-17T0100,10,12,/,5,3,55,NA,18,
贵阳市,花果园大街66号,106.688212,26.56952,2026-07-17T0100,11,14,/,4,2,56,NA,18,
贵阳市,漓江路57号,106.687268,26.516892,2026-07-17T0100,12,NA,0.6,7,1,0,NA,18,
桂林市,龙隐路小学,110.3091,25.2705,2026-07-17T0100,7,19,0.6,8,4,31,NA,19,
桂林市,八中,110.2849361,25.22909545,2026-07-17T0100,3,22,0.7,14,4,25,NA,22,
桂林市,旅游学院,110.296,25.1254,2026-07-17T0100,3,21,0.3,4,6,41,NA,21,
桂林市,环湖路276号,110.1835,25.2444,2026-07-17T0100,6,7,0.3,7,4,40,NA,13,
桂林市,信义路13号,110.2803,25.2773,2026-07-17T0100,11,14,0.6,13,4,26,NA,16,
果洛藏族自治州,玛沁县大武镇,100.2262,34.4854,2026-07-17T0100,7,24,0.4,3,20,41,NA,24,
哈尔滨市,松北商大,126.5557,45.8109,2026-07-17T0100,10,18,0.4,20,6,50,NA,18,
哈尔滨市,南岗学府路,126.6162,45.719,2026-07-17T0100,9,32,0.4,21,6,48,NA,32,
哈尔滨市,太平宏伟公园,126.6894,45.7733,2026-07-17T0100,3,23,0.2,17,7,55,NA,23,
哈尔滨市,道外承德广场,126.6361,45.7672,2026-07-17T0100,6,40,0.4,20,5,53,NA,40,
哈尔滨市,动力和平路,126.644,45.7261,2026-07-17T0100,3,26,0.2,20,6,48,NA,26,
哈尔滨市,道里建国路,126.5933,45.7479,2026-07-17T0100,10,22,0.3,14,5,50,NA,22,
哈尔滨市,平房东轻厂,126.6127,45.6119,2026-07-17T0100,3,26,0.4,15,9,42,NA,26,
哈尔滨市,呼兰师专,126.5875,45.9827,2026-07-17T0100,3,23,0.3,16,7,59,NA,23,
哈尔滨市,省农科院,126.6299,45.6799,2026-07-17T0100,9,46,0.4,22,5,43,NA,46,
哈尔滨市,华山路1号,126.6769,45.7379,2026-07-17T0100,6,24,0.2,13,7,58,NA,24,
哈尔滨市,解放大街52号,126.9717,45.5356,2026-07-17T0100,3,17,0.3,13,5,43,NA,17,
哈密市,地区监测站,93.5124,42.8176,2026-07-17T0100,8,18,0.0,4,2,115,NA,36,
哈密市,哈密师范学校,93.5014,42.8312,2026-07-17T0100,16,NA,0.2,6,9,109,NA,35,
海北藏族自治州,海晏县西海镇,100.9016,36.9464,2026-07-17T0100,22,25,0.6,5,7,103,NA,33,
海东市,平安区公安局北苑,102.074,36.5056,2026-07-17T0100,18,37,0.4,17,13,80,NA,37,
海东市,滨河路,102.0984,36.5119,2026-07-17T0100,21,29,0.6,68,9,6,NA,34,
海口市,海南大学,110.3189,20.0596,2026-07-17T0100,12,27,0.4,5,4,36,NA,27,
海口市,秀英海南医院,110.2827,20.0051,2026-07-17T0100,9,11,NA,12,5,33,NA,NA,NA
海口市,海南师范大学,110.3391,19.9979,2026-07-17T0100,9,16,0.4,5,3,32,NA,16,
海口市,龙华路环保局宿舍,110.3303,20.0359,2026-07-17T0100,10,14,0.4,5,/,40,NA,15,
海口市,桂林洋子站,110.5111,19.9737,2026-07-17T0100,7,21,/,6,/,34,NA,21,
海口市,长滨二路9号,110.1952,20.0451,2026-07-17T0100,7,20,/,5,/,35,NA,20,
海南藏族自治州,共和县恰卜恰镇,100.6158,36.2985,2026-07-17T0100,8,21,0.6,38,8,20,NA,21,
海西蒙古族藏族自治州,德令哈市,97.373,37.376,2026-07-17T0100,7,14,0.6,2,10,129,NA,41,
邯郸市,矿院,114.492,36.5712,2026-07-17T0100,17,NA,0.4,3,1,109,NA,35,
邯郸市,丛台公园,114.4839,36.6136,2026-07-17T0100,9,15,0.4,4,4,105,NA,33,
邯郸市,香泉濮院小区,114.7893,36.5592,2026-07-17T0100,32,NA,0.5,14,3,82,NA,46,
邯郸市,峰峰矿区临水派出所,114.1998,36.4439,2026-07-17T0100,26,NA,0.2,5,8,60,NA,38,
邯郸市,建安街268号,114.5209,36.7697,2026-07-17T0100,13,18,0.4,8,3,98,NA,31,
邯郸市,丛台东路558号,114.5488,36.6177,2026-07-17T0100,10,34,0.5,12,2,98,NA,34,
汉中市,市监测站,107.0155,33.0707,2026-07-17T0100,3,17,0.3,4,4,81,NA,26,
汉中市,鑫源开发区,107.0083,33.114,2026-07-17T0100,3,6,0.5,5,5,83,NA,26,
汉中市,南郑大河坎水厂,107.0072,33.0323,2026-07-17T0100,3,6,0.3,6,2,81,NA,26,
杭州市,滨江,120.2073,30.2111,2026-07-17T0100,17,29,0.7,21,4,47,NA,29,
杭州市,西溪,120.0625,30.2737,2026-07-17T0100,3,22,0.9,19,4,21,NA,22,
杭州市,下沙,120.3417,30.315,2026-07-17T0100,13,20,0.7,12,5,71,NA,23,
杭州市,卧龙桥,120.1252,30.2465,2026-07-17T0100,13,14,0.6,15,5,12,NA,19,
杭州市,浙江农大,120.1902,30.2691,2026-07-17T0100,17,21,0.5,20,6,46,NA,25,
杭州市,和睦小学,120.1195,30.3121,2026-07-17T0100,16,NA,0.6,10,8,54,NA,23,
杭州市,临平镇,120.3076,30.4146,2026-07-17T0100,14,27,0.6,11,7,54,NA,27,
杭州市,城厢镇,120.2753,30.1839,2026-07-17T0100,10,20,0.6,17,5,41,NA,20,
杭州市,云栖,120.0883,30.1808,2026-07-17T0100,16,23,0.7,20,5,12,NA,23,
杭州市,镇二中,119.9463,30.0496,2026-07-17T0100,13,16,0.7,26,6,32,NA,19,
杭州市,市府大楼,119.7184,30.2367,2026-07-17T0100,12,NA,0.5,10,8,24,NA,18,
杭州市,消防大队,120.1554,30.2863,2026-07-17T0100,15,NA,0.7,6,7,52,NA,22,
合肥市,明珠广场,117.1957,31.7845,2026-07-17T0100,12,14,0.5,8,8,68,NA,22,
合肥市,三里街,117.307,31.8765,2026-07-17T0100,10,14,0.5,11,9,63,NA,20,
合肥市,琥珀山庄,117.2587,31.8703,2026-07-17T0100,10,17,0.4,10,7,69,NA,22,
合肥市,庐阳区,117.2593,31.9376,2026-07-17T0100,8,17,0.8,13,10,63,NA,20,
合肥市,瑶海区,117.345251,31.861615,2026-07-17T0100,10,34,0.4,13,2,60,NA,34,
合肥市,包河区,117.3033,31.7967,2026-07-17T0100,9,22,0.3,9,7,68,NA,22,
合肥市,滨湖新区,117.278,31.7392,2026-07-17T0100,8,9,0.6,9,7,74,NA,24,
合肥市,高新区,117.1324,31.8395,2026-07-17T0100,6,14,0.5,7,7,66,NA,21,
合肥市,高教基地,117.3802,31.9148,2026-07-17T0100,9,12,0.3,7,6,64,NA,20,
合肥市,中国科学技术大学,117.2518,31.8404,2026-07-17T0100,8,17,0.5,14,9,69,NA,22,
和田地区,地区环保局,79.9241,37.0878,2026-07-17T0100,28,85,0.3,28,1,97,NA,75,颗粒物(PM10)
和田地区,市环保局,79.9132,37.1137,2026-07-17T0100,48,138,1.1,52,3,35,NA,107,颗粒物(PM10)
河池市,市环保站,108.0496,24.6957,2026-07-17T0100,9,13,0.7,4,3,32,NA,13,
河池市,上任中路54号,108.0901,24.6945,2026-07-17T0100,3,14,0.7,7,4,34,NA,14,
河源市,东埔,114.6962,23.7538,2026-07-17T0100,36,NA,0.7,14,4,33,NA,52,细颗粒物(PM2.5)
河源市,老城,114.6895,23.7232,2026-07-17T0100,9,20,0.6,16,7,30,NA,20,
菏泽市,定陶老年大学,115.5562,35.089,2026-07-17T0100,35,48,0.9,13,2,73,NA,50,
菏泽市,黄河路600号,115.4239,35.2593,2026-07-17T0100,25,38,0.5,12,4,70,NA,38,
菏泽市,菏泽市人社局,115.5025,35.2727,2026-07-17T0100,22,33,0.5,13,4,66,NA,33,
菏泽市,永昌路1号,115.479691,35.244011,2026-07-17T0100,24,41,0.7,14,6,69,NA,41,
菏泽市,长城路999号,115.471542,35.280012,2026-07-17T0100,22,34,0.7,14,7,69,NA,34,
贺州市,环保小区,111.5264,24.4178,2026-07-17T0100,15,22,0.3,5,9,49,NA,22,
贺州市,政协大楼,111.561,24.4074,2026-07-17T0100,14,NA,0.5,8,12,44,NA,20,
贺州市,西湾,111.4744,24.455,2026-07-17T0100,10,30,0.4,7,12,46,NA,30,
鹤壁市,市监测站,114.17,35.9019,2026-07-17T0100,44,54,1.3,13,2,60,NA,68,细颗粒物(PM2.5)
鹤壁市,市交警支队,114.2953,35.7512,2026-07-17T0100,23,35,0.5,16,7,82,NA,35,
鹤壁市,迎宾馆,114.2877,35.7302,2026-07-17T0100,28,50,0.6,10,6,98,NA,50,
鹤壁市,大新区,114.2616,35.6824,2026-07-17T0100,26,70,0.7,9,9,109,NA,65,颗粒物(PM10)
鹤壁市,南山宾馆,114.1573,35.9607,2026-07-17T0100,45,50,1.2,16,11,78,NA,70,细颗粒物(PM2.5)
鹤岗市,哈啤分公司,130.2537,47.3416,2026-07-17T0100,7,25,0.2,27,5,25,NA,25,
鹤岗市,斯达机电,130.2683,47.3087,2026-07-17T0100,7,24,0.2,20,7,33,NA,24,
鹤岗市,东山纸板厂,130.3114,47.3388,2026-07-17T0100,8,31,0.3,32,7,21,NA,31,
黑河市,交通局,127.4832,50.2524,2026-07-17T0100,3,15,0.1,5,12,31,NA,15,
黑河市,环保局,127.5146,50.2339,2026-07-17T0100,3,6,0.2,5,6,35,NA,11,
衡水市,电机北厂,115.6839,37.754,2026-07-17T0100,39,45,0.5,10,3,71,NA,58,细颗粒物(PM2.5)
衡水市,市监测站,115.6303,37.7318,2026-07-17T0100,42,46,0.6,9,3,72,NA,64,细颗粒物(PM2.5)
衡水市,市城管局,115.6684,37.7216,2026-07-17T0100,28,42,0.3,10,5,70,NA,42,
衡水市,地表水厂,115.599,37.5491,2026-07-17T0100,27,45,0.3,11,3,74,NA,45,
衡阳市,衡阳化工总厂,112.6209,26.9268,2026-07-17T0100,10,18,0.5,9,5,36,NA,18,
衡阳市,珠晖区环保局,112.621,26.8957,2026-07-17T0100,7,13,0.7,7,8,47,NA,15,
衡阳市,市委党校,112.628,26.8654,2026-07-17T0100,9,16,0.4,7,4,39,NA,16,
衡阳市,市监测站,112.6007,26.8977,2026-07-17T0100,9,21,0.6,8,5,46,NA,21,
衡阳市,真空机电公司,112.5658,26.9013,2026-07-17T0100,17,22,1.6,16,10,38,NA,25,
衡阳市,师范学院,112.6703,26.8817,2026-07-17T0100,6,9,0.5,7,9,37,NA,12,
红河哈尼族彝族自治州,州图书馆,103.3757,23.3679,2026-07-17T0100,12,13,0.2,4,3,31,NA,18,
红河哈尼族彝族自治州,蒙自市朝阳路,103.401,23.3561,2026-07-17T0100,3,9,0.2,5,5,31,NA,10,
呼和浩特市,呼市一监,111.6506,40.7517,2026-07-17T0100,15,NA,0.4,8,8,88,NA,28,
呼和浩特市,如意水处理厂,111.7516,40.8369,2026-07-17T0100,12,22,0.5,10,9,108,NA,34,
呼和浩特市,二十九中,111.727798,40.806187,2026-07-17T0100,12,16,0.8,7,11,110,NA,35,
呼和浩特市,化肥厂生活区,111.717,40.7617,2026-07-17T0100,6,20,0.8,10,13,104,NA,33,
呼和浩特市,海东办,111.6519,40.8389,2026-07-17T0100,3,14,0.6,12,7,96,NA,30,
呼和浩特市,成吉思汗西街8号,111.591512,40.827312,2026-07-17T0100,19,22,0.5,22,7,77,NA,28,
呼和浩特市,公园东路75号,111.6597,40.8077,2026-07-17T0100,11,17,0.9,11,16,114,NA,36,
呼和浩特市,金海路35号,111.5427,40.7846,2026-07-17T0100,26,42,0.7,20,8,67,NA,42,
呼伦贝尔市,国华电力东,119.7511,49.1576,2026-07-17T0100,7,27,0.1,5,4,38,NA,27,
呼伦贝尔市,伊敏大街东7号,119.7569,49.2222,2026-07-17T0100,11,29,0.4,6,5,40,NA,29,
湖州市,城西水厂,120.075,30.867,2026-07-17T0100,16,24,0.8,38,6,28,NA,24,
湖州市,仁皇山新区,120.083,30.8929,2026-07-17T0100,22,30,0.6,56,4,14,NA,32,
湖州市,吴兴区站,120.1846,30.8592,2026-07-17T0100,19,25,0.6,30,5,26,NA,28,
湖州市,南浔区站,120.4146,30.8538,2026-07-17T0100,20,NA,0.6,14,4,35,NA,29,
葫芦岛市,龙港区,120.904878,40.721091,2026-07-17T0100,14,58,0.6,10,5,160,NA,56,颗粒物(PM10)
葫芦岛市,化工街,120.8382,40.7521,2026-07-17T0100,21,48,0.7,51,9,75,NA,48,
葫芦岛市,新区,120.8339,40.7078,2026-07-17T0100,23,68,0.8,18,4,129,NA,63,颗粒物(PM10)
葫芦岛市,东城区,120.8697,40.7679,2026-07-17T0100,22,44,0.6,23,4,110,NA,44,
怀化市,河西地税局,109.9297,27.5383,2026-07-17T0100,7,8,/,4,5,48,NA,15,
怀化市,市四医院,109.9783,27.5342,2026-07-17T0100,16,22,0.3,14,2,30,NA,23,
怀化市,监测楼,109.9971,27.5579,2026-07-17T0100,14,24,0.2,8,6,46,NA,24,
淮安市,钵池山,119.0566,33.5991,2026-07-17T0100,47,68,0.6,12,6,45,NA,74,细颗粒物(PM2.5)
淮安市,北京南路,119.0083,33.578,2026-07-17T0100,49,NA,0.8,6,3,51,NA,78,细颗粒物(PM2.5)
淮安市,市监测站,118.9938,33.6083,2026-07-17T0100,43,NA,0.6,10,6,55,NA,66,细颗粒物(PM2.5)
淮安市,楚州区监测站,119.135,33.5038,2026-07-17T0100,61,NA,0.6,10,5,48,NA,101,细颗粒物(PM2.5)
淮安市,新华书店,118.8757,33.2897,2026-07-17T0100,16,23,0.3,13,8,54,NA,23,
淮安市,枚皋中路89号,119.119691,33.550006,2026-07-17T0100,55,NA,0.6,10,7,61,NA,90,细颗粒物(PM2.5)
淮安市,承德北路606号,119.028838,33.631911,2026-07-17T0100,55,NA,0.6,6,5,47,NA,90,细颗粒物(PM2.5)
淮北市,监测站,116.8005,33.9749,2026-07-17T0100,6,12,0.4,2,5,98,NA,31,
淮北市,烈山区政府,116.8094,33.9008,2026-07-17T0100,3,6,0.5,1,3,107,NA,34,
淮北市,市博物馆,116.7926,33.9534,2026-07-17T0100,3,13,0.3,2,2,79,NA,25,
淮北市,杜集区第一实验学校,116.8322,33.9884,2026-07-17T0100,7,22,0.5,2,8,88,NA,28,
淮南市,潘集区政府,116.8304,32.7726,2026-07-17T0100,16,25,0.2,13,5,42,NA,25,
淮南市,谢家集区政府,116.8569,32.5949,2026-07-17T0100,14,18,0.1,11,7,48,NA,20,
淮南市,八公山区政府,116.8279,32.6333,2026-07-17T0100,13,17,0.2,8,6,43,NA,19,
淮南市,经济技术开发区消防队,117.0561,32.6536,2026-07-17T0100,14,18,0.4,11,8,51,NA,20,
淮南市,山南新区,117.011,32.5891,2026-07-17T0100,14,NA,0.5,15,13,49,NA,20,
淮南市,国庆中路369号,117.003137,32.644456,2026-07-17T0100,12,NA,0.2,11,12,53,NA,18,
黄冈市,职工中心,114.9021,30.474,2026-07-17T0100,15,20,0.5,12,10,63,NA,22,
黄冈市,红卫路,114.8858,30.4519,2026-07-17T0100,10,19,0.4,9,5,55,NA,19,
黄冈市,市林业局,114.9134,30.4446,2026-07-17T0100,14,24,0.4,9,4,66,NA,24,
黄南藏族自治州,同仁县隆务镇,102.02,35.5101,2026-07-17T0100,10,NA,0.1,2,12,73,NA,23,
黄山市,延安路89号,118.2905,29.6965,2026-07-17T0100,3,13,0.4,7,2,20,NA,13,
黄山市,黄山区政府5号楼,118.1369,30.2755,2026-07-17T0100,14,NA,0.5,4,3,14,NA,20,
黄山市,滨江东路7-2号,118.335445,29.720283,2026-07-17T0100,10,15,/,5,/,14,NA,15,
黄石市,沈家营,115.0547,30.2332,2026-07-17T0100,10,37,0.2,8,8,54,NA,37,
黄石市,铁山,114.899,30.211,2026-07-17T0100,14,22,0.1,6,4,55,NA,22,
黄石市,团城山,115.0259,30.2108,2026-07-17T0100,8,20,0.5,2,4,79,NA,25,
黄石市,笔架山北路,115.0174,30.1591,2026-07-17T0100,14,48,0.4,3,4,70,NA,48,
黄石市,磁湖东路29号,115.078022,30.21118,2026-07-17T0100,11,25,0.6,9,3,74,NA,25,
惠州市,河南岸金山湖子站,114.4181,23.0528,2026-07-17T0100,6,12,0.5,12,7,30,NA,12,
惠州市,下埔横江三路子站,114.4055,23.0824,2026-07-17T0100,8,20,0.5,11,4,34,NA,20,
惠州市,惠阳区承修路船湖子站,114.4645,22.7832,2026-07-17T0100,3,8,0.7,8,4,46,NA,15,
惠州市,大亚湾管委会子站,114.5316,22.7423,2026-07-17T0100,3,10,0.5,13,6,43,NA,14,
惠州市,惠阳秋长,114.4334,22.8134,2026-07-17T0100,3,7,/,10,/,41,NA,13,
惠州市,大亚湾霞涌,114.6521,22.7755,2026-07-17T0100,3,NA,/,5,/,48,NA,15,
惠州市,文华一路1号,114.4089,23.1147,2026-07-17T0100,7,15,/,13,/,30,NA,15,
鸡西市,环保局,130.9618,45.2926,2026-07-17T0100,6,15,0.3,9,12,45,NA,15,
鸡西市,第一中学,130.9294,45.2959,2026-07-17T0100,12,34,0.2,13,5,37,NA,34,
鸡西市,欧美日汽修厂,131.0069,45.2988,2026-07-17T0100,3,19,0.4,24,9,58,NA,19,
吉安市,红声器材厂,114.9753,27.0803,2026-07-17T0100,11,28,0.2,7,8,55,NA,28,
吉安市,市环境监测站,114.9903,27.1313,2026-07-17T0100,8,25,/,5,7,NA,NA,NA,NA
吉安市,青原区法院,115.009527,27.096792,2026-07-17T0100,3,24,0.2,7,7,56,NA,24,
吉林市,哈达湾,126.54,43.8622,2026-07-17T0100,14,21,0.3,15,6,39,NA,21,
吉林市,东局子,126.5843,43.8358,2026-07-17T0100,8,22,0.1,8,4,47,NA,22,
吉林市,电力学院,126.5051,43.8243,2026-07-17T0100,13,24,0.2,15,6,34,NA,24,
吉林市,江北,126.6133,43.8971,2026-07-17T0100,13,18,0.3,10,5,36,NA,19,
吉林市,江南公园,126.5549,43.8304,2026-07-17T0100,11,16,0.1,5,4,47,NA,16,
吉林市,九站,126.4737,43.953,2026-07-17T0100,16,NA,0.4,12,6,49,NA,23,
济南市,科干所,116.9866,36.6118,2026-07-17T0100,33,48,0.9,15,4,124,NA,48,
济南市,农科所,116.9379,36.6652,2026-07-17T0100,42,54,0.6,20,4,98,NA,64,细颗粒物(PM2.5)
济南市,开发区,117.1265,36.6736,2026-07-17T0100,32,54,1.0,24,7,85,NA,53,颗粒物(PM10)
济南市,省种子仓库,117.0616,36.6865,2026-07-17T0100,42,66,0.5,33,7,110,NA,64,细颗粒物(PM2.5)
济南市,机床二厂,116.9495185,36.644937,2026-07-17T0100,32,59,0.7,24,7,85,NA,57,颗粒物(PM10)
济南市,市监测站,117.0496,36.6629,2026-07-17T0100,36,54,0.8,15,5,133,NA,53,颗粒物(PM10)
济南市,长清党校,116.7674,36.5458,2026-07-17T0100,21,32,0.4,15,5,103,NA,33,
济南市,东山小学,117.5323,36.6865,2026-07-17T0100,18,46,0.4,23,4,81,NA,46,
济南市,泰兴公司,117.7181,36.205,2026-07-17T0100,25,39,0.3,42,9,28,NA,39,
济南市,莱芜战役纪念馆,117.6861,36.2172,2026-07-17T0100,21,39,0.3,27,5,54,NA,39,
济南市,济阳区政府,117.1673,36.9782,2026-07-17T0100,55,68,0.6,15,4,141,NA,90,细颗粒物(PM2.5)
济南市,锦屏中学,117.1168,36.6299,2026-07-17T0100,30,49,0.5,7,2,83,NA,49,
济南市,山财大街5号,117.7107,36.2385,2026-07-17T0100,20,27,0.6,22,9,66,NA,29,
济南市,无影山路12号,116.9744,36.6889,2026-07-17T0100,44,58,0.8,25,3,99,NA,68,细颗粒物(PM2.5)
济宁市,火炬城,116.6229,35.4288,2026-07-17T0100,17,28,0.7,10,6,76,NA,28,
济宁市,北湖一中,116.5808,35.3703,2026-07-17T0100,21,38,0.7,9,7,79,NA,38,
济宁市,服务中心,116.8251,35.5592,2026-07-17T0100,27,NA,0.5,12,3,70,NA,39,
济宁市,市第七中学,116.5907,35.4054,2026-07-17T0100,24,40,0.8,15,7,75,NA,40,
济宁市,任和路,116.6075,35.4566,2026-07-17T0100,16,30,0.8,10,2,56,NA,30,
济宁市,文体南路1号,116.5648,35.3921,2026-07-17T0100,NA,NA,NA,10,NA,69,NA,NA,NA
济源市,市委党校,112.6071,35.1015,2026-07-17T0100,16,50,0.6,8,3,90,NA,50,
济源市,沁园中路1号,112.596,35.0702,2026-07-17T0100,11,28,0.6,6,2,112,NA,35,
佳木斯市,佳纺,130.2749,46.8028,2026-07-17T0100,3,16,0.1,14,3,41,NA,16,
佳木斯市,环保局,130.3258,46.7975,2026-07-17T0100,6,14,0.2,13,4,47,NA,15,
佳木斯市,顺和街,130.363,46.806,2026-07-17T0100,3,14,0.1,11,2,48,NA,15,
佳木斯市,长安路196号,130.3952,46.8268,2026-07-17T0100,6,14,0.2,13,6,49,NA,16,
嘉兴市,清河小学,120.7439,30.778,2026-07-17T0100,18,35,0.5,28,6,36,NA,35,
嘉兴市,嘉兴学院,120.7261,30.7477,2026-07-17T0100,7,19,0.6,29,4,36,NA,19,
嘉兴市,南湖区残联,120.7845,30.7524,2026-07-17T0100,19,35,0.7,26,5,35,NA,35,
嘉兴市,秀洲住建,120.6915,30.7741,2026-07-17T0100,16,24,0.4,21,5,39,NA,24,
嘉峪关市,气象局,98.291,39.7705,2026-07-17T0100,16,34,0.6,8,8,114,NA,36,
嘉峪关市,酒钢宾馆,98.2672,39.7978,2026-07-17T0100,17,44,0.5,7,9,110,NA,44,
嘉峪关市,雄关区,98.2644,39.7723,2026-07-17T0100,17,45,0.4,15,5,86,NA,45,
江门市,北街,113.1063,22.6058,2026-07-17T0100,3,19,/,4,/,34,NA,19,
江门市,西区,113.073,22.5835,2026-07-17T0100,6,36,/,8,/,38,NA,36,
江门市,圭峰西,113.0218,22.531,2026-07-17T0100,8,20,/,10,/,32,NA,20,
江门市,东湖,113.0826,22.5947,2026-07-17T0100,6,11,0.3,9,5,36,NA,12,
江门市,江海富民,113.1077,22.5647,2026-07-17T0100,6,39,0.3,8,/,40,NA,39,
江门市,新会银湖,113.0496,22.4669,2026-07-17T0100,7,12,0.4,13,3,25,NA,12,
焦作市,马村街道办,113.3137,35.2643,2026-07-17T0100,25,30,0.3,6,5,80,NA,36,
焦作市,焦作技师学院,113.2464,35.2374,2026-07-17T0100,25,NA,0.5,5,5,93,NA,36,
焦作市,中站许衡医院,113.1656,35.2536,2026-07-17T0100,19,33,0.3,3,6,115,NA,36,
焦作市,原李万街道办,113.2456,35.18,2026-07-17T0100,17,38,0.4,4,4,96,NA,38,
焦作市,新安路1731号,113.234,35.219,2026-07-17T0100,26,32,0.3,4,5,102,NA,38,
焦作市,人民路3066号,113.2722,35.2121,2026-07-17T0100,23,26,0.6,8,4,93,NA,33,
揭阳市,新兴,116.3701,23.5345,2026-07-17T0100,9,27,0.4,11,5,33,NA,27,
揭阳市,西马,116.3261,23.5442,2026-07-17T0100,8,18,0.5,11,6,34,NA,18,
揭阳市,东兴,116.361,23.5627,2026-07-17T0100,9,14,/,12,5,33,NA,14,
揭阳市,渔湖,116.4151,23.5295,2026-07-17T0100,9,24,/,8,3,34,NA,24,
揭阳市,曲溪,116.4028,23.5699,2026-07-17T0100,7,16,0.4,8,9,34,NA,16,
金昌市,天庆家园,102.1691,38.5166,2026-07-17T0100,13,53,0.6,17,20,82,NA,53,颗粒物(PM10)
金昌市,金川区人防中心,102.1648,38.5369,2026-07-17T0100,20,41,0.4,18,20,93,NA,41,
金昌市,长春路96号,102.193042,38.531887,2026-07-17T0100,19,57,0.7,17,15,85,NA,55,颗粒物(PM10)
金华市,十五中,119.6478,29.0773,2026-07-17T0100,9,18,0.5,11,2,40,NA,18,
金华市,监测站,119.6859,29.1032,2026-07-17T0100,7,19,0.4,6,2,38,NA,19,
金华市,气象局,119.656,29.1132,2026-07-17T0100,11,22,0.5,17,2,34,NA,22,
锦州市,南山,121.1114,41.0879,2026-07-17T0100,25,NA,0.5,33,6,83,NA,36,
锦州市,开发区,121.060361,40.842794,2026-07-17T0100,44,98,0.8,12,8,164,NA,85,颗粒物(PM10)
锦州市,百股街道,121.1836,41.1118,2026-07-17T0100,25,NA,0.6,22,8,92,NA,36,
锦州市,天安街道,121.1176,41.1224,2026-07-17T0100,30,56,0.5,55,19,32,NA,55,颗粒物(PM10)
锦州市,北湖公园,121.1303,41.1385,2026-07-17T0100,30,52,0.8,36,26,56,NA,52,颗粒物(PM10)
晋城市,自来水公司,112.8496,35.5051,2026-07-17T0100,22,30,1.5,14,4,85,NA,32,
晋城市,市环保局,112.8509,35.4886,2026-07-17T0100,30,50,1.3,11,4,81,NA,50,
晋城市,泽州一中,112.8258,35.4804,2026-07-17T0100,17,22,1.3,11,4,85,NA,27,
晋城市,前书院路,112.8246,35.5152,2026-07-17T0100,11,20,0.9,4,4,83,NA,26,
晋城市,祥云街666号,112.8864,35.4773,2026-07-17T0100,28,NA,1.4,8,4,84,NA,40,
晋中市,榆次区政府,112.6992,37.6984,2026-07-17T0100,16,NA,0.5,14,5,77,NA,25,
晋中市,榆次三中,112.7195,37.683,2026-07-17T0100,11,14,0.4,3,9,104,NA,33,
晋中市,广安街188号,112.7375,37.7215,2026-07-17T0100,3,6,0.2,4,8,100,NA,32,
晋中市,迎宾街26号,112.7478,37.6954,2026-07-17T0100,7,9,0.2,6,5,97,NA,31,
荆门市,竹园小学,112.2012,31.048,2026-07-17T0100,12,19,0.8,8,5,74,NA,24,
荆门市,掇刀,112.1968,30.9892,2026-07-17T0100,19,25,0.7,8,5,62,NA,28,
荆门市,西山林语,112.1849,31.0361,2026-07-17T0100,15,35,0.9,7,9,70,NA,35,
荆门市,龙泉中学南校,112.1631,31.0134,2026-07-17T0100,7,17,0.8,9,5,70,NA,22,
荆门市,新台西路6号,112.2213,31.0654,2026-07-17T0100,19,30,0.7,10,8,74,NA,30,
荆州市,市图书馆,112.2493,30.3198,2026-07-17T0100,16,18,0.4,10,4,59,NA,23,
荆州市,市委党校,112.2009,30.3543,2026-07-17T0100,11,18,0.5,10,4,54,NA,18,
荆州市,管委会,112.2749,30.3124,2026-07-17T0100,17,24,0.4,11,4,53,NA,25,
荆州市,学苑路85号,112.1722,30.3366,2026-07-17T0100,15,NA,0.4,17,1,44,NA,22,
景德镇市,老干部活动中心,117.2114,29.2931,2026-07-17T0100,13,22,0.7,12,3,18,NA,22,
景德镇市,兽医站,117.1893,29.2789,2026-07-17T0100,15,31,0.6,25,4,16,NA,31,
景德镇市,陶研所,117.246,29.2958,2026-07-17T0100,8,13,0.5,11,5,26,NA,13,
景德镇市,青少年活动中心,117.154766,29.256967,2026-07-17T0100,13,24,/,18,45,24,NA,24,
九江市,十里,115.9873,29.6816,2026-07-17T0100,19,24,0.4,19,3,38,NA,28,
九江市,茅山头,115.9583,29.7047,2026-07-17T0100,13,17,0.5,11,4,56,NA,19,
九江市,西园,115.9877,29.7295,2026-07-17T0100,15,18,0.4,77,3,11,NA,39,
九江市,综合工业园,115.9112,29.6038,2026-07-17T0100,13,16,0.3,6,5,72,NA,23,
九江市,外国语学校,116.0254,29.6995,2026-07-17T0100,9,16,0.5,6,11,57,NA,18,
九江市,莲花大道8号,116.010205,29.659402,2026-07-17T0100,11,14,0.4,4,4,49,NA,16,
酒泉市,玉门东路5号,98.495752,39.733935,2026-07-17T0100,20,27,0.2,6,8,103,NA,33,
酒泉市,北大街108号,98.5099,39.7506,2026-07-17T0100,16,75,0.2,4,12,104,NA,68,颗粒物(PM10)
喀什地区,巡警大队,76.0071,39.466,2026-07-17T0100,52,130,0.6,69,4,52,NA,104,颗粒物(PM10)
喀什地区,吾办,75.9756,39.4693,2026-07-17T0100,48,134,0.9,62,9,39,NA,106,颗粒物(PM10)
喀什地区,老干局,75.9485,39.4688,2026-07-17T0100,44,94,0.8,54,4,59,NA,82,颗粒物(PM10)
开封市,肿瘤医院,114.3389,34.778,2026-07-17T0100,NA,NA,NA,NA,NA,NA,144,NA,NA
开封市,世纪星幼儿园,114.2884,34.7966,2026-07-17T0100,28,32,0.7,2,1,111,NA,40,
开封市,龙亭公园,114.3434,34.8101,2026-07-17T0100,26,49,0.6,6,3,72,NA,49,
开封市,汴京公园,114.3645,34.7955,2026-07-17T0100,39,42,0.4,13,3,103,NA,58,细颗粒物(PM2.5)
开封市,技师学院,114.2485,34.8306,2026-07-17T0100,24,45,0.7,6,3,94,NA,45,
开封市,祥符区生态环境局,114.4518,34.7503,2026-07-17T0100,49,NA,0.6,11,10,105,NA,78,细颗粒物(PM2.5)
克拉玛依市,长征新村,84.886,45.6029,2026-07-17T0100,21,NA,0.4,19,3,94,NA,30,
克拉玛依市,南林小区,84.8894,45.5827,2026-07-17T0100,9,23,0.3,8,5,96,NA,30,
克拉玛依市,独山子区,84.896,44.3328,2026-07-17T0100,3,31,0.2,1,6,122,NA,39,
克拉玛依市,乌尔禾区商贸楼,85.6888,46.0909,2026-07-17T0100,3,30,0.1,4,8,112,NA,35,
克拉玛依市,白碱滩区新站,85.1045,45.6895,2026-07-17T0100,14,27,0.1,1,9,123,NA,39,
克孜勒苏柯尔克孜自治州,市人民政府,76.1457,39.7143,2026-07-17T0100,31,79,0.1,16,4,99,NA,71,颗粒物(PM10)
克孜勒苏柯尔克孜自治州,克州文化中心,76.1654,39.7157,2026-07-17T0100,22,68,0.1,8,7,146,NA,63,颗粒物(PM10)
昆明市,呈贡新区,102.8203,24.889,2026-07-17T0100,6,20,0.6,19,1,48,NA,20,
昆明市,龙泉镇,102.7253,25.0904,2026-07-17T0100,9,NA,0.4,30,5,16,NA,15,
昆明市,东风东路,102.7267,25.0378,2026-07-17T0100,10,32,0.5,28,4,34,NA,32,
昆明市,金鼎山,102.6744,25.0671,2026-07-17T0100,11,22,0.5,32,4,29,NA,22,
昆明市,碧鸡广场,102.6643,25.0401,2026-07-17T0100,11,28,0.7,23,5,38,NA,28,
昆明市,官渡区博物馆,102.7491,25.012,2026-07-17T0100,9,15,0.4,43,3,22,NA,22,
昆明市,青年创业园,102.8016,24.8336,2026-07-17T0100,6,20,0.4,23,5,25,NA,20,
昆明市,昆明学院,102.8,24.9787,2026-07-17T0100,3,20,0.5,40,5,21,NA,20,
昆明市,晋宁区生态环境分局,102.5969,24.6738,2026-07-17T0100,9,21,0.5,14,8,34,NA,21,
昆明市,云天化总部,102.6673,24.9861,2026-07-17T0100,3,14,0.4,28,4,40,NA,14,
拉萨市,八廓街,91.132,29.6515,2026-07-17T0100,6,19,0.2,14,17,46,NA,19,
拉萨市,市环保局,91.1221,29.6748,2026-07-17T0100,3,24,0.3,14,13,45,NA,24,
拉萨市,区监测站,91.0874,29.6476,2026-07-17T0100,3,13,0.1,16,17,53,NA,17,
拉萨市,西藏大学,91.1774,29.6541,2026-07-17T0100,3,12,0.3,14,17,50,NA,16,
拉萨市,区辐射站,90.9798,29.6586,2026-07-17T0100,12,21,0.2,11,7,64,NA,21,
拉萨市,拉萨火车站,91.0831,29.6292,2026-07-17T0100,7,21,0.2,30,10,42,NA,21,
来宾市,来宾技工学校,109.2203,23.7252,2026-07-17T0100,6,19,0.8,15,25,31,NA,19,
来宾市,兴宾区政府,109.1781,23.7293,2026-07-17T0100,3,19,0.6,11,7,38,NA,19,
来宾市,中南小学,109.2312,23.7428,2026-07-17T0100,9,16,0.6,11,6,32,NA,16,
兰州市,铁路设计院,103.8309,36.0467,2026-07-17T0100,27,52,0.8,44,8,41,NA,52,颗粒物(PM10)
兰州市,百合公园,103.7439,36.0841,2026-07-17T0100,24,45,0.3,27,8,54,NA,45,
兰州市,和平,103.9613,35.9985,2026-07-17T0100,20,41,0.4,7,8,96,NA,41,
兰州市,庄浪东路808号,103.629272,36.093822,2026-07-17T0100,10,31,0.3,29,8,41,NA,31,
兰州市,安宁西路88号,103.7251,36.104344,2026-07-17T0100,20,43,0.3,11,10,84,NA,43,
兰州市,北滨河东路1号,103.846982,36.067567,2026-07-17T0100,24,53,0.6,63,12,11,NA,53,颗粒物(PM10)
廊坊市,药材公司,116.6712,39.5109,2026-07-17T0100,32,55,0.5,23,3,58,NA,54,颗粒物(PM10)
廊坊市,开发区,116.7215,39.5592,2026-07-17T0100,22,44,0.6,21,2,50,NA,44,
廊坊市,北华航天学院,116.7246,39.5273,2026-07-17T0100,26,56,0.6,28,2,54,NA,55,颗粒物(PM10)
廊坊市,河北工业大学,116.7022,39.5454,2026-07-17T0100,33,62,0.5,20,2,79,NA,59,颗粒物(PM10)
乐山市,牛耳桥,103.7629,29.5844,2026-07-17T0100,13,26,0.6,17,8,89,NA,28,
乐山市,市第三水厂,103.7501,29.6002,2026-07-17T0100,20,29,0.9,17,2,82,NA,29,
乐山市,市监测站,103.7571,29.5664,2026-07-17T0100,16,25,0.9,15,4,89,NA,28,
乐山市,理工大学,103.7313,29.563,2026-07-17T0100,21,31,0.7,16,3,79,NA,31,
丽江市,丽江古城,100.2497,26.8802,2026-07-17T0100,3,10,0.5,8,5,25,NA,10,
丽江市,市中心,100.2203,26.8906,2026-07-17T0100,3,7,0.4,5,6,31,NA,10,
丽水市,监测站大楼,119.9141,28.4513,2026-07-17T0100,7,12,0.3,12,4,22,NA,12,
丽水市,莲都小学,119.93,28.4589,2026-07-17T0100,6,14,/,11,/,25,NA,14,
丽水市,余庄前,119.8794,28.4232,2026-07-17T0100,11,18,0.5,15,6,0,NA,18,
连云港市,市环境监测站,119.1759,34.5885,2026-07-17T0100,19,NA,0.3,5,4,76,NA,28,
连云港市,德源药业,119.3577,34.6971,2026-07-17T0100,14,29,0.4,14,4,59,NA,29,
连云港市,新城一中,119.178,34.8442,2026-07-17T0100,6,13,0.4,6,6,88,NA,28,
连云港市,胡沟管理处,119.3607,34.7519,2026-07-17T0100,7,12,0.5,31,9,63,NA,20,
连云港市,矿山设计院,119.1478,34.5913,2026-07-17T0100,19,NA,0.3,7,3,63,NA,28,
连云港市,工贸学校,119.2414,34.6539,2026-07-17T0100,21,22,0.5,13,4,57,NA,30,
连云港市,连云街道,119.4171,34.734,2026-07-17T0100,6,8,0.5,7,2,93,NA,30,
凉山彝族自治州,西昌市政府,102.2629,27.8981,2026-07-17T0100,18,26,0.8,7,8,66,NA,26,
凉山彝族自治州,凉山州政府,102.2686,27.885,2026-07-17T0100,18,25,0.8,9,10,68,NA,26,
凉山彝族自治州,凯乐南路30号,102.2342,27.8859,2026-07-17T0100,17,24,0.6,8,4,58,NA,25,
辽阳市,宏伟区,123.1978,41.2036,2026-07-17T0100,16,23,0.6,10,6,79,NA,25,
辽阳市,新华园,123.1684,41.2497,2026-07-17T0100,24,53,0.7,38,14,29,NA,53,颗粒物(PM10)
辽阳市,滨河路,123.2355,41.2663,2026-07-17T0100,18,23,0.6,11,7,57,NA,26,
辽阳市,铁西路150号,123.153,41.2874,2026-07-17T0100,18,39,0.6,18,8,67,NA,39,
辽源市,环保局,125.1359,42.8845,2026-07-17T0100,14,24,0.4,15,6,38,NA,24,
辽源市,安宁大街333号,125.0998,42.9134,2026-07-17T0100,14,20,0.4,8,5,52,NA,20,
聊城市,区政府,115.9789,36.4372,2026-07-17T0100,35,56,0.8,11,4,142,NA,55,颗粒物(PM10)
聊城市,监控中心,115.9772,36.4986,2026-07-17T0100,48,NA,0.6,18,8,104,NA,76,细颗粒物(PM2.5)
聊城市,九州社区,116.0443,36.436,2026-07-17T0100,58,86,0.6,14,7,126,NA,96,细颗粒物(PM2.5)
聊城市,星美广场,116.0564,36.4609,2026-07-17T0100,56,80,0.6,13,5,124,NA,92,细颗粒物(PM2.5)
聊城市,利民路,116.0091,36.4495,2026-07-17T0100,42,63,0.5,15,10,149,NA,64,细颗粒物(PM2.5)
林芝市,林芝监测站,94.3683,29.6373,2026-07-17T0100,12,NA,0.4,3,4,37,NA,18,
林芝市,林芝人民医院,94.3616,29.6634,2026-07-17T0100,8,8,0.4,4,3,34,NA,12,
临沧市,市环保局,100.0779,23.8981,2026-07-17T0100,11,21,0.3,12,6,16,NA,21,
临沧市,市气象局,100.0894,23.882,2026-07-17T0100,6,13,0.5,6,6,42,NA,14,
临汾市,临钢医院,111.5552,36.0791,2026-07-17T0100,3,17,0.6,10,6,88,NA,28,
临汾市,技工学校,111.4984,36.0734,2026-07-17T0100,10,11,0.6,8,5,87,NA,28,
临汾市,市委,111.5017,36.0857,2026-07-17T0100,3,22,0.4,8,7,87,NA,28,
临汾市,唐尧大酒店,111.5048,36.1015,2026-07-17T0100,3,14,0.6,11,5,85,NA,27,
临汾市,启星学校,111.4879,36.053,2026-07-17T0100,10,12,0.8,8,5,88,NA,28,
临夏回族自治州,滨河东路1号,103.2464,35.6123,2026-07-17T0100,20,57,0.1,13,7,42,NA,55,颗粒物(PM10)
临夏回族自治州,新华街21号,103.207136,35.599807,2026-07-17T0100,22,44,0.2,7,9,44,NA,44,
临沂市,沂河小区,118.3429,35.0532,2026-07-17T0100,17,27,1.0,12,12,61,NA,27,
临沂市,鲁南制药厂,118.2962,35.0568,2026-07-17T0100,17,22,1.2,11,10,62,NA,25,
临沂市,新光毛纺厂,118.2793,34.9976,2026-07-17T0100,28,NA,1.4,11,8,54,NA,40,
临沂市,河东保险公司,118.3955,35.0889,2026-07-17T0100,17,27,0.2,7,10,56,NA,27,
临沂市,十里堡居委,118.3563,35.0215,2026-07-17T0100,25,NA,2.0,20,16,49,NA,36,
临沂市,南坊新区,118.359,35.1067,2026-07-17T0100,26,44,0.6,15,9,61,NA,44,
临沂市,皇山花园小区,118.3915,35.0297,2026-07-17T0100,23,31,2.0,15,12,50,NA,33,
柳州市,柳东小学,109.4854,24.3898,2026-07-17T0100,12,19,0.6,13,4,18,NA,19,
柳州市,环保监测站,109.4109,24.3304,2026-07-17T0100,7,NA,0.7,13,7,NA,NA,NA,NA
柳州市,河西水厂,109.3886,24.3408,2026-07-17T0100,7,16,0.7,15,9,30,NA,16,
柳州市,市四中,109.4263,24.2951,2026-07-17T0100,11,14,0.7,12,6,23,NA,16,
柳州市,市九中,109.396,24.3658,2026-07-17T0100,13,28,0.7,14,5,11,NA,28,
柳州市,古亭山,109.4912,24.3164,2026-07-17T0100,6,11,0.6,8,2,13,NA,11,
柳州市,市二中,109.5422,24.3994,2026-07-17T0100,10,27,0.6,17,7,11,NA,27,
六安市,监测大楼,116.5078,31.7369,2026-07-17T0100,15,NA,0.5,8,4,49,NA,22,
六安市,皖西学院,116.4738,31.7642,2026-07-17T0100,13,19,0.4,4,7,57,NA,19,
六安市,朝阳厂,116.4997,31.7904,2026-07-17T0100,11,NA,0.2,6,2,49,NA,16,
六安市,开发区,116.5566,31.7885,2026-07-17T0100,7,NA,0.2,7,5,41,NA,13,
六盘水市,黄土坡,104.8293,26.592,2026-07-17T0100,14,23,0.4,6,3,72,NA,23,
六盘水市,民中,104.8481,26.5898,2026-07-17T0100,15,18,0.4,5,1,79,NA,25,
六盘水市,双水,104.9541,26.5506,2026-07-17T0100,3,14,0.3,5,4,69,NA,22,
六盘水市,钟山大道中段564号,104.8899,26.5685,2026-07-17T0100,8,14,0.4,5,7,69,NA,22,
龙岩市,龙岩市监测站,117.022,25.1031,2026-07-17T0100,9,13,0.2,6,4,31,NA,13,
龙岩市,闽西职业技术学院,117.0257,25.0662,2026-07-17T0100,9,13,0.3,5,4,26,NA,13,
龙岩市,龙岩学院,117.0195,25.0306,2026-07-17T0100,6,16,/,3,2,25,NA,16,
陇南市,滨江中学,104.9344,33.3827,2026-07-17T0100,3,23,0.6,14,7,51,NA,23,
陇南市,市总工会,104.9551,33.3709,2026-07-17T0100,3,19,0.4,4,7,63,NA,20,
娄底市,市监测站,111.9984,27.7346,2026-07-17T0100,9,12,0.3,4,4,51,NA,16,
娄底市,市政府,111.9888,27.7035,2026-07-17T0100,9,13,0.4,4,4,49,NA,16,
娄底市,涟钢职大,111.9812,27.7591,2026-07-17T0100,8,NA,0.4,3,1,57,NA,18,
娄底市,娄底体校,112.0303,27.7457,2026-07-17T0100,12,18,0.5,4,4,49,NA,18,
泸州市,小市上码头,105.4427,28.9063,2026-07-17T0100,29,51,0.3,8,8,75,NA,51,颗粒物(PM10)
泸州市,兰田宪桥,105.4241,28.8573,2026-07-17T0100,26,54,0.8,10,7,63,NA,53,颗粒物(PM10)
泸州市,市环监站,105.4378,28.8833,2026-07-17T0100,7,20,0.7,7,6,74,NA,24,
泸州市,纳溪区委政协,105.3665,28.77434,2026-07-17T0100,24,NA,0.6,14,4,60,NA,35,
吕梁市,环保局,111.1447,37.5212,2026-07-17T0100,3,11,0.3,8,5,73,NA,23,
吕梁市,自来水公司,111.1285,37.5338,2026-07-17T0100,3,12,0.4,10,4,78,NA,25,
吕梁市,马茂庄小学,111.1225,37.5093,2026-07-17T0100,3,6,0.3,8,5,78,NA,25,
洛阳市,市委党校,112.3934,34.6517,2026-07-17T0100,13,17,0.4,4,7,99,NA,31,
洛阳市,河南林校,112.494,34.6883,2026-07-17T0100,16,22,0.2,6,10,114,NA,36,
洛阳市,开发区管委会,112.3843,34.623,2026-07-17T0100,20,NA,0.5,6,12,124,NA,39,
洛阳市,市委新办公区,112.4263,34.6249,2026-07-17T0100,10,14,0.3,2,10,100,NA,32,
洛阳市,伊滨,112.6005,34.6323,2026-07-17T0100,7,NA,0.3,6,5,109,NA,NA,NA
洛阳市,中移产业园,112.495,34.6338,2026-07-17T0100,6,21,0.8,1,6,109,NA,35,
洛阳市,吉利监测站,112.5736,34.8993,2026-07-17T0100,15,16,0.3,6,7,105,NA,33,
洛阳市,河科大西苑校区,112.3678,34.6623,2026-07-17T0100,7,12,0.4,4,11,117,NA,37,
洛阳市,英才小学,112.4387,34.678,2026-07-17T0100,NA,NA,0.6,4,10,103,NA,NA,NA
洛阳市,春都路1号院,112.460027,34.694929,2026-07-17T0100,19,NA,0.3,4,1,96,NA,30,
漯河市,三五一五工厂,114.051,33.5721,2026-07-17T0100,14,37,0.3,32,4,42,NA,37,
漯河市,漯河大学,114.0055,33.5698,2026-07-17T0100,24,32,0.5,30,5,48,NA,35,
漯河市,市水利局,114.0134,33.5826,2026-07-17T0100,22,NA,0.5,26,5,50,NA,32,
漯河市,市广电局,114.0261,33.5697,2026-07-17T0100,14,22,0.5,26,4,54,NA,22,
漯河市,市图书馆,113.9691,33.568,2026-07-17T0100,20,34,0.6,30,8,44,NA,34,
漯河市,韶山路11号,114.089259,33.588274,2026-07-17T0100,17,29,0.4,19,6,60,NA,29,
马鞍山市,湖东路四小,118.5084,31.6838,2026-07-17T0100,13,20,0.7,21,8,42,NA,20,
马鞍山市,开发区,118.5019,31.6449,2026-07-17T0100,16,20,0.7,23,6,36,NA,23,
马鞍山市,雨山,118.4914,31.681,2026-07-17T0100,10,23,0.8,23,5,32,NA,23,
马鞍山市,慈湖高新区,118.527362,31.722269,2026-07-17T0100,11,26,0.6,17,7,51,NA,26,
茂名市,电白南海,111.0285,21.469,2026-07-17T0100,3,24,0.6,5,2,50,NA,24,
茂名市,茂石化七小,110.9294,21.6533,2026-07-17T0100,9,24,0.3,12,6,34,NA,24,
茂名市,健康路,110.9108,21.6688,2026-07-17T0100,7,19,NA,8,5,41,NA,NA,NA
茂名市,高岭,110.8592,21.6826,2026-07-17T0100,8,24,/,11,8,41,NA,24,
茂名市,电白水东,111.0101,21.5165,2026-07-17T0100,7,7,/,4,2,51,NA,16,
眉山市,气象局,103.8414,30.0871,2026-07-17T0100,17,17,0.8,13,6,93,NA,30,
眉山市,区人社局,103.829,30.0563,2026-07-17T0100,16,38,0.4,13,7,100,NA,38,
眉山市,眉职院,103.8836,30.0695,2026-07-17T0100,18,35,0.5,10,6,97,NA,35,
梅州市,梅江月梅,116.1248,24.3307,2026-07-17T0100,16,22,/,11,/,16,NA,23,
梅州市,梅县新城,116.0798,24.2719,2026-07-17T0100,12,20,0.5,20,8,8,NA,20,
梅州市,梅龙,116.1234,24.2994,2026-07-17T0100,15,19,0.7,9,8,23,NA,22,
绵阳市,富乐山,104.7775,31.4741,2026-07-17T0100,3,22,0.7,5,11,91,NA,29,
绵阳市,高新区自来水公司,104.6698,31.4668,2026-07-17T0100,3,8,0.7,2,11,89,NA,28,
绵阳市,西科大附属小学,104.6899,31.5324,2026-07-17T0100,3,15,0.4,5,5,83,NA,26,
绵阳市,安州区旅游局,104.5647,31.5343,2026-07-17T0100,6,23,0.2,2,3,92,NA,29,
绵阳市,科技城新区公安局,104.7092,31.4972,2026-07-17T0100,3,25,0.5,4,13,85,NA,27,
绵阳市,绵阳市气象局,104.765114,31.453094,2026-07-17T0100,3,22,0.5,3,8,91,NA,29,
牡丹江市,环保大楼,129.61,44.561,2026-07-17T0100,3,32,0.3,10,6,17,NA,32,
牡丹江市,机车工厂,129.6364,44.6075,2026-07-17T0100,12,24,0.3,14,15,6,NA,24,
牡丹江市,第一中学,129.6386,44.5462,2026-07-17T0100,3,16,0.3,8,8,13,NA,16,
牡丹江市,东晓云街98号,129.5992,44.5964,2026-07-17T0100,3,22,0.3,9,6,12,NA,22,
内江市,市监测站,105.0703,29.61,2026-07-17T0100,27,32,0.5,11,9,93,NA,39,
内江市,内江二中,105.0657,29.5807,2026-07-17T0100,27,30,0.4,11,4,89,NA,39,
内江市,内江日报社,105.0407,29.5828,2026-07-17T0100,29,NA,0.4,8,8,92,NA,42,
内江市,玉峰路西段888号,105.0433,29.6105,2026-07-17T0100,26,NA,0.3,12,10,80,NA,38,
那曲市,那曲监测站,92.0653,31.4846,2026-07-17T0100,NA,NA,0.2,4,NA,87,NA,NA,NA
那曲市,那曲市委宣传部,92.0515,31.4787,2026-07-17T0100,12,NA,0.2,8,2,81,NA,26,
南昌市,省林业公司,115.8887,28.7006,2026-07-17T0100,13,14,0.7,10,4,39,NA,19,
南昌市,林科所,115.813,28.7443,2026-07-17T0100,18,NA,NA,NA,NA,NA,NA,NA,NA
南昌市,建工学校,115.8518,28.687,2026-07-17T0100,14,NA,0.4,11,11,37,NA,20,
南昌市,象湖,115.8926,28.6425,2026-07-17T0100,15,NA,0.3,11,10,34,NA,22,
南昌市,机电学校,115.9084,28.6062,2026-07-17T0100,15,19,0.6,15,8,32,NA,22,
南昌市,外国语学校,115.9718,28.7032,2026-07-17T0100,13,20,0.4,10,13,36,NA,20,
南昌市,工业二路,115.7923,28.6873,2026-07-17T0100,20,32,0.5,16,9,20,NA,32,
南昌市,南京东路235号,115.931587,28.686774,2026-07-17T0100,11,NA,0.5,12,6,45,NA,16,
南充市,南充市委,106.0791,30.8022,2026-07-17T0100,11,16,0.2,5,6,72,NA,23,
南充市,南充炼油厂,106.1038,30.8215,2026-07-17T0100,11,27,0.5,3,7,70,NA,27,
南充市,梨树横街98号,106.108336,30.788436,2026-07-17T0100,11,18,0.1,6,6,72,NA,23,
南充市,清泉寺北路188号,106.1172,30.843,2026-07-17T0100,11,28,0.2,5,8,75,NA,28,
南充市,同庆路1号,106.067,30.7616,2026-07-17T0100,10,24,0.3,6,5,66,NA,24,
南京市,迈皋桥,118.8033,32.1085,2026-07-17T0100,7,13,0.6,14,7,54,NA,17,
南京市,草场门,118.7487,32.057,2026-07-17T0100,10,17,NA,NA,NA,NA,NA,NA,NA
南京市,中华门,118.770105,32.004342,2026-07-17T0100,12,12,0.2,16,7,34,NA,18,
南京市,瑞金路,118.8059,32.0329,2026-07-17T0100,9,27,0.8,24,4,50,NA,27,
南京市,玄武湖,118.7946,32.0774,2026-07-17T0100,10,NA,0.6,17,9,45,NA,15,
南京市,浦口,118.6415,32.0964,2026-07-17T0100,6,12,0.6,7,3,35,NA,12,
南京市,奥体中心,118.730129,32.000956,2026-07-17T0100,13,29,0.9,50,6,20,NA,29,
南京市,仙林大学城,118.9072,32.1047,2026-07-17T0100,22,27,0.6,39,9,16,NA,32,
南京市,江宁彩虹桥,118.8443,31.919,2026-07-17T0100,16,53,0.5,33,4,34,NA,53,颗粒物(PM10)
南京市,六合雄州,118.8497,32.3599,2026-07-17T0100,6,19,0.5,15,4,50,NA,19,
南京市,新模范马路66号,118.7641,32.0841,2026-07-17T0100,6,22,0.5,23,4,52,NA,22,
南京市,汶溪路181号,118.8707617,31.34017673,2026-07-17T0100,3,16,0.5,6,4,39,NA,16,
南京市,中山西路1号,119.019,31.6512,2026-07-17T0100,7,7,0.5,9,4,41,NA,13,
南宁市,二十一中,108.3098,22.788,2026-07-17T0100,15,26,0.7,9,2,40,NA,26,
南宁市,北湖,108.3135,22.8529,2026-07-17T0100,16,NA,0.7,11,2,31,NA,23,
南宁市,市监测站,108.3205,22.8222,2026-07-17T0100,17,25,0.5,5,3,46,NA,25,
南宁市,大自然花园,108.3828,22.8038,2026-07-17T0100,15,25,0.5,8,4,39,NA,25,
南宁市,区农职院,108.2397,22.8462,2026-07-17T0100,23,29,0.8,5,2,37,NA,33,
南宁市,英华嘉园,108.3285,22.7356,2026-07-17T0100,10,38,0.5,6,4,34,NA,38,
南宁市,红星社区,108.4829,22.762,2026-07-17T0100,3,29,0.4,5,5,37,NA,29,
南宁市,起凤路9号,108.2927,23.1477,2026-07-17T0100,14,34,0.5,7,3,43,NA,34,
南宁市,乐贤路16号,108.2177,22.7774,2026-07-17T0100,24,44,0.6,21,5,25,NA,44,
南平市,南平市监测站,118.1682,26.6371,2026-07-17T0100,11,16,0.6,13,4,17,NA,16,
南平市,南平七中,118.1757,26.6276,2026-07-17T0100,8,13,0.3,10,3,26,NA,13,
南通市,狼山街道,120.9056,31.9669,2026-07-17T0100,10,12,0.4,58,5,3,NA,29,
南通市,城中,120.8635,32.0231,2026-07-17T0100,23,43,0.8,63,4,13,NA,43,
南通市,星湖花园,120.9376,31.9301,2026-07-17T0100,25,43,0.6,68,7,1,NA,43,
南通市,紫琅学院,120.8053,32.046,2026-07-17T0100,23,34,0.6,43,14,21,NA,34,
南通市,通州监测站,121.0631,32.0644,2026-07-17T0100,33,34,0.8,40,6,33,NA,48,
南通市,环境教育馆,120.9348,31.9874,2026-07-17T0100,17,24,0.6,70,7,3,NA,35,
南通市,洪江路,120.8692,31.9885,2026-07-17T0100,25,26,0.8,66,8,0,NA,36,
南阳市,瓦房庄,112.5338,33.0086,2026-07-17T0100,3,21,0.4,10,4,63,NA,21,
南阳市,汉画馆,112.5002,32.9734,2026-07-17T0100,3,15,0.4,9,6,71,NA,23,
南阳市,气象站,112.5778,33.0144,2026-07-17T0100,3,13,0.3,15,5,59,NA,19,
南阳市,理工学院,112.548,32.9687,2026-07-17T0100,8,21,0.4,27,7,47,NA,21,
南阳市,卧龙区政府,112.5233,32.9921,2026-07-17T0100,6,7,0.5,8,5,66,NA,21,
宁波市,区环保大楼,121.8352,29.9111,2026-07-17T0100,28,77,0.8,96,10,2,NA,70,颗粒物(PM10)
宁波市,万里学院,121.5595,29.8208,2026-07-17T0100,27,38,0.6,25,4,80,NA,39,
宁波市,龙赛医院,121.713,29.9564,2026-07-17T0100,27,48,0.5,11,7,106,NA,48,
宁波市,太古小学,121.5855,29.8635,2026-07-17T0100,27,48,0.7,12,7,86,NA,48,
宁波市,市环境监测中心,121.5239,29.8673,2026-07-17T0100,24,35,0.6,17,7,77,NA,35,
宁波市,万里国际学校,121.6156,29.9015,2026-07-17T0100,22,43,0.5,12,6,96,NA,43,
宁波市,白沙活动中心,121.5593,29.8976,2026-07-17T0100,24,30,0.7,15,7,94,NA,35,
宁波市,中科路88号,121.8962,29.7529,2026-07-17T0100,10,26,0.5,8,6,66,NA,26,
宁德市,宁德市监测站,119.5387,26.6611,2026-07-17T0100,6,7,0.6,9,6,57,NA,18,
宁德市,宁德一中,119.5231,26.6562,2026-07-17T0100,11,18,0.2,4,10,57,NA,18,
怒江傈僳族自治州,州监测站,98.859,25.8541,2026-07-17T0100,10,12,0.5,8,5,34,NA,15,
怒江傈僳族自治州,泸水一中,98.8607,25.8168,2026-07-17T0100,12,NA,0.4,13,3,21,NA,18,
攀枝花市,弄弄坪,101.6891,26.571,2026-07-17T0100,13,42,0.4,19,10,33,NA,42,
攀枝花市,河门口,101.577,26.5914,2026-07-17T0100,10,25,0.9,10,13,50,NA,25,
攀枝花市,仁和,101.7365,26.4986,2026-07-17T0100,9,17,0.5,10,6,27,NA,17,
攀枝花市,四十中小,101.7222,26.567,2026-07-17T0100,20,26,1.0,16,32,42,NA,29,
盘锦市,开发区,122.0303,41.1489,2026-07-17T0100,26,33,0.7,11,9,128,NA,40,
盘锦市,兴隆台,122.0486,41.0883,2026-07-17T0100,18,26,0.8,12,5,107,NA,34,
盘锦市,新生街道,121.8297,41.1026,2026-07-17T0100,25,NA,0.8,13,4,128,NA,40,
平顶山市,新华旅馆,113.3257,33.7423,2026-07-17T0100,20,37,0.5,15,4,87,NA,37,
平顶山市,规划设计院,113.2917,33.737,2026-07-17T0100,18,31,0.8,18,6,65,NA,31,
平顶山市,平顶山工学院,113.182,33.7738,2026-07-17T0100,10,13,0.5,12,7,84,NA,27,
平顶山市,石龙区,112.8736,33.9068,2026-07-17T0100,14,NA,0.4,8,8,87,NA,28,
平顶山市,姚电大道23号,113.284,33.7139,2026-07-17T0100,16,23,0.7,16,7,68,NA,23,
平凉市,聚贤嘉苑,106.6633,35.5338,2026-07-17T0100,11,24,0.7,22,8,56,NA,24,
平凉市,博物馆,106.7021,35.5307,2026-07-17T0100,14,37,0.6,16,8,48,NA,37,
萍乡市,中医院,113.8384,27.6436,2026-07-17T0100,13,NA,0.5,NA,7,21,NA,NA,NA
萍乡市,市环保局,113.8677,27.6438,2026-07-17T0100,3,19,0.3,14,10,27,NA,19,
萍乡市,安源区政府,113.8663,27.6202,2026-07-17T0100,3,11,0.3,8,5,26,NA,11,
萍乡市,联洪村委会,113.8686,27.6668,2026-07-17T0100,8,18,0.3,9,10,22,NA,18,
莆田市,荔城区仓后路,119.0142,25.4324,2026-07-17T0100,3,15,/,10,/,39,NA,15,
莆田市,莆田市监测站,119.0016,25.4553,2026-07-17T0100,7,12,0.3,8,4,44,NA,14,
莆田市,涵江区六中,119.112,25.4561,2026-07-17T0100,7,10,0.7,8,/,44,NA,14,
莆田市,秀屿区政府,119.1014,25.3215,2026-07-17T0100,3,16,0.6,10,6,44,NA,16,
濮阳市,环保局,115.0312,35.7636,2026-07-17T0100,23,37,0.8,8,3,131,NA,41,
濮阳市,濮水河管理处,115,35.7667,2026-07-17T0100,24,35,0.8,6,1,61,NA,35,
濮阳市,中原东路68号,115.0552,35.7816,2026-07-17T0100,19,63,1.0,8,5,111,NA,60,颗粒物(PM10)
濮阳市,任丘路479号,115.0923632,35.76857718,2026-07-17T0100,24,39,0.7,10,2,127,NA,40,
普洱市,市环保局,100.9801,22.7634,2026-07-17T0100,16,32,0.6,4,5,31,NA,32,
普洱市,普洱第二中学,100.9763,22.8237,2026-07-17T0100,13,25,0.7,7,7,19,NA,25,
七台河市,中波台,131.0413,45.7795,2026-07-17T0100,8,9,0.4,4,5,54,NA,17,
七台河市,人民广场,131.0136,45.7688,2026-07-17T0100,3,12,0.3,7,6,39,NA,13,
七台河市,新建矿广场,130.8639,45.8144,2026-07-17T0100,6,9,0.5,25,6,30,NA,13,
齐齐哈尔市,安居小区,123.9307,47.3641,2026-07-17T0100,8,18,0.4,9,3,49,NA,18,
齐齐哈尔市,中心广场,123.9497,47.3389,2026-07-17T0100,15,30,0.3,14,5,47,NA,30,
齐齐哈尔市,农牧车辆厂,123.9483,47.3229,2026-07-17T0100,20,27,0.2,13,6,48,NA,29,
齐齐哈尔市,市环境监测站,123.9442,47.2994,2026-07-17T0100,20,NA,0.3,16,3,39,NA,29,
齐齐哈尔市,富区青少年活动中心,123.6341,47.2079,2026-07-17T0100,10,16,0.4,35,5,29,NA,18,
黔东南苗族侗族自治州,市环境监测站,107.9765,26.5724,2026-07-17T0100,3,8,0.4,2,2,57,NA,18,
黔东南苗族侗族自治州,凯里学院,107.8909,26.531,2026-07-17T0100,11,NA,0.5,3,2,55,NA,18,
黔南布依族苗族自治州,小围寨,107.5223,26.2371,2026-07-17T0100,8,NA,0.5,4,3,39,NA,13,
黔南布依族苗族自治州,沙坝,107.5175,26.2977,2026-07-17T0100,3,9,0.6,4,4,27,NA,9,
黔西南布依族苗族自治州,场坝街,104.9022,25.0943,2026-07-17T0100,6,12,0.3,3,3,65,NA,21,
黔西南布依族苗族自治州,坪东大道,104.8812,25.0994,2026-07-17T0100,11,17,0.3,4,5,63,NA,20,
钦州市,市环保站,108.6238,21.9667,2026-07-17T0100,3,24,0.6,15,4,11,NA,24,
钦州市,沙埠小学,108.655,21.9481,2026-07-17T0100,3,28,0.6,11,5,14,NA,28,
钦州市,港区一小,108.5989,21.7435,2026-07-17T0100,15,42,0.8,6,3,60,NA,42,
钦州市,北职校,108.5959,21.9634,2026-07-17T0100,3,19,0.6,15,3,16,NA,19,
秦皇岛市,建设大厦,119.5247,39.9346,2026-07-17T0100,13,44,0.4,65,7,8,NA,44,
秦皇岛市,文明里,119.5979,39.938,2026-07-17T0100,29,78,0.5,2,7,155,NA,70,颗粒物(PM10)
秦皇岛市,南园路157号,119.7458,39.9952,2026-07-17T0100,24,51,0.4,27,9,95,NA,51,颗粒物(PM10)
秦皇岛市,翠岛大街1号,119.5131,39.8858,2026-07-17T0100,29,30,0.5,4,4,131,NA,42,
秦皇岛市,北戴河轮滑馆,119.509013,39.825305,2026-07-17T0100,39,62,0.6,4,5,156,NA,59,颗粒物(PM10)
青岛市,市南区东部子站,120.404,36.0625,2026-07-17T0100,13,19,0.5,10,6,55,NA,19,
青岛市,四方区子站,120.362344,36.10282,2026-07-17T0100,24,NA,0.8,16,10,55,NA,35,
青岛市,市南区西部子站,120.294373,36.054183,2026-07-17T0100,6,7,0.6,5,6,95,NA,30,
青岛市,崂山区子站,120.4581,36.0858,2026-07-17T0100,15,NA,0.3,8,7,44,NA,22,
青岛市,城阳区子站,120.3945,36.3083,2026-07-17T0100,12,22,0.4,12,3,61,NA,22,
青岛市,市北区南部,120.3454,36.0735,2026-07-17T0100,14,NA,0.8,14,5,73,NA,23,
青岛市,李沧区北部,120.3897,36.18,2026-07-17T0100,35,NA,0.7,29,4,39,NA,50,
青岛市,盟旺路653号,120.5222,36.4089,2026-07-17T0100,6,13,0.7,4,6,96,NA,30,
青岛市,珠江路669号,120.196923,35.954556,2026-07-17T0100,14,NA,0.5,9,4,90,NA,29,
青岛市,黄岛区人民政府广场,120.0424,35.8656,2026-07-17T0100,9,NA,0.6,7,5,95,NA,30,
清远市,凤城街办,113.0218,23.7086,2026-07-17T0100,14,26,/,31,/,22,NA,26,
清远市,技师学院,113.0479,23.6343,2026-07-17T0100,13,23,0.6,38,5,16,NA,23,
清远市,清新太和,112.9898,23.7403,2026-07-17T0100,14,25,0.5,25,9,30,NA,25,
清远市,清城东城,113.076,23.72,2026-07-17T0100,16,25,/,24,/,20,NA,25,
庆阳市,庆阳五中,107.6325,35.7357,2026-07-17T0100,3,15,0.6,4,4,90,NA,29,
庆阳市,市环保局,107.6361,35.7067,2026-07-17T0100,6,14,0.5,6,6,94,NA,30,
曲靖市,环境监测站,103.7897,25.5036,2026-07-17T0100,NA,22,0.7,9,1,46,NA,NA,NA
曲靖市,烟厂办公区,103.8013,25.5357,2026-07-17T0100,18,20,0.8,12,4,44,NA,26,
曲靖市,南苑二区,103.7926,25.4651,2026-07-17T0100,8,15,0.4,10,4,37,NA,15,
曲靖市,曲靖师范学院,103.7442,25.5259,2026-07-17T0100,15,19,0.5,11,4,40,NA,22,
衢州市,环保大楼,118.8694,28.94,2026-07-17T0100,13,28,/,16,/,26,NA,28,
衢州市,衢州学院,118.8622,28.9809,2026-07-17T0100,13,24,0.5,39,4,7,NA,24,
衢州市,衢州三中,118.9646,28.9832,2026-07-17T0100,14,26,0.9,14,7,30,NA,26,
泉州市,涂山街,118.5818,24.9116,2026-07-17T0100,7,12,0.5,12,4,44,NA,14,
泉州市,津头埔,118.597,24.8976,2026-07-17T0100,7,14,0.4,13,3,43,NA,14,
泉州市,万安,118.6669,24.9422,2026-07-17T0100,3,12,0.4,10,4,47,NA,15,
泉州市,霞新路6号,118.6355,24.9148,2026-07-17T0100,10,12,0.4,21,/,36,NA,15,
日喀则市,日喀则监测站,88.8873,29.2723,2026-07-17T0100,3,17,0.4,16,7,37,NA,17,
日喀则市,林业技术推广中心,88.8775,29.2425,2026-07-17T0100,3,6,0.3,2,5,57,NA,18,
日照市,监测站,119.4711,35.421,2026-07-17T0100,13,NA,0.5,11,7,65,NA,21,
日照市,市政府广场,119.523,35.4216,2026-07-17T0100,10,14,0.3,3,8,76,NA,24,
日照市,港务局,119.5511,35.4113,2026-07-17T0100,7,9,0.7,5,7,94,NA,30,
日照市,职业技术学院,119.5326,35.4627,2026-07-17T0100,12,NA,0.4,5,8,76,NA,24,
日照市,岚山环保分局,119.3267,35.1043,2026-07-17T0100,3,7,0.6,8,9,83,NA,26,
三门峡市,市政府,111.1922,34.7752,2026-07-17T0100,11,21,1.2,6,4,67,NA,21,
三门峡市,开发区,111.1588,34.794,2026-07-17T0100,7,NA,0.8,10,5,72,NA,23,
三门峡市,三门峡市第一小学,111.1911,34.7829,2026-07-17T0100,3,21,1.0,10,6,68,NA,22,
三门峡市,富达温泉假日酒店,111.1031,34.719,2026-07-17T0100,3,20,1.0,11,3,64,NA,20,
三明市,三钢,117.621,26.2626,2026-07-17T0100,9,NA,1.1,15,12,23,NA,13,
三明市,三明二中,117.6352,26.2714,2026-07-17T0100,8,10,0.5,12,8,28,NA,12,
三明市,三元区政府,117.6028,26.2377,2026-07-17T0100,7,22,0.9,15,10,14,NA,22,
三亚市,河西子站,109.4962,18.2682,2026-07-17T0100,18,25,0.2,19,3,25,NA,26,
三亚市,君悦子站,109.7348,18.3443,2026-07-17T0100,13,31,0.2,17,2,28,NA,31,
三亚市,城东小学站,109.1714,18.3739,2026-07-17T0100,16,33,/,6,/,24,NA,33,
山南市,山南监测站,91.7592,29.234,2026-07-17T0100,3,6,0.1,3,5,63,NA,20,
山南市,山南人民医院,91.7701,29.2436,2026-07-17T0100,3,10,0.2,2,5,68,NA,22,
汕头市,金平子站,116.6795,23.3666,2026-07-17T0100,8,12,0.5,7,3,42,NA,14,
汕头市,龙湖子站,116.7248,23.3632,2026-07-17T0100,7,11,/,2,4,42,NA,14,
汕头市,濠江子站,116.7257,23.2774,2026-07-17T0100,6,12,/,7,9,42,NA,14,
汕头市,澄海子站,116.7518,23.4712,2026-07-17T0100,10,18,0.5,11,4,34,NA,18,
汕头市,潮阳子站,116.6088,23.2539,2026-07-17T0100,7,8,0.9,3,7,45,NA,15,
汕头市,潮南峡山,116.4539,23.2684,2026-07-17T0100,7,14,0.6,6,7,41,NA,14,
汕头市,潮南子站,116.4069,23.2533,2026-07-17T0100,3,12,/,5,6,42,NA,14,
汕尾市,市环保局,115.3653,22.7751,2026-07-17T0100,3,18,0.5,6,5,50,NA,18,
汕尾市,新城中学,115.362,22.7926,2026-07-17T0100,3,NA,0.5,7,6,43,NA,14,
商洛市,监测站,109.9155,33.8714,2026-07-17T0100,3,6,0.5,3,4,72,NA,23,
商洛市,商州区中学,109.9647,33.8486,2026-07-17T0100,3,7,0.4,8,4,73,NA,23,
商丘市,环境监测站,115.6701,34.4283,2026-07-17T0100,32,106,0.8,14,5,56,NA,90,颗粒物(PM10)
商丘市,粮食局,115.6458,34.4047,2026-07-17T0100,38,68,0.6,9,2,65,NA,63,颗粒物(PM10)
商丘市,梁园区档案局,115.6069,34.4465,2026-07-17T0100,33,126,0.7,14,1,80,NA,103,颗粒物(PM10)
商丘市,北海东路185号,115.6701,34.3767,2026-07-17T0100,38,70,0.6,9,4,78,NA,65,颗粒物(PM10)
商丘市,中山大街3号,115.6172,34.3704,2026-07-17T0100,30,64,0.7,9,3,84,NA,60,颗粒物(PM10)
上海市,普陀,121.401,31.2382,2026-07-17T0100,37,41,0.4,15,7,152,NA,54,细颗粒物(PM2.5)
上海市,十五厂,121.4774,31.2043,2026-07-17T0100,29,42,0.5,23,5,144,NA,45,
上海市,虹口,121.4673,31.3011,2026-07-17T0100,25,42,0.7,12,4,139,NA,44,
上海市,静安监测站,121.4253,31.226,2026-07-17T0100,22,43,0.4,16,9,160,NA,50,
上海市,浦东川沙,121.7029,31.1905,2026-07-17T0100,32,54,0.6,20,9,134,NA,53,颗粒物(PM10)
上海市,浦东新区监测站,121.5339,31.229,2026-07-17T0100,31,44,0.6,11,6,156,NA,49,
上海市,浦东张江,121.5776,31.2038,2026-07-17T0100,28,39,0.3,12,8,170,NA,63,臭氧1小时(O3_1h)
上海市,宝山庙行,121.4242,31.3303,2026-07-17T0100,21,35,0.3,9,12,134,NA,42,
上海市,崇明上实东滩,121.8789,31.4662,2026-07-17T0100,36,45,0.4,27,10,69,NA,52,细颗粒物(PM2.5)
上海市,嘉定南翔,121.316,31.2839,2026-07-17T0100,24,30,0.4,37,4,93,NA,35,
上海市,金山新城,121.3357,30.7455,2026-07-17T0100,32,50,0.8,18,5,93,NA,50,
上海市,闵行浦江,121.4996,31.0741,2026-07-17T0100,36,45,0.6,10,6,131,NA,52,细颗粒物(PM2.5)
上海市,青浦徐泾,121.2886,31.1663,2026-07-17T0100,39,59,0.6,22,7,107,NA,58,细颗粒物(PM2.5)
上海市,松江图书馆,121.2193,31.0382,2026-07-17T0100,35,50,0.7,14,7,129,NA,50,
上海市,长宁仙霞,121.3904,31.206,2026-07-17T0100,27,NA,0.2,14,8,139,NA,44,
上海市,浦东惠南,121.7964,31.0507,2026-07-17T0100,32,51,0.6,39,8,98,NA,51,颗粒物(PM10)
上海市,奉贤南桥新城,121.4891,30.925,2026-07-17T0100,28,51,0.5,18,4,119,NA,51,颗粒物(PM10)
上海市,冠生园路458号,121.417401,31.16637,2026-07-17T0100,22,44,0.6,15,6,115,NA,44,
上海市,宁武路151号,121.541914,31.268301,2026-07-17T0100,32,47,0.5,13,6,165,NA,57,臭氧1小时(O3_1h)
上饶市,市监测站,117.9758,28.4439,2026-07-17T0100,13,29,/,9,7,32,NA,29,
上饶市,凤凰光学,117.9521,28.4637,2026-07-17T0100,33,NA,0.4,15,51,24,NA,48,
上饶市,双创科技城,117.897,28.4316,2026-07-17T0100,21,27,0.5,22,11,27,NA,30,
上饶市,裕丰大道,118.190438,28.444845,2026-07-17T0100,3,13,0.3,5,12,35,NA,13,
韶关市,市八中,113.5821,24.7733,2026-07-17T0100,3,8,0.5,13,9,56,NA,18,
韶关市,园林处,113.5916,24.7973,2026-07-17T0100,9,18,/,13,10,55,NA,18,
韶关市,曲江监测站,113.5971,24.6864,2026-07-17T0100,6,20,0.5,17,9,50,NA,20,
韶关市,大学路288号,113.6668,24.7756,2026-07-17T0100,11,14,/,14,12,56,NA,18,
韶关市,碧湖山庄,113.5556,24.8082,2026-07-17T0100,3,7,0.6,14,6,54,NA,17,
邵阳市,市化工厂,111.5277,27.2442,2026-07-17T0100,14,NA,0.3,5,12,51,NA,20,
邵阳市,市环保局,111.4327,27.2276,2026-07-17T0100,16,NA,0.4,10,5,48,NA,23,
邵阳市,北塔二期4-26地块,111.446,27.2472,2026-07-17T0100,3,26,0.5,8,8,40,NA,26,
邵阳市,邵水西路287号,111.4739,27.2282,2026-07-17T0100,12,12,0.3,4,10,57,NA,18,
绍兴市,城东开发委,120.6053,29.9927,2026-07-17T0100,10,15,0.8,9,9,64,NA,20,
绍兴市,树下王站,120.5482,30.0003,2026-07-17T0100,18,26,0.4,12,4,58,NA,26,
绍兴市,绍兴中专,120.5685,29.936,2026-07-17T0100,6,18,0.7,14,4,42,NA,18,
绍兴市,柯桥区政府,120.4905,30.086,2026-07-17T0100,14,22,0.6,19,6,47,NA,22,
绍兴市,重华小学,120.8751,30.0249,2026-07-17T0100,21,39,0.8,21,10,50,NA,39,
绍兴市,上虞中学,120.837,30.0137,2026-07-17T0100,NA,NA,NA,NA,NA,NA,NA,NA,NA
绍兴市,柯桥妇保,120.4715,30.0414,2026-07-17T0100,17,22,0.3,17,6,50,NA,25,
绍兴市,袍江中学,120.6156,30.0762,2026-07-17T0100,16,26,0.4,14,7,60,NA,26,
深圳市,通心岭子站,114.0948,22.5506,2026-07-17T0100,7,15,0.9,11,2,30,NA,15,
深圳市,洪湖,114.1153,22.5713,2026-07-17T0100,6,16,0.4,18,6,12,NA,16,
深圳市,华侨城,113.9823,22.5398,2026-07-17T0100,8,13,/,15,/,23,NA,13,
深圳市,南海子站,113.9181,22.517,2026-07-17T0100,6,15,0.9,24,NA,15,NA,NA,NA
深圳市,盐田,114.2345,22.565,2026-07-17T0100,3,19,0.4,39,7,3,NA,20,
深圳市,南澳,114.4911,22.5381,2026-07-17T0100,3,17,/,8,/,21,NA,17,
深圳市,葵涌,114.41,22.6346,2026-07-17T0100,7,21,0.7,24,6,2,NA,21,
深圳市,梅沙,114.2967,22.5978,2026-07-17T0100,3,9,/,16,/,27,NA,9,
深圳市,观澜,114.0563,22.7353,2026-07-17T0100,9,9,0.5,27,6,20,NA,14,
深圳市,莲花,114.0614,22.556,2026-07-17T0100,3,18,/,12,/,13,NA,18,
深圳市,民治,114.0144,22.6163,2026-07-17T0100,9,12,/,15,/,27,NA,13,
深圳市,横岗,114.1756,22.6421,2026-07-17T0100,10,18,/,31,/,20,NA,18,
深圳市,坪山,114.344,22.7115,2026-07-17T0100,3,9,0.8,6,6,34,NA,11,
深圳市,西乡,113.8952,22.586,2026-07-17T0100,9,22,0.8,34,3,11,NA,22,
深圳市,黄阁路,114.214113,22.713717,2026-07-17T0100,3,10,0.7,10,6,27,NA,10,
沈阳市,浑南东路,123.5058,41.7084,2026-07-17T0100,16,33,1.0,35,5,29,NA,33,
沈阳市,新秀街,123.4238,41.6992,2026-07-17T0100,NA,NA,NA,NA,NA,NA,NA,NA,NA
沈阳市,东陵路,123.5903,41.8412,2026-07-17T0100,14,32,0.6,29,3,24,NA,32,
沈阳市,陵东街,123.4267,41.8466,2026-07-17T0100,26,27,0.9,27,7,60,NA,38,
沈阳市,文化路,123.4116,41.7654,2026-07-17T0100,3,35,0.9,24,13,63,NA,35,
沈阳市,小河沿,123.4673,41.787,2026-07-17T0100,22,25,1.0,31,3,28,NA,32,
沈阳市,太原街,123.4019,41.7978,2026-07-17T0100,NA,NA,NA,NA,NA,NA,NA,NA,NA
沈阳市,京沈街,123.3778,41.9233,2026-07-17T0100,26,53,0.9,44,12,49,NA,53,颗粒物(PM10)
沈阳市,沈辽西路,123.2429,41.7341,2026-07-17T0100,27,58,1.0,36,8,44,NA,56,颗粒物(PM10)
沈阳市,裕农路,123.5951,41.9085,2026-07-17T0100,16,27,0.8,30,4,34,NA,27,
十堰市,滨河新村,110.78,32.6494,2026-07-17T0100,8,30,0.7,6,/,85,NA,30,
十堰市,刘家沟,110.7305,32.6408,2026-07-17T0100,10,23,/,5,/,58,NA,23,
十堰市,铁二处,110.8843,32.5712,2026-07-17T0100,14,14,0.6,6,9,49,NA,20,
十堰市,郧阳区金沙路,110.8053,32.8401,2026-07-17T0100,12,20,0.6,9,8,81,NA,26,
石河子市,艾青诗歌馆,86.0391,44.298,2026-07-17T0100,9,29,0.2,9,4,96,NA,30,
石河子市,南区管委会,86.047,44.2331,2026-07-17T0100,3,26,0.3,2,6,104,NA,33,
石河子市,世纪广场,86.0791,44.3018,2026-07-17T0100,9,49,0.4,33,2,51,NA,49,
石河子市,城南景苑小区,86.0126,44.2349,2026-07-17T0100,3,19,0.3,4,6,104,NA,33,
石家庄市,高新区,114.5919,38.0328,2026-07-17T0100,18,26,0.6,4,3,102,NA,32,
石家庄市,西南高教,114.4556,38.0136,2026-07-17T0100,8,19,0,2,1,102,NA,32,
石家庄市,世纪公园,114.533,38.0177,2026-07-17T0100,3,28,0.3,6,3,99,NA,31,
石家庄市,人民会堂,114.5105,38.0489,2026-07-17T0100,8,23,0.2,2,2,99,NA,31,
石家庄市,鹿泉一中,114.2887,38.0905,2026-07-17T0100,3,30,0.2,2,1,120,NA,38,
石家庄市,栾城区星河路,114.6491,37.9014,2026-07-17T0100,3,18,0.2,3,1,103,NA,33,
石家庄市,裕华西路63号,114.4563,38.0365,2026-07-17T0100,3,11,0.2,1,3,98,NA,31,
石家庄市,和平路363号,114.5586,38.0581,2026-07-17T0100,3,14,0.4,5,3,99,NA,31,
石家庄市,廉州西路160号,114.8347,38.0213,2026-07-17T0100,3,12,0.5,5,2,83,NA,26,
石家庄市,北城路41号,114.4498,38.0729,2026-07-17T0100,8,25,0.2,2,2,99,NA,31,
石家庄市,矿区区委大楼,114.0494,38.059,2026-07-17T0100,3,9,0.2,5,3,77,NA,25,
石嘴山市,大武口朝阳西街,106.3668,39.0145,2026-07-17T0100,13,35,0.5,10,13,94,NA,35,
石嘴山市,惠农南大街,106.7713,39.2278,2026-07-17T0100,17,22,0.7,19,12,73,NA,25,
石嘴山市,红果子镇惠新街,106.7074,39.1332,2026-07-17T0100,9,16,0.6,13,10,60,NA,19,
石嘴山市,妇女儿童医院,106.3495,38.9837,2026-07-17T0100,26,NA,0.5,14,8,89,NA,38,
石嘴山市,石大公路,106.7495,39.2068,2026-07-17T0100,12,25,0.4,26,5,68,NA,25,
双鸭山市,双合村,131.1509,46.6936,2026-07-17T0100,6,NA,0.2,9,6,51,NA,16,
双鸭山市,南小市,131.1651,46.6191,2026-07-17T0100,8,NA,0.1,8,5,54,NA,17,
双鸭山市,环保局,131.1526,46.6554,2026-07-17T0100,3,22,0.4,9,11,52,NA,22,
朔州市,平朔,112.4399,39.3521,2026-07-17T0100,3,11,0.1,6,3,95,NA,30,
朔州市,朔唯,112.4574,39.362,2026-07-17T0100,3,6,/,7,3,91,NA,29,
朔州市,区政府,112.426,39.3199,2026-07-17T0100,6,7,0.2,6,4,84,NA,27,
朔州市,市环保局,112.4075,39.3277,2026-07-17T0100,8,10,/,6,3,96,NA,30,
朔州市,市二中,112.4273,39.3682,2026-07-17T0100,3,6,/,1,4,97,NA,31,
朔州市,一水厂,112.2938,39.5296,2026-07-17T0100,7,16,0.4,8,4,66,NA,21,
四平市,境园,124.3744,43.1842,2026-07-17T0100,14,18,0.3,22,4,72,NA,23,
四平市,植物园,124.4029,43.1411,2026-07-17T0100,13,22,0.2,31,3,47,NA,22,
四平市,世纪城,124.3286,43.1726,2026-07-17T0100,20,28,0.3,12,7,88,NA,29,
松原市,江南,124.8007,45.1213,2026-07-17T0100,16,21,0.4,7,1,56,NA,23,
松原市,江北,124.7967,45.1721,2026-07-17T0100,7,21,0.5,7,1,54,NA,21,
苏州市,轧钢厂,120.5974,31.3247,2026-07-17T0100,22,53,0.6,23,11,90,NA,53,颗粒物(PM10)
苏州市,吴中区,120.6329,31.2741,2026-07-17T0100,27,42,0.6,34,6,59,NA,42,
苏州市,苏州新区,120.5566,31.3049,2026-07-17T0100,21,32,0.4,34,7,66,NA,32,
苏州市,苏州工业园区,120.668709,31.312523,2026-07-17T0100,16,32,0.4,16,10,89,NA,32,
苏州市,相城区,120.6408,31.3707,2026-07-17T0100,21,36,0.6,15,12,98,NA,36,
苏州市,方洲路,120.7431,31.3188,2026-07-17T0100,16,25,0.6,15,8,81,NA,26,
苏州市,木渎中学,120.4979,31.2777,2026-07-17T0100,19,29,0.4,16,4,52,NA,29,
苏州市,越秀幼儿园,120.642,31.1733,2026-07-17T0100,28,28,0.7,21,4,61,NA,40,
苏州市,高铁新城,120.6502,31.4117,2026-07-17T0100,21,52,0.8,75,6,17,NA,52,颗粒物(PM10)
苏州市,学森路9号,120.4282,31.3228,2026-07-17T0100,9,20,0.6,34,6,19,NA,20,
宿迁市,宿迁学院,118.2924,33.933,2026-07-17T0100,42,NA,0.9,6,8,76,NA,64,细颗粒物(PM2.5)
宿迁市,宿迁中学,118.2321,33.9572,2026-07-17T0100,33,NA,0.7,6,5,81,NA,48,
宿迁市,市供电局,118.2781,33.9658,2026-07-17T0100,37,NA,1.0,8,4,82,NA,54,细颗粒物(PM2.5)
宿迁市,宿豫区政府,118.3243,33.95,2026-07-17T0100,29,31,0.9,7,3,74,NA,42,
宿迁市,春华路,118.352,33.7886,2026-07-17T0100,51,63,0.4,3,7,64,NA,82,细颗粒物(PM2.5)
宿州市,远航博物馆,116.9508,33.666,2026-07-17T0100,23,NA,0.3,4,6,61,NA,33,
宿州市,社会福利中心,116.9708,33.5911,2026-07-17T0100,16,21,0.2,10,6,58,NA,23,
宿州市,皖北煤电集团,116.9647,33.6252,2026-07-17T0100,17,19,0.4,3,6,68,NA,25,
宿州市,中兴路,116.9929,33.6412,2026-07-17T0100,21,38,0.2,5,9,43,NA,38,
绥化市,人和东街,126.9783,46.6365,2026-07-17T0100,11,23,0.3,30,9,34,NA,23,
绥化市,党政办公中心,126.964,46.6527,2026-07-17T0100,6,26,0.3,38,8,35,NA,26,
随州市,市委党校,113.3587,31.7275,2026-07-17T0100,10,11,0.4,7,3,NA,NA,NA,NA
随州市,市林业局,113.3745,31.6926,2026-07-17T0100,3,12,0.5,5,2,87,NA,28,
随州市,市立交桥水厂,113.3984,31.7309,2026-07-17T0100,3,14,0.5,2,4,88,NA,28,
遂宁市,市监测站,105.5581,30.5231,2026-07-17T0100,3,19,0.5,4,7,92,NA,29,
遂宁市,美宁食品公司,105.5917,30.4727,2026-07-17T0100,3,31,0.6,5,11,91,NA,31,
遂宁市,环岛商务中心9号楼,105.5911,30.5368,2026-07-17T0100,3,20,0.5,2,8,83,NA,26,
塔城地区,东门外小游园,82.9993,46.7432,2026-07-17T0100,22,38,0.4,NA,5,116,NA,NA,NA
塔城地区,文化广场,82.9716,46.7464,2026-07-17T0100,27,33,0.3,6,4,64,NA,39,
台州市,黄岩环保大楼,121.2727,28.6461,2026-07-17T0100,20,23,/,5,/,54,NA,29,
台州市,台州环保大楼,121.4188,28.6545,2026-07-17T0100,19,37,0.4,13,/,57,NA,37,
台州市,路桥田洋王,121.3768,28.5772,2026-07-17T0100,14,35,0.3,9,5,64,NA,35,
台州市,台州科技职业学院,121.25678,28.66823971,2026-07-17T0100,15,30,0.7,7,6,59,NA,30,
太原市,尖草坪,112.5138,37.8916,2026-07-17T0100,6,9,0.3,3,4,103,NA,33,
太原市,晋源,112.4691,37.7125,2026-07-17T0100,6,10,0.5,5,4,111,NA,35,
太原市,小店,112.5595,37.7391,2026-07-17T0100,10,23,0.8,14,6,96,NA,30,
太原市,坞城,112.5705,37.8199,2026-07-17T0100,8,10,0.3,7,8,96,NA,30,
太原市,南寨,112.5495,37.9853,2026-07-17T0100,3,NA,0.5,6,10,72,NA,23,
太原市,金胜,112.4702,37.7821,2026-07-17T0100,10,10,0.3,4,6,111,NA,35,
太原市,育英中学,112.5608,37.8807,2026-07-17T0100,11,NA,0.4,7,6,93,NA,30,
太原市,西矿街336号,112.449,37.8509,2026-07-17T0100,7,7,0.3,6,6,116,NA,37,
太原市,迎宾北路9号,112.4792,37.9393,2026-07-17T0100,9,14,0.7,7,5,93,NA,30,
太原市,迎泽大街248号,112.551,37.8575,2026-07-17T0100,7,7,0.8,14,8,86,NA,27,
泰安市,监测站,117.1436,36.1938,2026-07-17T0100,22,31,0.4,8,8,94,NA,32,
泰安市,人口学校,117.0905,36.2002,2026-07-17T0100,21,41,0.6,4,9,119,NA,41,
泰安市,电力学校,117.0992,36.1757,2026-07-17T0100,22,31,0.5,10,8,89,NA,32,
泰安市,国网新校,117.1812,36.2273,2026-07-17T0100,22,24,0.8,2,8,77,NA,32,
泰安市,交通技校,117.0315,36.2017,2026-07-17T0100,13,27,0.2,37,3,48,NA,27,
泰安市,山东第一医科大学,117.083,36.13,2026-07-17T0100,30,46,0.7,24,7,70,NA,46,
泰州市,公园路,119.9042,32.488,2026-07-17T0100,25,27,0.6,16,7,66,NA,36,
泰州市,莲花,119.9189,32.4626,2026-07-17T0100,20,32,0.6,19,8,74,NA,32,
泰州市,留学生创业园,119.8877,32.4636,2026-07-17T0100,30,59,0.9,34,10,51,NA,57,颗粒物(PM10)
泰州市,王营,119.8767,32.3291,2026-07-17T0100,18,26,0.6,38,8,35,NA,26,
泰州市,姜堰区政府广场,120.1226,32.515,2026-07-17T0100,11,15,0.8,36,13,60,NA,19,
泰州市,周山河街区,119.9186,32.4322,2026-07-17T0100,23,33,0.6,26,10,41,NA,33,
唐山市,十二中,118.1707,39.6505,2026-07-17T0100,30,82,0.9,14,7,117,NA,73,颗粒物(PM10)
唐山市,小山,118.1868,39.6219,2026-07-17T0100,37,47,0.6,13,4,95,NA,54,细颗粒物(PM2.5)
唐山市,冀东油田职工医院,118.4357,39.277,2026-07-17T0100,54,58,0.4,11,3,94,NA,88,细颗粒物(PM2.5)
唐山市,正泰大街热力站,118.0927,39.5807,2026-07-17T0100,22,66,0.6,18,4,64,NA,62,颗粒物(PM10)
唐山市,丰润区政府,118.1561,39.8322,2026-07-17T0100,21,46,0.8,31,10,67,NA,46,
唐山市,金山小学,118.436906,39.73802,2026-07-17T0100,49,65,0.7,12,4,125,NA,78,细颗粒物(PM2.5)
唐山市,政府服务中心,118.2449,39.6693,2026-07-17T0100,36,63,0.8,13,9,102,NA,60,颗粒物(PM10)
唐山市,消防缸窑路中队,118.2043,39.6703,2026-07-17T0100,24,82,0.9,23,4,85,NA,73,颗粒物(PM10)
唐山市,路南电大,118.1432,39.6203,2026-07-17T0100,37,68,0.6,20,8,103,NA,63,颗粒物(PM10)
唐山市,光明北路515号,118.1267,39.6579,2026-07-17T0100,33,35,0.5,15,1,97,NA,48,
唐山市,友谊北路34号,118.130859,39.636026,2026-07-17T0100,19,60,0.5,9,3,130,NA,58,颗粒物(PM10)
天津市,勤俭道,117.1446,39.1659,2026-07-17T0100,41,92,1.4,35,2,52,NA,80,颗粒物(PM10)
天津市,前进道,117.2016,39.0928,2026-07-17T0100,35,78,1.1,28,8,58,NA,70,颗粒物(PM10)
天津市,淮河道,117.1837,39.2134,2026-07-17T0100,32,84,1.2,35,11,54,NA,75,颗粒物(PM10)
天津市,跃进路,117.308261,39.088386,2026-07-17T0100,58,115,1.2,35,8,49,NA,97,颗粒物(PM10)
天津市,第四大街,117.707,39.0344,2026-07-17T0100,61,127,1.1,90,4,11,NA,103,颗粒物(PM10)
天津市,永明路,117.4573,38.8395,2026-07-17T0100,59,73,0.6,7,2,105,NA,98,细颗粒物(PM2.5)
天津市,汉北路,117.7641,39.1588,2026-07-17T0100,31,77,1.0,8,5,93,NA,70,颗粒物(PM10)
天津市,河西一经路,117.7917,39.2473,2026-07-17T0100,32,69,0.6,9,6,101,NA,64,颗粒物(PM10)
天津市,津沽路,117.3747,38.9845,2026-07-17T0100,45,80,1.2,10,4,96,NA,72,颗粒物(PM10)
天津市,宾水西道,117.159,39.0844,2026-07-17T0100,39,72,1.1,28,6,60,NA,66,颗粒物(PM10)
天津市,大理道,117.194,39.1069,2026-07-17T0100,34,81,1.2,28,5,63,NA,73,颗粒物(PM10)
天津市,中山北路,117.2096,39.1698,2026-07-17T0100,32,77,1.1,33,5,49,NA,70,颗粒物(PM10)
天津市,西四道,117.385,39.1483,2026-07-17T0100,50,107,1.3,39,2,51,NA,91,颗粒物(PM10)
天津市,雍阳西道,117.0362,39.3827,2026-07-17T0100,24,59,0.9,28,9,58,NA,57,颗粒物(PM10)
天津市,辛老路,117.0291,39.0612,2026-07-17T0100,44,84,1.2,35,5,54,NA,75,颗粒物(PM10)
天津市,地纬路,116.9638,38.9374,2026-07-17T0100,50,69,0.6,20,5,68,NA,80,细颗粒物(PM2.5)
天津市,北环路,117.4065,40.0583,2026-07-17T0100,12,34,0.7,2,6,72,NA,34,
天津市,建设路,117.3041,39.7167,2026-07-17T0100,16,41,0.7,14,12,69,NA,41,
天津市,滨水东路,117.8201,39.3519,2026-07-17T0100,33,68,0.2,18,6,74,NA,63,颗粒物(PM10)
天津市,光华路,117.24369,39.102911,2026-07-17T0100,41,92,0.7,28,8,53,NA,80,颗粒物(PM10)
天水市,公园小学,105.72058,34.57859,2026-07-17T0100,3,6,0.0,19,5,28,NA,10,
天水市,麦积国土局,105.89428,34.55353,2026-07-17T0100,6,20,0.6,13,8,42,NA,20,
铁岭市,水上乐园,123.865,42.292,2026-07-17T0100,22,36,0.3,15,8,58,NA,36,
铁岭市,金沙江路北,123.7158,42.2218,2026-07-17T0100,16,30,0.6,23,14,58,NA,30,
铁岭市,新华街20号,123.835,42.2853,2026-07-17T0100,15,34,0.6,21,10,66,NA,34,
通化市,光明,125.9359,41.7174,2026-07-17T0100,14,24,0.3,13,9,10,NA,24,
通化市,铁路,125.9446,41.7323,2026-07-17T0100,16,23,0.5,12,9,14,NA,23,
通辽市,艺术职业学校,122.253,43.6801,2026-07-17T0100,18,34,0.7,10,7,112,NA,35,
通辽市,老干部活动中心,122.2584,43.6333,2026-07-17T0100,22,34,0.6,13,9,100,NA,34,
通辽市,东方明珠社区,122.2923,43.6189,2026-07-17T0100,21,41,0.6,18,8,97,NA,41,
铜川市,王益区政府,109.0696,35.0699,2026-07-17T0100,0,NA,0.4,7,6,60,NA,NA,NA
铜川市,新区管委会,108.9345,34.9059,2026-07-17T0100,9,NA,0.4,7,8,58,NA,19,
铜川市,大唐三路,108.949652,34.870529,2026-07-17T0100,1,NA,0.6,5,5,51,NA,NA,NA
铜陵市,市第四中学,117.8176,30.9412,2026-07-17T0100,9,17,0.6,12,9,40,NA,17,
铜陵市,市新民污水厂,117.7806,30.9413,2026-07-17T0100,16,47,0.6,54,24,7,NA,47,
铜陵市,车站新区,117.846,30.9414,2026-07-17T0100,10,21,0.6,14,12,50,NA,21,
铜陵市,市职教基地,117.8472,30.9699,2026-07-17T0100,8,26,0.7,17,16,40,NA,26,
铜仁市,铜仁卫校,109.1839,27.7344,2026-07-17T0100,6,18,0.1,6,1,44,NA,18,
铜仁市,铜仁七中,109.1752,27.6945,2026-07-17T0100,3,15,0.2,4,5,40,NA,15,
吐鲁番市,市环保局,89.1905,42.9419,2026-07-17T0100,NA,NA,NA,NA,NA,NA,NA,NA,NA
吐鲁番市,地区环保局,89.1674,42.9558,2026-07-17T0100,18,NA,0.3,5,6,106,NA,NA,NA
威海市,华夏技校,122.121,37.4231,2026-07-17T0100,13,NA,0.3,8,/,66,NA,21,
威海市,山大分校,122.0508,37.5236,2026-07-17T0100,15,NA,/,15,/,81,NA,26,
威海市,市监测站,122.1067,37.5067,2026-07-17T0100,19,20,0.4,12,2,70,NA,28,
威海市,文登开发区,122.0693,37.2175,2026-07-17T0100,12,NA,/,4,/,97,NA,31,
威海市,临港区管委会,122.1379,37.3414,2026-07-17T0100,14,NA,0.4,6,5,86,NA,27,
潍坊市,环保局,119.1436,36.7022,2026-07-17T0100,24,46,0.9,21,4,78,NA,46,
潍坊市,坊子邮政,119.1638,36.6524,2026-07-17T0100,35,46,0.5,22,6,56,NA,50,
潍坊市,潍坊七中,119.0587,36.7209,2026-07-17T0100,27,36,0.8,17,6,60,NA,39,
潍坊市,高新实验学校,119.1978,36.6871,2026-07-17T0100,16,31,0.5,9,3,38,NA,31,
潍坊市,潍坊学院,119.1758,36.7139,2026-07-17T0100,18,39,0.6,15,4,81,NA,39,
潍坊市,寒亭区实验一小,119.2046,36.7696,2026-07-17T0100,20,27,0.5,27,5,60,NA,29,
渭南市,体育馆,109.4605,34.4927,2026-07-17T0100,3,6,0.5,9,7,65,NA,21,
渭南市,高新一小,109.4257,34.5067,2026-07-17T0100,3,7,0.4,4,7,67,NA,21,
渭南市,桢州大街,110.4531,35.4578,2026-07-17T0100,7,NA,0.7,2,7,98,NA,31,
渭南市,太史大街,110.4368,35.4773,2026-07-17T0100,8,15,0.6,5,7,78,NA,25,
渭南市,渭花路4号,109.5051,34.4921,2026-07-17T0100,3,6,0.5,6,7,68,NA,22,
温州市,瓯海,120.6342,28.0088,2026-07-17T0100,24,55,0.6,28,6,36,NA,54,颗粒物(PM10)
温州市,南浦,120.6747,27.9881,2026-07-17T0100,19,42,0.6,19,5,45,NA,42,
温州市,龙湾,120.76,27.9745,2026-07-17T0100,25,68,0.6,47,7,14,NA,63,颗粒物(PM10)
温州市,茶山,120.6985,27.9252,2026-07-17T0100,29,46,/,26,/,35,NA,46,
温州市,鹿城惠民路,120.6935,28.0114,2026-07-17T0100,23,55,0.5,22,/,39,NA,54,颗粒物(PM10)
文山壮族苗族自治州,州水务局,104.2533,23.3595,2026-07-17T0100,6,6,0.2,7,5,26,NA,9,
文山壮族苗族自治州,市便民服务中心,104.2319,23.3892,2026-07-17T0100,7,16,0.4,6,3,29,NA,16,
乌海市,市林业局,106.8172,39.6972,2026-07-17T0100,16,37,0.8,24,20,86,NA,37,
乌海市,中海勃湾学校,106.7907,39.6666,2026-07-17T0100,14,34,0.6,30,24,83,NA,34,
乌海市,海北新区,106.8129,39.7274,2026-07-17T0100,13,50,0.7,23,30,83,NA,50,
乌海市,海拉北路,106.8212,39.6741,2026-07-17T0100,29,53,0.8,27,26,77,NA,53,颗粒物(PM10)
乌兰察布市,集宁新区,113.1306,40.9924,2026-07-17T0100,10,21,0.5,8,8,135,NA,43,
乌兰察布市,光明街小学,113.1076,41.0385,2026-07-17T0100,14,28,0.4,9,6,120,NA,38,
乌兰察布市,北京八中,113.1383,40.9513,2026-07-17T0100,3,33,0.5,11,9,121,NA,38,
乌兰察布市,市委党校,113.1776,40.9779,2026-07-17T0100,17,32,0.4,13,2,121,NA,38,
乌鲁木齐市,监测站,87.5796,43.8299,2026-07-17T0100,13,59,0.5,60,6,49,NA,57,颗粒物(PM10)
乌鲁木齐市,收费所,87.6044,43.7679,2026-07-17T0100,49,61,0.6,72,10,19,NA,78,细颗粒物(PM2.5)
乌鲁木齐市,铁路局,87.5529,43.8704,2026-07-17T0100,20,54,1.0,80,8,26,NA,53,颗粒物(PM10)
乌鲁木齐市,三十一中学,87.6408,43.8258,2026-07-17T0100,17,36,0.5,21,4,89,NA,36,
乌鲁木齐市,米东区环保局,87.7218,44.1747,2026-07-17T0100,16,44,0.5,23,10,72,NA,44,
乌鲁木齐市,培训基地,87.4652,43.4569,2026-07-17T0100,12,NA,0.1,2,6,110,NA,35,
乌鲁木齐市,达坂城区环保局,88.3088,43.3637,2026-07-17T0100,8,15,0.2,6,5,126,NA,40,
乌鲁木齐市,红光山片区,87.6132,43.8791,2026-07-17T0100,39,43,0.7,66,12,42,NA,58,细颗粒物(PM2.5)
乌鲁木齐市,新师大温泉校区,87.7008,43.8003,2026-07-17T0100,8,33,0.4,17,10,107,NA,34,
乌鲁木齐市,大绿谷,87.4892,43.84,2026-07-17T0100,23,65,0.4,44,2,69,NA,61,颗粒物(PM10)
无锡市,雪浪,120.2693,31.4864,2026-07-17T0100,10,14,0.8,9,8,64,NA,20,
无锡市,黄巷,120.2761,31.621,2026-07-17T0100,15,37,0.8,27,7,44,NA,37,
无锡市,漆塘,120.2422,31.5037,2026-07-17T0100,12,17,0.4,4,6,58,NA,19,
无锡市,东亭,120.3489,31.5865,2026-07-17T0100,12,14,0.4,19,6,58,NA,19,
无锡市,旺庄,120.3538,31.5474,2026-07-17T0100,11,16,0.7,11,9,71,NA,23,
无锡市,荣巷,120.2447,31.5633,2026-07-17T0100,3,24,0.5,14,6,51,NA,24,
无锡市,堰桥,120.2986,31.6816,2026-07-17T0100,21,27,0.9,31,12,NA,NA,NA,NA
无锡市,清舒道1号,120.3138,31.4927,2026-07-17T0100,9,12,0.5,3,6,82,NA,26,
无锡市,健康路105号,120.2925,31.5685,2026-07-17T0100,16,31,0.8,20,4,47,NA,31,
吴忠市,教育园区,106.1535,37.9648,2026-07-17T0100,23,23,0.6,11,4,65,NA,33,
吴忠市,新区二泵站,106.1851,37.9957,2026-07-17T0100,19,NA,0.5,9,5,77,NA,28,
吴忠市,文卫南街,106.2176,37.9832,2026-07-17T0100,16,31,0.5,9,4,61,NA,31,
芜湖市,监测站,118.3603,31.3515,2026-07-17T0100,16,53,0.8,36,7,11,NA,53,颗粒物(PM10)
芜湖市,科创中心,118.3716,31.4135,2026-07-17T0100,19,42,1.7,59,8,6,NA,42,
芜湖市,四水厂,118.3671,31.3132,2026-07-17T0100,16,NA,0.2,22,5,33,NA,23,
芜湖市,市气象局,118.4209,31.3704,2026-07-17T0100,11,14,0.5,26,8,27,NA,16,
芜湖市,清苑社区,118.4783,31.3226,2026-07-17T0100,9,12,0.3,9,4,29,NA,13,
芜湖市,扬子职业技术学院,118.2746,31.2326,2026-07-17T0100,8,13,0.3,8,4,40,NA,13,
芜湖市,湾沚区人民法院,118.5726,31.1371,2026-07-17T0100,11,NA,0.6,8,3,31,NA,16,
梧州市,市十一中,111.3126,23.4772,2026-07-17T0100,3,41,0.4,15,9,26,NA,41,
梧州市,龙新,111.26,23.4794,2026-07-17T0100,8,16,0.5,22,6,17,NA,16,
梧州市,政贤路18号,111.2416,23.4155,2026-07-17T0100,8,18,0.8,16,6,34,NA,18,
五家渠市,农水大厦,87.5352,44.1606,2026-07-17T0100,21,44,0.3,13,10,77,NA,44,
五家渠市,经开区管委会,87.5461,44.1909,2026-07-17T0100,12,38,0.4,9,3,99,NA,38,
五家渠市,建设西街760号,87.055284,43.999117,2026-07-17T0100,3,32,0.1,13,6,70,NA,32,
武汉市,东湖梨园,114.3676,30.5584,2026-07-17T0100,19,25,0.6,8,7,57,NA,28,
武汉市,汉阳月湖,114.2527,30.5578,2026-07-17T0100,18,NA,0.7,10,4,55,NA,26,
武汉市,汉口花桥,114.2819,30.6189,2026-07-17T0100,12,17,0.3,7,5,60,NA,19,
武汉市,武昌紫阳,114.3024,30.5332,2026-07-17T0100,13,29,0.4,7,6,52,NA,29,
武汉市,青山钢花,114.3646,30.6217,2026-07-17T0100,18,28,0.4,8,7,56,NA,28,
武汉市,沌口新区,114.156697,30.482592,2026-07-17T0100,13,23,0.3,15,6,44,NA,23,
武汉市,汉口江滩,114.3013,30.5944,2026-07-17T0100,10,27,0.5,13,2,55,NA,27,
武汉市,吴家山,114.1285,30.6339,2026-07-17T0100,17,21,0.7,10,8,54,NA,25,
武汉市,民族大道182号,114.3876,30.4908,2026-07-17T0100,14,18,0.6,8,3,56,NA,20,
武威市,监测站,102.6203,37.925,2026-07-17T0100,17,46,0.2,11,10,80,NA,46,
武威市,钟楼街149号,102.6447,37.9293,2026-07-17T0100,19,48,0.4,9,8,88,NA,48,
西安市,兴庆小区,108.9931,34.2629,2026-07-17T0100,3,9,0.5,3,4,92,NA,29,
西安市,纺织城,109.0595,34.2569,2026-07-17T0100,3,7,0.7,3,9,81,NA,26,
西安市,小寨,108.9377,34.2178,2026-07-17T0100,3,14,0.6,8,4,74,NA,24,
西安市,市人民体育场,108.9522,34.2739,2026-07-17T0100,3,6,0.5,8,6,94,NA,30,
西安市,高新西区,108.8923,34.2322,2026-07-17T0100,3,6,0.5,6,3,82,NA,26,
西安市,经开区,108.9386,34.3446,2026-07-17T0100,3,NA,0.5,6,3,77,NA,25,
西安市,长安区,108.894,34.1557,2026-07-17T0100,3,10,0.4,8,2,86,NA,27,
西安市,临潼区,109.213,34.3748,2026-07-17T0100,3,16,0.8,3,8,69,NA,22,
西安市,广运潭,109.0508,34.321,2026-07-17T0100,3,8,0.7,8,4,79,NA,25,
西安市,无线电监控中心,109.1019,34.5302,2026-07-17T0100,3,11,0.6,10,2,50,NA,16,
西安市,行知小学,108.8869,34.2662,2026-07-17T0100,3,6,0.5,6,5,89,NA,28,
西安市,西苑北路977号,108.596239,34.118792,2026-07-17T0100,NA,11,0.5,4,4,96,NA,NA,NA
西安市,曲江池东路988号,108.9817,34.2035,2026-07-17T0100,2,NA,0.6,7,2,79,NA,NA,NA
西宁市,城北区政府,101.7775,36.643,2026-07-17T0100,16,17,0.2,16,9,69,NA,23,
西宁市,世纪职校,101.8304,36.5785,2026-07-17T0100,17,22,0.8,20,17,NA,NA,NA,NA
西宁市,海晏路105号,101.6769,36.6535,2026-07-17T0100,18,18,0.3,8,5,79,NA,26,
西双版纳傣族自治州,景洪市江南,100.8018,21.9995,2026-07-17T0100,21,34,0.9,8,9,20,NA,34,
西双版纳傣族自治州,景洪市江北,100.7995,22.0238,2026-07-17T0100,15,50,0.7,7,11,21,NA,50,
锡林郭勒盟,市环保监测站,116.1048,43.9318,2026-07-17T0100,17,33,0.2,7,11,64,NA,33,
锡林郭勒盟,市政府,116.0778,43.9312,2026-07-17T0100,3,16,0.2,5,8,63,NA,20,
厦门市,洪文,118.1519,24.4768,2026-07-17T0100,8,12,0.1,6,2,46,NA,15,
厦门市,鼓浪屿,118.0671,24.4447,2026-07-17T0100,8,13,/,6,2,50,NA,16,
厦门市,湖里中学,118.0937,24.5054,2026-07-17T0100,8,8,0.3,4,1,41,NA,13,
厦门市,集美中学,118.0961,24.5689,2026-07-17T0100,9,14,0.3,8,2,43,NA,14,
厦门市,同安二实小,118.1502,24.7246,2026-07-17T0100,9,11,0.5,12,2,63,NA,20,
咸宁市,长江产业园,114.3379,29.8683,2026-07-17T0100,6,13,0.3,8,3,50,NA,16,
咸宁市,双鹤路18号,114.3182,29.8447,2026-07-17T0100,3,8,0.5,4,4,NA,NA,NA,NA
咸宁市,碧桂路,114.284,29.8595,2026-07-17T0100,3,20,0.3,4,1,54,NA,20,
咸阳市,实验中学,108.6726,34.315,2026-07-17T0100,3,8,0.4,4,NA,90,NA,NA,NA
咸阳市,师范学院,108.7226,34.3622,2026-07-17T0100,3,15,0.5,2,6,79,NA,25,
咸阳市,奥体中心,108.6394,34.408,2026-07-17T0100,3,11,0.2,4,3,81,NA,26,
咸阳市,五陵塬路2号,108.6601,34.3767,2026-07-17T0100,3,15,0.6,6,4,75,NA,24,
咸阳市,胭脂路9号,108.6372,34.3031,2026-07-17T0100,3,21,0.7,6,6,92,NA,29,
咸阳市,杨扶路,108.0371,34.3035,2026-07-17T0100,3,6,0.3,4,3,77,NA,25,
咸阳市,新桥路,108.0895,34.2623,2026-07-17T0100,3,8,0.2,10,4,79,NA,25,
湘潭市,板塘,112.9508,27.8626,2026-07-17T0100,9,18,0.4,16,8,36,NA,18,
湘潭市,市监测站,112.9114,27.8404,2026-07-17T0100,14,NA,0.4,9,5,50,NA,20,
湘潭市,江麓,112.8935,27.8729,2026-07-17T0100,13,18,0.4,11,8,44,NA,19,
湘潭市,岳塘,112.9227,27.8159,2026-07-17T0100,10,12,0.0,10,9,45,NA,15,
湘潭市,科大,112.9073,27.9118,2026-07-17T0100,9,NA,1.1,9,4,52,NA,17,
湘潭市,昭山,113.0048,27.9153,2026-07-17T0100,10,17,0.6,8,6,42,NA,17,
湘西土家族苗族自治州,州政府,109.7298,28.3164,2026-07-17T0100,9,23,0.3,4,4,3,NA,23,
湘西土家族苗族自治州,吉首市计生局,109.6957,28.2676,2026-07-17T0100,14,NA,0.3,NA,5,6,NA,NA,NA
襄阳市,襄城运动路,112.1555,32.0197,2026-07-17T0100,14,20,0.4,9,8,NA,NA,NA,NA
襄阳市,高新管委会,112.1829,32.1146,2026-07-17T0100,15,26,0.3,8,8,92,NA,29,
襄阳市,襄州航空路,112.2105,32.0903,2026-07-17T0100,12,22,0.6,7,6,82,NA,26,
襄阳市,襄城隆中路,112.0764,32.0089,2026-07-17T0100,11,NA,0.4,6,6,84,NA,27,
襄阳市,高新台子湾,112.1154,32.103,2026-07-17T0100,8,18,0.4,8,7,84,NA,27,
襄阳市,铁院东路4号,112.1433,32.0581,2026-07-17T0100,15,24,0.5,12,8,78,NA,25,
孝感市,东城区,113.9062,30.9378,2026-07-17T0100,6,8,0.4,7,4,65,NA,21,
孝感市,天仙南路1号,113.946,30.8999,2026-07-17T0100,8,24,0.4,11,8,45,NA,24,
忻州市,开发区,112.7313,38.457,2026-07-17T0100,3,11,0.4,9,4,90,NA,29,
忻州市,会展中心,112.7023,38.4932,2026-07-17T0100,9,15,0.4,9,3,91,NA,29,
忻州市,市政府,112.7279,38.4157,2026-07-17T0100,3,11,0.4,8,4,97,NA,31,
辛集市,市政府,115.2124,37.9433,2026-07-17T0100,9,29,0.2,5,4,106,NA,34,
辛集市,城管大队,115.2008,37.9338,2026-07-17T0100,10,13,0.3,7,1,95,NA,30,
新乡市,环保西院,113.836,35.3104,2026-07-17T0100,22,22,0.6,10,11,100,NA,32,
新乡市,开发区,113.8847,35.2724,2026-07-17T0100,16,36,0.4,14,8,101,NA,36,
新乡市,环保东院,113.8836,35.3028,2026-07-17T0100,18,39,0.4,12,5,100,NA,39,
新乡市,市委党校,113.9194,35.2847,2026-07-17T0100,27,NA,0.6,13,5,97,NA,39,
新乡市,市政府,113.9189,35.3042,2026-07-17T0100,20,46,0.2,14,11,94,NA,46,
新乡市,行政服务中心,113.9002,35.372,2026-07-17T0100,24,37,0.5,10,14,100,NA,37,
新乡市,建设东路46号,113.916569,35.331547,2026-07-17T0100,29,32,0.4,11,6,80,NA,42,
新余市,飞宇,114.9887,27.8433,2026-07-17T0100,9,31,0.5,14,3,49,NA,31,
新余市,第二水厂,114.9234,27.8248,2026-07-17T0100,15,24,1.0,14,6,54,NA,24,
新余市,市气象局,114.931,27.8037,2026-07-17T0100,11,26,1.8,14,6,44,NA,26,
新余市,新钢沁园村,114.9148,27.8069,2026-07-17T0100,14,36,1.1,15,8,56,NA,36,
信阳市,平桥分局,114.1096,32.1059,2026-07-17T0100,8,17,0.6,9,5,64,NA,20,
信阳市,南湾水厂,113.9956,32.1272,2026-07-17T0100,3,22,0.4,7,6,72,NA,23,
信阳市,市酿酒公司,114.078,32.1194,2026-07-17T0100,11,18,0.4,11,6,62,NA,20,
信阳市,审计局,114.0712,32.1393,2026-07-17T0100,7,25,0.7,10,6,79,NA,25,
兴安盟,洮儿河南路,122.0921,46.065,2026-07-17T0100,8,38,0.4,16,4,49,NA,38,
兴安盟,科尔沁北路63号,122.0383,46.0691,2026-07-17T0100,11,28,0.4,21,3,38,NA,28,
邢台市,达活泉,114.4687,37.0883,2026-07-17T0100,12,33,0.2,2,3,89,NA,33,
邢台市,邢师高专,114.4954,37.0309,2026-07-17T0100,13,19,0.4,2,1,105,NA,33,
邢台市,路桥公司,114.5281,37.0857,2026-07-17T0100,NA,24,0.4,3,3,84,NA,NA,NA
邢台市,市环保局,114.4721,37.0713,2026-07-17T0100,13,22,0.3,1,2,97,NA,31,
邢台市,襄都区政府南院,114.5558,37.0578,2026-07-17T0100,12,21,0.6,8,3,88,NA,28,
徐州市,新城区,117.257,34.2161,2026-07-17T0100,33,NA,0.4,7,6,62,NA,48,
徐州市,农科院,117.2933,34.2796,2026-07-17T0100,34,36,0.7,8,1,76,NA,49,
徐州市,鼓楼区政府,117.1812,34.29,2026-07-17T0100,32,39,0.9,11,7,67,NA,46,
徐州市,铜山区招生办,117.1693,34.1781,2026-07-17T0100,28,36,0.4,7,6,54,NA,40,
徐州市,大泉街道,117.4619,34.4368,2026-07-17T0100,32,40,0.6,11,8,71,NA,46,
徐州市,纺织东路16号,117.1553,34.2567,2026-07-17T0100,41,NA,0.6,6,4,65,NA,62,细颗粒物(PM2.5)
徐州市,解放南路202号,117.194237,34.229354,2026-07-17T0100,39,40,0.7,9,5,47,NA,58,细颗粒物(PM2.5)
徐州市,龙潭环路5号,117.2438,34.2844,2026-07-17T0100,37,NA,1.1,9,4,78,NA,54,细颗粒物(PM2.5)
许昌市,开发区,113.7904,33.9949,2026-07-17T0100,19,40,0.5,8,3,75,NA,40,
许昌市,市一中,113.8172,34.0339,2026-07-17T0100,17,NA,0.6,7,3,84,NA,27,
许昌市,许昌学院,113.8611,34.0443,2026-07-17T0100,21,NA,0.5,3,1,89,NA,30,
许昌市,芙蓉广场,113.8428,34.0825,2026-07-17T0100,10,19,0.5,1,3,97,NA,31,
许昌市,新元大道996号,113.8157285,34.126705,2026-07-17T0100,3,13,0.6,5,3,85,NA,27,
许昌市,望田路111号,113.835877,34.0155267,2026-07-17T0100,22,31,0.4,6,3,78,NA,32,
宣城市,鳌峰子站,118.7578,30.9457,2026-07-17T0100,9,19,0.4,10,7,17,NA,19,
宣城市,敬亭山子站,118.7384,30.9745,2026-07-17T0100,3,21,0.4,7,8,25,NA,21,
宣城市,开发区子站,118.7172,30.9428,2026-07-17T0100,14,22,0.2,13,8,16,NA,22,
雅安市,市政府,103.011,29.9833,2026-07-17T0100,3,7,0.5,6,5,103,NA,33,
雅安市,川农大,102.9907,29.9778,2026-07-17T0100,3,9,0.4,4,4,88,NA,28,
雅安市,滨江西路,103.0544,30.0133,2026-07-17T0100,3,6,0.5,4,6,96,NA,30,
烟台市,开发区,121.2517,37.564,2026-07-17T0100,27,NA,0.6,11,6,72,NA,39,
烟台市,西郊化工站,121.3181,37.5436,2026-07-17T0100,50,NA,0.5,27,5,41,NA,80,细颗粒物(PM2.5)
烟台市,莱山环保局,121.4419,37.4858,2026-07-17T0100,18,19,0.7,12,3,69,NA,26,
烟台市,福山环保局,121.2619,37.4965,2026-07-17T0100,25,27,0.3,21,3,61,NA,36,
烟台市,牟平检察院,121.5989,37.4016,2026-07-17T0100,28,NA,0.3,8,13,69,NA,40,
烟台市,中国农业大学,121.5202,37.4336,2026-07-17T0100,20,NA,0.6,12,6,61,NA,29,
烟台市,青年南路118号,121.364239,37.529648,2026-07-17T0100,20,NA,0.4,20,6,47,NA,29,
延安市,延大医附院,109.4569,36.6161,2026-07-17T0100,3,6,0.4,6,2,59,NA,19,
延安市,百米大道,109.5053,36.6105,2026-07-17T0100,8,10,0.6,4,1,70,NA,22,
延安市,志丹路,109.485,36.6347,2026-07-17T0100,13,18,0.5,8,1,77,NA,25,
延边朝鲜族自治州,妇幼医院,129.4704,42.8885,2026-07-17T0100,11,12,0.4,10,5,26,NA,16,
延边朝鲜族自治州,延边医院,129.5047,42.9117,2026-07-17T0100,6,8,0.3,10,7,25,NA,9,
延边朝鲜族自治州,朝阳川镇医院,129.395,42.8884,2026-07-17T0100,3,21,0.4,15,9,16,NA,21,
盐城市,市监测站,120.1554,33.3941,2026-07-17T0100,9,10,0.4,4,9,75,NA,24,
盐城市,开发区管委会,120.214332,33.37951,2026-07-17T0100,13,17,0.7,1,8,67,NA,21,
盐城市,宝龙广场,120.1543,33.3664,2026-07-17T0100,7,7,1.2,3,8,73,NA,23,
盐城市,月亮广场,120.1518,33.3369,2026-07-17T0100,3,8,0.5,2,7,72,NA,23,
盐城市,大丰高级中学,120.4283,33.2048,2026-07-17T0100,26,29,0.5,3,7,80,NA,38,
盐城市,黄海中路88号,120.12211,33.393982,2026-07-17T0100,24,NA,0.7,2,8,84,NA,35,
扬州市,邗江监测站,119.3895,32.377,2026-07-17T0100,20,24,0.8,32,8,48,NA,29,
扬州市,五台山医院,119.4472,32.4156,2026-07-17T0100,13,39,0.7,18,10,55,NA,39,
扬州市,广陵建设局,119.4682,32.394,2026-07-17T0100,19,38,0.7,82,2,7,NA,41,
扬州市,市体育局,119.3649,32.3961,2026-07-17T0100,19,39,0.4,28,8,41,NA,39,
扬州市,引江管理处,119.565282,32.422263,2026-07-17T0100,15,34,0.8,20,1,51,NA,34,
扬州市,廖家沟步道,119.5202,32.3705,2026-07-17T0100,14,22,0.6,88,5,9,NA,44,
阳江市,马南垌,111.9491,21.8658,2026-07-17T0100,18,NA,0.5,10,4,32,NA,26,
阳江市,两阳中学,111.9785,21.8954,2026-07-17T0100,9,13,0.4,8,/,37,NA,13,
阳江市,阳东陶然,112.0125,21.8749,2026-07-17T0100,15,NA,0.6,10,6,29,NA,22,
阳泉市,赛鱼,113.4894,37.8717,2026-07-17T0100,15,24,0.7,15,6,70,NA,24,
阳泉市,南庄,113.582,37.8473,2026-07-17T0100,16,NA,0.6,11,10,87,NA,28,
阳泉市,平坦,113.5616,37.8706,2026-07-17T0100,14,17,0.5,15,12,86,NA,27,
阳泉市,大阳泉,113.5115,37.8391,2026-07-17T0100,10,17,0.5,8,6,70,NA,22,
阳泉市,龙柱,113.6169,37.8565,2026-07-17T0100,6,6,0.2,13,4,68,NA,22,
阳泉市,宁波路,113.588,37.8712,2026-07-17T0100,24,NA,0.5,13,7,81,NA,35,
伊春市,环保局,128.8663,47.7199,2026-07-17T0100,6,14,0.3,5,1,51,NA,16,
伊春市,电力嘉园,128.9014,47.732,2026-07-17T0100,3,21,0.3,5,3,34,NA,21,
伊春市,中心小学,128.7948,47.7291,2026-07-17T0100,12,NA,0.4,9,6,40,NA,18,
伊春市,检察院,128.6736,47.729,2026-07-17T0100,6,25,0.2,5,3,55,NA,25,
伊春市,永安路4-1号,128.8325,47.8447,2026-07-17T0100,8,NA,0.2,5,2,42,NA,14,
伊犁哈萨克自治州,新政府片区,81.3002,43.9177,2026-07-17T0100,22,41,0.8,27,4,70,NA,41,
伊犁哈萨克自治州,第二水厂,81.3364,43.9409,2026-07-17T0100,33,61,0.7,23,5,65,NA,58,颗粒物(PM10)
伊犁哈萨克自治州,安徽路800号,81.2737,43.9337,2026-07-17T0100,30,69,0.7,37,5,58,NA,64,颗粒物(PM10)
宜宾市,市委,104.6204,28.7728,2026-07-17T0100,34,48,1.0,16,6,82,NA,49,
宜宾市,宜宾四中,104.6056,28.7931,2026-07-17T0100,37,47,0.8,10,6,93,NA,54,细颗粒物(PM2.5)
宜宾市,黄金嘴,104.5743,28.7199,2026-07-17T0100,42,54,0.7,20,2,68,NA,64,细颗粒物(PM2.5)
宜宾市,白酒学院,104.6701,28.8053,2026-07-17T0100,36,50,0.1,15,8,87,NA,52,细颗粒物(PM2.5)
宜宾市,宜宾市职业技术学校,104.6146,28.7422,2026-07-17T0100,42,51,1.1,10,6,98,NA,64,细颗粒物(PM2.5)
宜昌市,白龙岗,111.2991,30.6981,2026-07-17T0100,3,17,0.3,3,7,32,NA,17,
宜昌市,点军区,111.263451,30.696754,2026-07-17T0100,8,NA,0.2,6,6,34,NA,12,
宜昌市,夷陵区,111.3276,30.782,2026-07-17T0100,7,NA,0.3,7,4,44,NA,14,
宜昌市,猇亭区张家湾站,111.4606,30.5519,2026-07-17T0100,7,21,0.3,19,8,31,NA,21,
宜昌市,西陵二路116号,111.3168,30.7203,2026-07-17T0100,3,14,0.7,2,6,36,NA,14,
宜昌市,沈家店路6号,111.3526,30.6374,2026-07-17T0100,10,NA,0.3,4,4,48,NA,15,
宜春市,市石油公司,114.3954,27.7843,2026-07-17T0100,3,18,0.5,2,8,49,NA,18,
宜春市,市气象局,114.37,27.7916,2026-07-17T0100,3,19,0.4,8,1,25,NA,19,
宜春市,市广电局,114.401,27.8059,2026-07-17T0100,3,11,0.2,5,3,53,NA,17,
宜春市,宜春学院北校区,114.375,27.8096,2026-07-17T0100,6,15,0.7,4,3,52,NA,17,
益阳市,市环保局,112.3458,28.581,2026-07-17T0100,15,NA,0.5,6,6,71,NA,23,
益阳市,龙洲站,112.3571,28.5588,2026-07-17T0100,14,31,0.5,10,8,59,NA,31,
益阳市,幸福渠东路223号,112.3425,28.611,2026-07-17T0100,16,NA,0.4,6,6,69,NA,23,
益阳市,益鑫泰路85号,112.3712,28.5764,2026-07-17T0100,16,19,0.6,8,9,60,NA,23,
银川市,学院路,106.1361,38.5039,2026-07-17T0100,6,50,0.3,10,4,90,NA,50,
银川市,水乡路,106.2266,38.4417,2026-07-17T0100,12,38,0.4,12,4,85,NA,38,
银川市,上海东路,106.2758,38.4841,2026-07-17T0100,16,21,0.4,13,1,93,NA,30,
银川市,文昌北街,106.1016,38.4971,2026-07-17T0100,22,42,0.4,16,6,86,NA,42,
银川市,滨河新区,106.5105,38.3857,2026-07-17T0100,17,21,0.9,16,11,65,NA,25,
银川市,广场西路,106.226373,38.491976,2026-07-17T0100,9,28,0.3,10,4,99,NA,31,
鹰潭市,新监测站,117.0561,28.2641,2026-07-17T0100,3,24,0.3,19,6,11,NA,24,
鹰潭市,财苑宾馆,117.0312,28.2474,2026-07-17T0100,10,15,/,21,4,10,NA,15,
鹰潭市,体育馆,117.0221,28.2263,2026-07-17T0100,7,17,0.4,26,3,4,NA,17,
营口市,大庆路,122.2704,40.7093,2026-07-17T0100,34,68,1.1,7,8,133,NA,63,颗粒物(PM10)
营口市,镜湖西路,122.215,40.6511,2026-07-17T0100,73,NA,0.7,15,2,119,NA,112,细颗粒物(PM2.5)
营口市,西炮台,122.1667,40.665,2026-07-17T0100,57,75,0.6,10,7,NA,NA,NA,NA
营口市,鲅鱼圈市民活动中心,122.1122,40.2275,2026-07-17T0100,64,NA,1.0,13,7,63,NA,104,细颗粒物(PM2.5)
营口市,三高中,122.2469,40.663,2026-07-17T0100,61,71,0.9,10,8,147,NA,101,细颗粒物(PM2.5)
营口市,老边实验小学,122.3622,40.6762,2026-07-17T0100,91,NA,0.8,12,5,128,NA,129,细颗粒物(PM2.5)
永州市,市环境监测站,111.6126,26.4266,2026-07-17T0100,11,16,0.5,9,6,35,NA,16,
永州市,永州市环保局,111.6248,26.3803,2026-07-17T0100,11,22,0.6,8,6,39,NA,22,
永州市,冷水滩区环保局,111.5989,26.4523,2026-07-17T0100,11,17,0.6,6,6,54,NA,17,
永州市,徐家井路86号,111.6195,26.2253,2026-07-17T0100,9,20,0.4,9,4,42,NA,20,
榆林市,世纪广场,109.7445,38.2919,2026-07-17T0100,12,19,0.4,37,6,52,NA,19,
榆林市,实验中学,109.729,38.2837,2026-07-17T0100,11,31,0.4,34,7,55,NA,31,
榆林市,环保监测大楼,109.7347,38.2491,2026-07-17T0100,6,19,0.3,14,6,79,NA,25,
玉林市,南江一中,110.1433,22.6162,2026-07-17T0100,9,14,0.3,10,1,35,NA,14,
玉林市,玉林师范学院东校区,110.1951,22.6832,2026-07-17T0100,6,24,0.4,9,4,41,NA,24,
玉林市,福绵环保局,110.0527,22.5894,2026-07-17T0100,12,24,0.3,9,3,35,NA,24,
玉林市,人民东路196号,110.16795,22.640993,2026-07-17T0100,14,23,0.5,9,9,32,NA,23,
玉树藏族自治州,玉树县结古镇,97.0386,33.0138,2026-07-17T0100,3,8,0.2,10,3,97,NA,31,
玉溪市,东风水库,102.575,24.371,2026-07-17T0100,3,9,0.3,8,6,40,NA,13,
玉溪市,玉溪一中,102.5388,24.3703,2026-07-17T0100,3,14,0.2,12,4,36,NA,14,
玉溪市,文体中心,102.5382,24.339,2026-07-17T0100,3,NA,0.2,13,9,33,NA,NA,NA
岳阳市,城陵矶,113.1494,29.425,2026-07-17T0100,7,20,0.7,8,5,68,NA,22,
岳阳市,开发区,113.1493,29.3575,2026-07-17T0100,9,17,0.5,7,8,73,NA,23,
岳阳市,云溪区,113.2672,29.4752,2026-07-17T0100,3,15,0.5,2,4,71,NA,23,
岳阳市,君山区,112.9944,29.44,2026-07-17T0100,15,20,0.5,3,3,67,NA,22,
岳阳市,求索西路365号,113.108806,29.353066,2026-07-17T0100,6,18,0.4,6,5,64,NA,20,
云浮市,牧羊,112.0281,22.9738,2026-07-17T0100,20,36,0.7,15,5,26,NA,36,
云浮市,文笔,112.0335,22.9376,2026-07-17T0100,21,37,0.6,17,6,18,NA,37,
运城市,运城中学,110.996,35.0148,2026-07-17T0100,3,11,0.6,5,3,71,NA,23,
运城市,地区技校,110.9685,35.0305,2026-07-17T0100,6,14,0.9,6,2,93,NA,30,
运城市,水利职院,111.0279,35.0543,2026-07-17T0100,6,17,0.8,6,4,87,NA,28,
运城市,禹都公园,111.0522,35.0439,2026-07-17T0100,3,12,0.7,6,4,96,NA,30,
运城市,学苑北路2555号,111.0081,35.0748,2026-07-17T0100,3,11,0.6,6,4,88,NA,28,
枣庄市,市中区政府,117.5628,34.8379,2026-07-17T0100,60,63,0.9,17,7,65,NA,100,细颗粒物(PM2.5)
枣庄市,薛城环保局,117.2855,34.7838,2026-07-17T0100,43,NA,0.9,9,9,101,NA,66,细颗粒物(PM2.5)
枣庄市,峄城区政府,117.5854,34.7744,2026-07-17T0100,39,51,0.8,6,13,90,NA,58,细颗粒物(PM2.5)
枣庄市,山亭区环保局,117.4516,35.0992,2026-07-17T0100,50,53,0.7,9,4,64,NA,80,细颗粒物(PM2.5)
枣庄市,市环保局,117.316,34.8106,2026-07-17T0100,43,46,1.0,13,23,97,NA,66,细颗粒物(PM2.5)
枣庄市,文化路178号,117.7325,34.5683,2026-07-17T0100,33,NA,0.7,14,13,81,NA,48,
湛江市,湛江影剧院,110.3648,21.2697,2026-07-17T0100,12,16,0.5,13,6,40,NA,18,
湛江市,市环境监测站,110.3907,21.2279,2026-07-17T0100,10,NA,0.5,14,4,37,NA,15,
湛江市,环保局宿舍,110.3936,21.1943,2026-07-17T0100,10,20,/,24,8,30,NA,20,
湛江市,霞山游泳场,110.4138,21.2033,2026-07-17T0100,6,14,/,13,9,41,NA,14,
湛江市,坡头区环保局,110.4512,21.239,2026-07-17T0100,10,25,0.4,7,5,44,NA,25,
张家界市,永定新区,110.532,29.1219,2026-07-17T0100,12,NA,/,8,/,24,NA,18,
张家界市,电业局,110.4696,29.1244,2026-07-17T0100,11,NA,0.7,10,6,15,NA,16,
张家界市,未央路,110.5573,29.3486,2026-07-17T0100,9,13,0.5,6,5,6,NA,13,
张家口市,人民公园,114.8884,40.8336,2026-07-17T0100,28,NA,0.4,12,3,116,NA,40,
张家口市,五金库,114.868581,40.804273,2026-07-17T0100,8,42,/,13,/,110,NA,42,
张家口市,世纪豪园,114.8901,40.762,2026-07-17T0100,24,24,0.4,13,3,95,NA,35,
张家口市,烟厂,114.878,40.7992,2026-07-17T0100,12,26,/,12,/,109,NA,35,
张家口市,青少年活动中心,115.2772,40.9723,2026-07-17T0100,9,12,0.2,8,6,41,NA,13,
张掖市,润泉湖,100.4699,38.9525,2026-07-17T0100,18,61,0.4,16,6,57,NA,58,颗粒物(PM10)
张掖市,区工会,100.4155,38.9422,2026-07-17T0100,24,64,0.4,14,6,64,NA,60,颗粒物(PM10)
漳州市,蓝田镇,117.71,24.5048,2026-07-17T0100,11,14,0.3,10,5,39,NA,16,
漳州市,漳州党校,117.662,24.5187,2026-07-17T0100,6,13,/,5,/,48,NA,15,
漳州市,西洋坪路,117.6288,24.5309,2026-07-17T0100,9,20,0.5,8,4,26,NA,20,
昭通市,监测站,103.7668,27.3736,2026-07-17T0100,26,37,0.5,15,9,52,NA,38,
昭通市,环东路146号,103.7247,27.3415,2026-07-17T0100,19,21,0.5,21,10,75,NA,28,
肇庆市,睦岗子站,112.426,23.062,2026-07-17T0100,16,27,/,16,6,26,NA,27,
肇庆市,城中子站,112.4645,23.0476,2026-07-17T0100,20,30,0.7,21,12,23,NA,30,
肇庆市,坑口子站,112.5545,23.1525,2026-07-17T0100,13,25,0.5,20,6,19,NA,25,
肇庆市,高要湖西,112.4572,23.0163,2026-07-17T0100,18,25,0.6,20,7,21,NA,26,
肇庆市,鼎湖凤凰,112.5617,23.2082,2026-07-17T0100,48,NA,/,29,7,24,NA,76,细颗粒物(PM2.5)
镇江市,新区办事处,119.6708,32.187,2026-07-17T0100,21,22,0.6,17,2,68,NA,30,
镇江市,职教中心,119.497455,32.196732,2026-07-17T0100,NA,NA,NA,NA,NA,NA,123,NA,NA
镇江市,丹徒区监测站,119.43,32.1328,2026-07-17T0100,23,35,1.1,50,8,19,NA,35,
镇江市,市疾控中心,119.4369,32.1891,2026-07-17T0100,14,21,0.8,11,4,44,NA,21,
镇江市,富润路1号,119.3842,32.198,2026-07-17T0100,22,27,0.4,15,8,66,NA,32,
郑州市,烟厂,113.6843,34.7622,2026-07-17T0100,13,NA,0.3,8,3,103,NA,33,
郑州市,银行学校,113.669,34.8034,2026-07-17T0100,12,20,0.3,8,3,97,NA,31,
郑州市,供水公司,113.5612,34.8143,2026-07-17T0100,8,17,0.2,8,3,122,NA,39,
郑州市,经开区管委,113.7269,34.7187,2026-07-17T0100,19,28,0.5,7,3,93,NA,30,
郑州市,四十七中,113.7332,34.7727,2026-07-17T0100,15,16,0.2,9,1,97,NA,31,
郑州市,河医大,113.6361,34.7537,2026-07-17T0100,13,17,0.4,7,1,108,NA,34,
郑州市,惠济区政府,113.6104,34.8688,2026-07-17T0100,11,19,0.4,5,3,118,NA,37,
郑州市,北区建设指挥部,113.8362,34.566,2026-07-17T0100,16,35,0.5,3,1,118,NA,37,
郑州市,上街区政府,113.3029,34.8041,2026-07-17T0100,14,24,0.5,7,3,95,NA,30,
郑州市,计划路2号,113.605125,34.755221,2026-07-17T0100,12,NA,0.3,9,3,109,NA,35,
郑州市,同乐路9号,113.6525645,34.77362682,2026-07-17T0100,16,NA,0.2,5,2,113,NA,36,
中山市,华柏园,113.377,22.5211,2026-07-17T0100,8,14,/,8,/,28,NA,14,
中山市,张溪,113.3879,22.5499,2026-07-17T0100,8,12,/,16,/,24,NA,12,
中山市,紫马岭,113.4071,22.5111,2026-07-17T0100,6,14,0.3,7,7,20,NA,14,
中山市,中山南区,113.3527,22.4781,2026-07-17T0100,3,NA,0.4,2,4,46,NA,15,
中卫市,环保局站,105.1965,37.4996,2026-07-17T0100,14,26,0.5,18,5,62,NA,26,
中卫市,沙坡头区政府站,105.1696,37.5164,2026-07-17T0100,25,25,0.6,17,5,64,NA,36,
重庆市,天生,106.4216,29.8256,2026-07-17T0100,17,34,0.6,15,8,46,NA,34,
重庆市,两路,106.6264,29.7226,2026-07-17T0100,11,26,0.5,10,13,52,NA,26,
重庆市,南坪,106.5778,29.5103,2026-07-17T0100,12,23,0.3,16,10,45,NA,23,
重庆市,唐家沱,106.6556,29.6277,2026-07-17T0100,9,13,0.2,21,11,32,NA,13,
重庆市,歇台子,106.4958,29.5347,2026-07-17T0100,10,24,0.5,6,6,53,NA,24,
重庆市,龙井湾,106.4067,29.5729,2026-07-17T0100,9,16,0.4,11,7,58,NA,19,
重庆市,龙洲湾,106.5506,29.415,2026-07-17T0100,14,17,0.4,9,6,51,NA,20,
重庆市,上清寺,106.5469,29.5655,2026-07-17T0100,12,23,0.3,14,10,48,NA,23,
重庆市,安康,108.3871,31.1627,2026-07-17T0100,15,29,0.4,11,8,38,NA,29,
重庆市,北山路,105.8983,29.36,2026-07-17T0100,16,26,0.1,19,10,58,NA,26,
重庆市,滩子口,106.648859,29.023807,2026-07-17T0100,NA,NA,NA,8,NA,NA,NA,NA,NA
重庆市,棠香,105.7164,29.7077,2026-07-17T0100,18,56,0.5,16,12,58,NA,55,颗粒物(PM10)
重庆市,桃源西路,107.0733,29.8618,2026-07-17T0100,14,16,0.4,10,8,40,NA,20,
重庆市,迎宾大道,107.3536,29.7283,2026-07-17T0100,27,NA,0.4,39,4,18,NA,39,
重庆市,舟白,108.8152,29.5079,2026-07-17T0100,6,19,0.3,4,8,31,NA,19,
重庆市,周家坝,108.3679,30.8429,2026-07-17T0100,10,21,0.5,20,8,32,NA,21,
重庆市,百安坝,108.4323,30.7554,2026-07-17T0100,8,28,0.2,4,9,51,NA,28,
重庆市,芙蓉中路,107.754,29.3275,2026-07-17T0100,6,13,0.4,16,9,10,NA,13,
重庆市,行政中心,106.2629,29.3202,2026-07-17T0100,9,40,0.5,13,11,42,NA,40,
重庆市,书院路,106.2648,29.9853,2026-07-17T0100,22,22,0.7,9,6,45,NA,32,
重庆市,虎峰,106.2334,29.5583,2026-07-17T0100,12,28,0.3,14,6,40,NA,28,
重庆市,龙门街,106.0497,29.8345,2026-07-17T0100,19,35,0.6,17,10,68,NA,35,
重庆市,昌元,105.5931,29.4105,2026-07-17T0100,33,43,0.5,24,12,48,NA,48,
重庆市,云师幼儿园,108.6971,30.9377,2026-07-17T0100,15,NA,0.6,21,5,20,NA,22,
重庆市,公安局,107.3276,30.3284,2026-07-17T0100,14,NA,0.7,21,8,24,NA,20,
重庆市,忠县中学,108.0575,30.3254,2026-07-17T0100,6,15,0.6,29,5,7,NA,15,
重庆市,竹枝路2号,109.4542,31.0182,2026-07-17T0100,3,17,0.6,23,10,32,NA,17,
重庆市,龙河路,107.7422,29.871,2026-07-17T0100,3,8,0.4,8,6,52,NA,17,
重庆市,桃花源中路,108.7636,28.84,2026-07-17T0100,6,18,0.6,9,4,29,NA,18,
重庆市,秀山县高级中学,108.9758,28.4416,2026-07-17T0100,12,NA,0.5,5,6,25,NA,18,
重庆市,河堡街,108.1558,29.2859,2026-07-17T0100,3,6,0.7,6,6,25,NA,8,
重庆市,双山路147号,106.4686218,29.48920871,2026-07-17T0100,15,20,0.5,7,12,50,NA,22,
重庆市,桃园路24号,105.833962,30.18863087,2026-07-17T0100,24,NA,0.7,5,14,81,NA,35,
重庆市,钟楼街32号,107.091033,29.153966,2026-07-17T0100,14,35,0.7,10,11,30,NA,35,
重庆市,人民南路309号,107.8042979,30.67350233,2026-07-17T0100,7,39,0.3,18,7,33,NA,39,
舟山市,定海檀枫,122.1223,30.0203,2026-07-17T0100,25,39,0.6,27,7,47,NA,39,
舟山市,临城新区,122.1898,29.9945,2026-07-17T0100,20,29,0.7,33,5,49,NA,29,
舟山市,普陀东港中学,122.3124,29.9619,2026-07-17T0100,21,31,0.9,9,6,94,NA,31,
周口市,周口师范,114.6755,33.6347,2026-07-17T0100,7,32,0.4,7,2,65,NA,32,
周口市,羲皇大道,114.8466,33.7333,2026-07-17T0100,18,NA,0.9,5,3,71,NA,26,
周口市,七一路,114.6701,33.6167,2026-07-17T0100,15,24,0.6,9,1,66,NA,24,
周口市,健康路46号,114.6421,33.6417,2026-07-17T0100,12,24,0.7,6,3,64,NA,24,
周口市,太昊路,114.649,33.596,2026-07-17T0100,7,38,1.0,7,1,58,NA,38,
株洲市,天台山庄,113.1265,27.8306,2026-07-17T0100,8,17,0.3,3,3,43,NA,17,
株洲市,株冶医院,113.0937,27.8919,2026-07-17T0100,10,16,0.3,5,5,50,NA,16,
株洲市,市四中,113.1709,27.8661,2026-07-17T0100,10,17,0.2,9,5,42,NA,17,
株洲市,火车站,113.1515,27.8265,2026-07-17T0100,3,11,0.3,8,12,43,NA,14,
株洲市,市监测站,113.1329,27.8491,2026-07-17T0100,10,19,0.4,7,8,47,NA,19,
株洲市,云田中学,113.1836,27.9959,2026-07-17T0100,10,23,0.3,8,10,40,NA,23,
珠海市,吉大,113.5811,22.2618,2026-07-17T0100,3,7,0.5,1,5,44,NA,14,
珠海市,前山,113.4893,22.2323,2026-07-17T0100,6,12,/,10,/,40,NA,13,
珠海市,唐家,113.6284,22.4252,2026-07-17T0100,7,7,/,4,/,35,NA,11,
珠海市,斗门,113.2986,22.2284,2026-07-17T0100,3,9,0.4,2,6,46,NA,15,
珠海市,金湾,113.3493,22.0572,2026-07-17T0100,7,9,0.3,6,/,55,NA,18,
珠海市,横琴,113.5436,22.1163,2026-07-17T0100,6,11,/,1,/,52,NA,17,
驻马店市,市一纸厂,114.0194,32.9648,2026-07-17T0100,19,38,0.2,32,4,24,NA,38,
驻马店市,市彩印厂,114.0112,33.0149,2026-07-17T0100,16,27,0.5,16,4,51,NA,27,
驻马店市,小管楼,114.0002,33.0404,2026-07-17T0100,12,24,0.4,14,6,NA,NA,NA,NA
驻马店市,交通路1233号,113.9856,32.9802,2026-07-17T0100,18,26,0.3,24,4,45,NA,26,
资阳市,资阳中学,104.6357,30.1508,2026-07-17T0100,22,51,0.4,15,3,62,NA,51,颗粒物(PM10)
资阳市,区法院,104.6297,30.1259,2026-07-17T0100,26,NA,0.5,16,7,67,NA,38,
资阳市,正兴街66号,104.6646,30.1116,2026-07-17T0100,21,32,0.2,11,3,68,NA,32,
淄博市,人民公园,118.0413,36.8101,2026-07-17T0100,18,48,1.0,32,11,57,NA,48,
淄博市,双山,117.8524,36.4848,2026-07-17T0100,16,52,0.6,20,3,39,NA,52,颗粒物(PM10)
淄博市,气象站,117.9595,36.6332,2026-07-17T0100,21,42,0.4,30,12,54,NA,42,
淄博市,新区,117.9883,36.8372,2026-07-17T0100,16,31,1.0,19,5,81,NA,31,
淄博市,三金集团,117.8662,36.8049,2026-07-17T0100,26,38,0.9,38,14,48,NA,38,
淄博市,东风化工厂,118.0259,36.8409,2026-07-17T0100,14,43,0.9,15,8,76,NA,43,
淄博市,广场路1号,118.3039243,36.82708161,2026-07-17T0100,12,31,0.5,14,4,52,NA,31,
自贡市,檀木林体育馆,104.7765,29.3623,2026-07-17T0100,22,29,0.4,7,7,115,NA,36,
自贡市,南湖救助站,104.7894,29.3197,2026-07-17T0100,18,34,0.8,7,4,NA,NA,NA,NA
自贡市,轻化工大学,104.7637,29.3373,2026-07-17T0100,26,26,0.6,11,9,94,NA,38,
自贡市,贡兴路74号,104.714266,29.338571,2026-07-17T0100,23,31,0.5,5,10,104,NA,33,
遵义市,丁字口,106.9218,27.6872,2026-07-17T0100,22,34,0.5,5,9,52,NA,34,
遵义市,凤凰山,106.9241,27.7044,2026-07-17T0100,19,22,0.6,6,6,55,NA,28,
遵义市,忠庄,106.8895,27.648,2026-07-17T0100,17,21,0.8,8,3,54,NA,25,
遵义市,干田坝,106.9225,27.7253,2026-07-17T0100,18,27,0.5,6,5,47,NA,27,
遵义市,乌江大道东段1号,107.0425,27.7087,2026-07-17T0100,17,NA,0.3,8,8,49,NA,25,
遵义市,遵南大道1161号,106.8609,27.5969,2026-07-17T0100,17,22,0.5,6,5,55,NA,25,
