timepoint,stationcode,longitude,latitude,area,positionname,primarypollutant,aqi,pm10,pm10_24h,pm2_5,pm2_5_24h,o3,o3_24h,o3_8h,o3_8h_24h,no2,no2_24h,so2,so2_24h,co,co_24h
2024-02-10T2300,2566A,102.1879,31.914,阿坝藏族羌族自治州,州农科所,,24,24,21,9,10,19,,30,26,2,5,6,7,0.7,0.8
2024-02-10T2300,2568A,102.2502,31.8896,阿坝藏族羌族自治州,马师校,,28,,12,19,11,56,,81,71,4,2,3,3,0.6,0.5
2024-02-10T2300,3994A,102.2165,31.9024,阿坝藏族羌族自治州,马尔康中学西区,,19,16,12,13,9,55,,78,69,3,2,4,4,0.4,0.4
2024-02-10T2300,2695A,80.292,41.1694,阿克苏地区,电视台,细颗粒物(PM2.5),112,128,178,84,113,17,,87,78,73,41,17,36,2.0,1.6
2024-02-10T2300,2696A,80.2613,41.1551,阿克苏地区,艺术中心,细颗粒物(PM2.5),201,217,157,151,107,11,,80,71,77,42,14,23,1.2,1.6
2024-02-10T2300,2204A,105.6467,38.8363,阿拉善盟,西城区西花园,,36,36,155,11,43,88,,95,90,4,6,8,10,0.5,0.5
2024-02-10T2300,2205A,105.6985,38.8411,阿拉善盟,蒙二幼,颗粒物(PM10),51,51,179,18,51,80,,91,83,8,9,7,10,0.5,0.4
2024-02-10T2300,2206A,105.724,38.8516,阿拉善盟,环保局新楼,,28,23,149,8,39,89,,93,88,5,7,6,8,0.5,0.5
2024-02-10T2300,2708A,88.1264,47.8517,阿勒泰地区,市站,,21,12,48,11,35,65,,79,74,13,15,5,9,0.2,0.2
2024-02-10T2300,2630A,80.1161,32.5,阿里地区,阿里监测站,,19,6,16,4,6,59,,81,78,14,8,16,19,0.6,0.5
2024-02-10T2300,3192A,80.0903,32.5028,阿里地区,阿里藏医院,,25,6,19,1,9,79,,89,88,2,8,5,14,0.4,0.5
2024-02-10T2300,2642A,109.0318,32.6537,安康市,香溪洞,细颗粒物(PM2.5),92,76,133,68,107,76,,90,89,7,10,8,12,0.8,0.9
2024-02-10T2300,2643A,109.0281,32.6939,安康市,安康市监测站,细颗粒物(PM2.5),211,183,235,161,199,16,,66,44,38,26,12,20,1.6,1.3
2024-02-10T2300,2644A,109.0072,32.6975,安康市,汉滨区检察院,细颗粒物(PM2.5),129,106,183,98,156,45,,77,69,13,15,8,12,0.9,1
2024-02-10T2300,2291A,117.0809,30.5177,安庆市,环科院,细颗粒物(PM2.5),158,162,132,120,109,60,,98,80,16,12,15,17,1.0,1
2024-02-10T2300,2292A,117.0331,30.5119,安庆市,马山宾馆,细颗粒物(PM2.5),173,156,165,131,143,75,,96,83,13,21,10,16,0.8,0.9
2024-02-10T2300,2294A,116.9896,30.6145,安庆市,安庆大学,细颗粒物(PM2.5),148,134,152,113,133,73,,102,91,14,16,10,16,0.9,1
2024-02-10T2300,3173A,117.0598,30.5351,安庆市,市人大,细颗粒物(PM2.5),155,151,140,118,117,64,,97,83,15,16,15,13,0.9,1
2024-02-10T2300,3122A,105.9606,26.2611,安顺市,伍家关,,,,,,,,,,,,,,,,
2024-02-10T2300,3123A,105.9408,26.2431,安顺市,凤凰山,,,,144,,130,8,,98,68,70,26,170,58,2.0,0.8
2024-02-10T2300,3124A,105.9439,26.2564,安顺市,金钟山,细颗粒物(PM2.5),74,58,80,54,69,81,,98,93,12,12,41,39,0.5,0.6
2024-02-10T2300,3125A,105.8983,26.2481,安顺市,娄家坡,细颗粒物(PM2.5),59,53,100,42,89,88,,98,94,7,11,22,31,0.5,0.7
2024-02-10T2300,1818A,114.4839,36.0621,安阳市,棉研所,,,,,,,,,,,,,,,,
2024-02-10T2300,1819A,114.3551,36.1017,安阳市,红庙街,细颗粒物(PM2.5),438,515,339,406,276,24,,110,74,52,29,11,27,1.9,1.7
2024-02-10T2300,1820A,114.361,36.0681,安阳市,银杏小区,细颗粒物(PM2.5),449,435,369,423,345,48,,111,80,28,25,11,30,2.2,2.1
2024-02-10T2300,3141A,114.3922,36.0878,安阳市,信访局,"颗粒物(PM10),细颗粒物(PM2.5)",500,717,351,566,330,31,,117,83,63,31,14,29,1.6,1.5
2024-02-10T2300,3669A,114.4705,36.0637,安阳市,左辅环卫站,细颗粒物(PM2.5),408,430,349,362,306,46,,102,83,37,29,10,26,1.7,1.6
2024-02-10T2300,3703A,114.2917,36.0949,安阳市,安钢职工学校,细颗粒物(PM2.5),424,460,412,385,330,51,,112,82,34,34,14,39,1.8,1.6
2024-02-10T2300,1748A,123.044,41.1196,鞍山市,深沟寺,细颗粒物(PM2.5),108,106,508,81,412,67,,70,64,17,42,13,48,0.7,1.7
2024-02-10T2300,1749A,123.011,41.0931,鞍山市,太阳城,细颗粒物(PM2.5),132,144,573,100,477,63,,74,68,21,39,13,81,0.6,1.5
2024-02-10T2300,1750A,123.0485,41.1442,鞍山市,太平,细颗粒物(PM2.5),224,230,462,174,376,34,,72,46,39,41,17,96,1.5,2.1
2024-02-10T2300,1751A,122.9642,41.0971,鞍山市,铁西三道街,细颗粒物(PM2.5),127,147,751,96,598,41,,71,52,43,47,16,89,1.4,2.1
2024-02-10T2300,1752A,122.9341,41.0833,鞍山市,铁西工业园区,细颗粒物(PM2.5),104,113,495,78,450,65,,77,52,19,45,9,40,1.0,2.3
2024-02-10T2300,1753A,123.022,41.0821,鞍山市,明达新区,细颗粒物(PM2.5),153,170,558,117,519,66,,66,62,18,40,16,73,0.7,1.8
2024-02-10T2300,1754A,123.1289,41.0228,鞍山市,千山,,,,,,,,,,,,,,,,
2024-02-10T2300,2195A,107.4212,40.761,巴彦淖尔市,附二中,颗粒物(PM10),53,56,132,35,46,61,,91,82,15,8,6,6,0.4,0.5
2024-02-10T2300,2196A,107.37,40.7372,巴彦淖尔市,市环保大楼,,,,145,,42,,,75,,,7,,5,,0.4
2024-02-10T2300,1956A,86.1472,41.7538,巴音郭楞蒙古自治州,孔雀公园,颗粒物(PM10),98,146,117,49,40,10,,88,71,68,20,6,8,1.1,0.6
2024-02-10T2300,1957A,86.1972,41.7166,巴音郭楞蒙古自治州,棉纺厂,颗粒物(PM10),117,184,148,30,42,65,,88,82,6,20,3,8,0.4,0.6
2024-02-10T2300,1958A,86.2357,41.7173,巴音郭楞蒙古自治州,经济开发区,颗粒物(PM10),94,137,122,33,32,68,,90,84,17,12,6,6,0.4,0.5
2024-02-10T2300,2914A,106.7677,31.8794,巴中市,苏山坪,细颗粒物(PM2.5),89,79,120,66,96,99,,97,97,7,10,5,7,0.7,0.8
2024-02-10T2300,3182A,106.7656,31.8545,巴中市,丽阳花园,细颗粒物(PM2.5),158,143,166,120,145,9,,70,49,41,24,5,5,1.3,1.2
2024-02-10T2300,3183A,106.7418,31.8654,巴中市,圣泉水务公司,细颗粒物(PM2.5),160,134,147,122,136,21,,77,54,31,22,6,6,1.1,1.1
2024-02-10T2300,3616A,106.7616,31.8344,巴中市,市中心医院,细颗粒物(PM2.5),180,151,176,136,144,8,,76,52,38,20,6,6,1.2,1.1
2024-02-10T2300,2235A,122.7911,45.6077,白城市,洮北区环保局,,32,32,99,13,87,91,,84,76,6,10,6,11,0.3,0.5
2024-02-10T2300,2236A,122.8738,45.5725,白城市,市环保局,,29,29,132,15,117,78,,80,70,5,15,4,9,0.4,0.7
2024-02-10T2300,2231A,126.4219,41.9171,白山市,喜丰,细颗粒物(PM2.5),92,101,436,68,323,46,,79,62,32,32,18,62,1.4,1.4
2024-02-10T2300,2232A,126.4077,41.9419,白山市,环保局,细颗粒物(PM2.5),148,150,395,113,307,35,,73,45,33,35,19,45,1.5,1.5
2024-02-10T2300,2647A,104.1724,36.5446,白银市,第三小学,颗粒物(PM10),141,231,360,59,67,45,,84,67,27,20,58,41,0.9,0.6
2024-02-10T2300,2648A,104.1465,36.5482,白银市,动力公司,颗粒物(PM10),77,104,314,35,64,55,,90,71,18,17,31,26,0.7,0.6
2024-02-10T2300,2512A,106.6103,23.9011,百色市,市监测站,细颗粒物(PM2.5),88,94,86,65,64,36,,67,52,12,11,8,10,1.0,1
2024-02-10T2300,2513A,106.6538,23.8859,百色市,市中心血站,细颗粒物(PM2.5),118,99,127,89,108,22,,75,55,28,16,9,19,1.1,1
2024-02-10T2300,3406A,106.6085,23.8798,百色市,祈福高中,细颗粒物(PM2.5),97,76,81,72,74,25,,72,55,14,10,8,10,0.9,0.8
2024-02-10T2300,2270A,117.396,32.939,蚌埠市,工人疗养院,细颗粒物(PM2.5),277,253,126,227,112,39,,99,67,47,16,12,11,1.1,0.8
2024-02-10T2300,2271A,117.3605,32.9427,蚌埠市,百货大楼,细颗粒物(PM2.5),310,272,134,260,120,52,,100,64,38,23,8,7,1.2,1.1
2024-02-10T2300,2273A,117.4185,32.8911,蚌埠市,蚌埠学院,细颗粒物(PM2.5),210,193,141,160,123,53,,100,79,22,13,8,11,1.1,1
2024-02-10T2300,2274A,117.3533,32.9673,蚌埠市,淮上区政府,细颗粒物(PM2.5),279,259,127,229,109,66,,101,80,27,17,11,10,1.1,0.9
2024-02-10T2300,2275A,117.3145,32.8977,蚌埠市,高新区,细颗粒物(PM2.5),255,234,138,205,124,32,,103,68,31,14,5,10,1.2,1
2024-02-10T2300,3715A,117.3092,32.9314,蚌埠市,蚌埠田家炳中学,细颗粒物(PM2.5),261,230,138,211,120,50,,97,75,34,24,39,14,0.9,0.8
2024-02-10T2300,1585A,109.8756,40.6532,包头市,市环境监测站,细颗粒物(PM2.5),145,143,415,111,304,23,,83,53,56,46,14,52,0.7,1.3
2024-02-10T2300,1587A,109.9991,40.5842,包头市,包头八中,颗粒物(PM10),85,120,493,53,411,32,,81,53,42,52,10,51,0.9,1.9
2024-02-10T2300,1588A,109.8538,40.6821,包头市,青山宾馆,细颗粒物(PM2.5),79,83,204,58,147,14,,85,55,61,36,13,19,1.1,1.1
2024-02-10T2300,1589A,109.8642,40.6288,包头市,惠龙物流,细颗粒物(PM2.5),84,101,453,62,333,30,,81,57,47,51,18,37,0.8,1.7
2024-02-10T2300,1590A,110.0377,40.5546,包头市,东河鸿龙湾,细颗粒物(PM2.5),137,120,366,104,292,11,,84,54,84,50,22,25,2.0,1.7
2024-02-10T2300,3283A,109.9154,40.5685,包头市,滨河大厦,细颗粒物(PM2.5),74,87,350,54,297,50,,89,73,31,39,11,27,0.8,1.7
2024-02-10T2300,3419A,109.9447,40.6261,包头市,包头市委党校,细颗粒物(PM2.5),122,98,348,92,300,57,,83,67,19,44,14,32,0.5,1.5
2024-02-10T2300,3683A,109.8331,40.6576,包头市,昆区政府,细颗粒物(PM2.5),132,211,316,100,280,6,,78,47,67,42,29,57,1.0,1.5
2024-02-10T2300,1930A,107.185,34.3063,宝鸡市,庙沟村,颗粒物(PM10),77,103,86,36,38,64,,83,78,7,5,5,6,0.6,0.6
2024-02-10T2300,1931A,107.0708,34.3017,宝鸡市,竹园沟,颗粒物(PM10),68,85,102,33,67,59,,91,78,14,18,6,7,0.5,0.6
2024-02-10T2300,1932A,107.1906,34.3672,宝鸡市,三陆医院,细颗粒物(PM2.5),213,206,148,163,112,26,,90,54,41,34,9,9,0.9,0.7
2024-02-10T2300,1933A,107.1431,34.3547,宝鸡市,监测站,颗粒物(PM10),111,172,166,72,129,35,,81,62,26,24,8,10,0.6,0.7
2024-02-10T2300,1934A,107.1186,34.3739,宝鸡市,技工学校,细颗粒物(PM2.5),153,171,178,117,142,39,,88,68,28,26,10,15,0.7,0.7
2024-02-10T2300,1935A,107.3906,34.3528,宝鸡市,陈仓区环保局家属楼,细颗粒物(PM2.5),160,223,180,122,122,15,,90,68,69,38,13,23,1.2,1
2024-02-10T2300,1936A,107.2058,34.3497,宝鸡市,文理学院,颗粒物(PM10),136,222,177,99,126,34,,89,56,40,33,11,13,0.7,0.7
2024-02-10T2300,1937A,107.2386,34.3622,宝鸡市,三迪小学,颗粒物(PM10),149,247,181,109,128,21,,88,55,55,36,13,13,0.8,0.7
2024-02-10T2300,1051A,115.493,38.8632,保定市,游泳馆,细颗粒物(PM2.5),117,130,185,88,130,74,,89,82,12,18,6,7,0.7,0.8
2024-02-10T2300,1052A,115.5213,38.8959,保定市,华电二区,细颗粒物(PM2.5),120,102,127,91,127,70,,84,78,6,13,8,8,0.3,0.4
2024-02-10T2300,1053A,115.4713,38.9108,保定市,接待中心,细颗粒物(PM2.5),125,133,138,95,120,65,,80,77,6,10,10,10,0.5,0.5
2024-02-10T2300,1054A,115.4612,38.8416,保定市,地表水厂,细颗粒物(PM2.5),99,120,159,74,125,70,,85,81,10,16,7,8,0.9,1
2024-02-10T2300,3581A,115.31981,38.95208,保定市,满城区生态环境分局,细颗粒物(PM2.5),132,122,132,100,116,78,,84,77,4,19,10,10,0.7,0.7
2024-02-10T2300,3582A,115.47694,38.76408,保定市,清苑区第二中学,细颗粒物(PM2.5),99,112,155,74,113,68,,91,83,10,11,9,11,0.5,0.6
2024-02-10T2300,3583A,115.62909,39.02311,保定市,徐水物探局,细颗粒物(PM2.5),110,119,128,83,96,63,,83,75,18,21,7,10,0.5,0.5
2024-02-10T2300,4004A,115.4202,38.8656,保定市,双鹰农机,细颗粒物(PM2.5),128,112,138,97,123,73,,88,82,14,22,10,8,0.5,0.6
2024-02-10T2300,4034A,115.5150,38.8590,保定市,植保所站,细颗粒物(PM2.5),104,81,151,78,156,79,,89,83,11,21,11,9,0.4,0.5
2024-02-10T2300,2594A,99.1678,25.1081,保山市,市环境监测站,颗粒物(PM10),66,82,83,45,56,48,,87,72,8,8,7,17,0.6,0.4
2024-02-10T2300,2595A,99.1711,25.1328,保山市,市环保局,颗粒物(PM10),52,54,68,33,39,59,,90,79,4,5,7,14,0.6,0.5
2024-02-10T2300,1866A,109.2262,21.588,北海市,牛尾岭水库,,,,,,,,,,,,,,,,
2024-02-10T2300,1867A,109.1436,21.4086,北海市,海滩公园,细颗粒物(PM2.5),272,278,109,222,93,35,,75,64,47,14,15,14,0.8,0.8
2024-02-10T2300,1868A,109.0981,21.4661,北海市,新市环保局,细颗粒物(PM2.5),149,124,92,114,85,61,,79,71,22,11,12,13,0.9,0.8
2024-02-10T2300,1869A,109.1778,21.5233,北海市,北海工业园,细颗粒物(PM2.5),248,222,102,198,88,43,,82,70,25,11,11,15,0.9,0.8
2024-02-10T2300,3400A,109.1911,21.4415,北海市,龙潭自来水厂,细颗粒物(PM2.5),204,191,99,154,85,22,,76,63,27,10,11,14,0.9,0.6
2024-02-10T2300,1001A,116.3621,39.8784,北京市,万寿西宫,细颗粒物(PM2.5),78,80,35,57,26,57,,75,67,26,13,4,2,0.3,0.2
2024-02-10T2300,1002A,116.2202,40.2915,北京市,定陵,,35,35,29,22,20,63,,79,75,5,5,3,2,0.3,0.2
2024-02-10T2300,1003A,116.4174,39.9289,北京市,东四,细颗粒物(PM2.5),82,77,37,60,25,56,,71,64,16,11,5,3,0.5,0.3
2024-02-10T2300,1004A,116.4072,39.8863,北京市,天坛,细颗粒物(PM2.5),75,71,35,55,25,64,,80,71,14,10,2,2,0.3,0.2
2024-02-10T2300,1005A,116.462,39.9365,北京市,农展馆,细颗粒物(PM2.5),73,73,35,53,25,60,,74,65,16,11,4,2,0.3,0.2
2024-02-10T2300,1006A,116.3392,39.9295,北京市,官园,细颗粒物(PM2.5),77,77,38,56,26,70,,83,76,18,12,5,2,0.4,0.3
2024-02-10T2300,1007A,116.2878,39.9611,北京市,海淀万柳,细颗粒物(PM2.5),79,80,42,58,27,64,,77,69,19,14,1,2,0.3,0.2
2024-02-10T2300,1008A,116.6636,40.135,北京市,顺义新城,细颗粒物(PM2.5),80,72,34,59,23,50,,83,63,25,9,4,2,0.5,0.3
2024-02-10T2300,1009A,116.6275,40.3275,北京市,怀柔镇,细颗粒物(PM2.5),54,53,33,38,22,49,,80,65,15,6,6,5,0.4,0.3
2024-02-10T2300,1010A,116.2296,40.217,北京市,昌平镇,颗粒物(PM10),52,53,37,32,23,65,,89,84,11,7,3,3,0.3,0.2
2024-02-10T2300,1011A,116.3966,39.9821,北京市,奥体中心,细颗粒物(PM2.5),77,72,34,56,24,58,,78,68,20,6,6,4,0.4,0.3
2024-02-10T2300,1012A,116.184,39.9136,北京市,古城,细颗粒物(PM2.5),97,99,46,72,29,58,,77,68,11,6,3,2,0.5,0.3
2024-02-10T2300,3281A,115.9718,40.4529,北京市,延庆夏都,,38,38,52,23,34,73,,78,77,4,6,2,3,0.2,0.3
2024-02-10T2300,3417A,117.0709,40.1465,北京市,平谷新城,细颗粒物(PM2.5),75,69,28,55,21,39,,89,64,7,3,3,3,0.7,0.3
2024-02-10T2300,3418A,116.8336,40.4095,北京市,密云新城,细颗粒物(PM2.5),58,62,31,41,20,44,,88,70,18,4,2,2,0.3,0.2
2024-02-10T2300,3671A,116.088,39.9726,北京市,门头沟三家店,,,,,,,,,,,,,,,,
2024-02-10T2300,3672A,116.1541,39.8204,北京市,丰台云岗,细颗粒物(PM2.5),114,120,48,86,33,56,,81,71,15,8,3,2,0.4,0.2
2024-02-10T2300,3673A,116.6804,39.9081,北京市,通州东关,细颗粒物(PM2.5),68,69,33,49,23,66,,79,70,9,4,3,2,0.4,0.3
2024-02-10T2300,3674A,115.9577,39.7603,北京市,房山燕山,细颗粒物(PM2.5),104,88,46,78,37,51,,86,66,16,12,3,2,0.4,0.3
2024-02-10T2300,3675A,116.4672,39.7733,北京市,大兴旧宫,细颗粒物(PM2.5),69,69,33,50,23,64,,75,70,11,10,2,2,0.3,0.2
2024-02-10T2300,3694A,115.986,40.4563,北京市,延庆石河营,,38,38,47,23,33,80,,85,84,4,6,2,2,0.2,0.3
2024-02-10T2300,3695A,116.6151,40.3053,北京市,怀柔新城,,45,42,27,31,21,58,,81,72,8,6,1,2,0.3,0.2
2024-02-10T2300,3696A,116.2545,39.8768,北京市,丰台小屯,细颗粒物(PM2.5),87,89,42,64,26,64,,76,71,18,14,4,2,0.3,0.2
2024-02-10T2300,3697A,116.84,40.3844,北京市,密云镇,细颗粒物(PM2.5),142,137,48,108,37,42,,84,54,19,9,5,3,0.4,0.2
2024-02-10T2300,1761A,123.8275,41.3064,本溪市,大峪,细颗粒物(PM2.5),138,149,333,105,275,32,,74,62,55,50,15,39,2.8,2.4
2024-02-10T2300,1762A,123.7567,41.3325,本溪市,溪湖,细颗粒物(PM2.5),137,148,360,104,262,43,,84,73,29,36,22,42,1.5,2
2024-02-10T2300,1763A,123.7169,41.3094,本溪市,彩屯,细颗粒物(PM2.5),113,94,605,85,550,62,,84,73,22,43,11,78,1.2,2.2
2024-02-10T2300,1764A,123.7669,41.2864,本溪市,东明,细颗粒物(PM2.5),329,421,533,279,505,12,,64,41,66,55,22,137,1.9,2.3
2024-02-10T2300,1765A,123.7992,41.2664,本溪市,新立屯,细颗粒物(PM2.5),149,135,297,114,233,42,,64,56,31,44,15,56,1.5,2
2024-02-10T2300,1766A,123.8142,41.3472,本溪市,威宁,细颗粒物(PM2.5),160,162,324,122,254,33,,71,56,42,43,5,11,1.4,1.6
2024-02-10T2300,2587A,105.2864,27.3125,毕节市,八中,细颗粒物(PM2.5),100,85,127,75,109,46,,87,68,12,12,14,13,0.5,0.6
2024-02-10T2300,2588A,105.31,27.2944,毕节市,师专,细颗粒物(PM2.5),186,159,155,140,140,16,,88,69,37,16,16,13,1.0,0.8
2024-02-10T2300,3537A,105.3631,27.3533,毕节市,长征村,细颗粒物(PM2.5),54,51,122,38,95,67,,100,92,8,9,10,10,0.7,0.8
2024-02-10T2300,1629A,118.0018,37.3617,滨州市,第二水厂,细颗粒物(PM2.5),165,158,154,125,120,62,,94,79,28,23,8,15,1.6,1.4
2024-02-10T2300,1630A,117.9776,37.393,滨州市,北中新校,细颗粒物(PM2.5),180,178,188,136,149,58,,93,77,31,25,10,20,1.6,1.4
2024-02-10T2300,3514A,117.9378,37.3956,滨州市,中海酒店,细颗粒物(PM2.5),170,160,172,129,122,57,,100,85,28,22,10,21,1.8,1.3
2024-02-10T2300,3515A,117.9378,37.3553,滨州市,开发区一中,细颗粒物(PM2.5),200,177,161,150,133,64,,96,84,22,18,16,24,1.5,1.2
2024-02-10T2300,3516A,118.0917,37.694,滨州市,金海六路,细颗粒物(PM2.5),160,151,174,122,130,56,,94,79,33,21,9,14,1.7,1.5
2024-02-10T2300,4028A,117.9956,37.3753,滨州市,滨州市西街道办事处,细颗粒物(PM2.5),178,161,161,134,128,51,,90,74,27,20,12,20,1.7,1.3
2024-02-10T2300,2311A,115.8072,33.8399,亳州市,污水处理厂,细颗粒物(PM2.5),334,311,247,284,224,30,,87,64,33,18,9,16,1.3,1.1
2024-02-10T2300,2312A,115.7789,33.8518,亳州市,三国揽胜宫,细颗粒物(PM2.5),339,398,323,289,247,37,,86,62,28,21,11,18,1.4,1.3
2024-02-10T2300,3332A,115.7633,33.8034,亳州市,亳州学院,细颗粒物(PM2.5),283,284,269,233,224,53,,87,73,15,14,10,19,1.5,1.4
2024-02-10T2300,2693A,82.0485,44.8556,博尔塔拉蒙古自治州,市党校,细颗粒物(PM2.5),130,144,140,99,96,82,,91,90,28,21,16,24,1.3,1
2024-02-10T2300,2694A,82.0806,44.8969,博尔塔拉蒙古自治州,市环保局,细颗粒物(PM2.5),104,133,140,78,82,70,,82,81,36,32,20,17,1.7,1.7
2024-02-10T2300,1071A,116.8842,38.2991,沧州市,沧县城建局,细颗粒物(PM2.5),370,,131,320,120,46,,94,75,50,26,21,11,2.0,1
2024-02-10T2300,1072A,116.8584,38.3254,沧州市,电视转播站,细颗粒物(PM2.5),350,313,144,300,123,43,,98,78,46,18,26,19,2.1,0.9
2024-02-10T2300,1073A,116.8709,38.3228,沧州市,市环保局,细颗粒物(PM2.5),357,,143,307,127,42,,92,72,49,22,20,15,2.0,0.8
2024-02-10T2300,3324A,116.8136,38.3004,沧州市,河北水利电力学院,细颗粒物(PM2.5),326,305,112,276,95,45,,93,73,42,14,25,17,2.0,0.6
2024-02-10T2300,2622A,97.1806,31.1273,昌都市,昌都监测站,,45,38,44,31,24,42,,70,60,17,9,8,10,0.5,0.6
2024-02-10T2300,3719A,97.1714,31.1406,昌都市,昌都会议中心,,22,,11,15,13,64,,82,76,6,4,5,5,0.3,0.3
2024-02-10T2300,2690A,88.1236,43.8886,昌吉回族自治州,天山天池,,21,,4,10,3,66,,70,67,5,4,8,8,0.4,0.4
2024-02-10T2300,2692A,87.2717,44.0297,昌吉回族自治州,新区政务中心,细颗粒物(PM2.5),277,308,276,227,216,71,,112,104,51,31,4,6,2.4,2.1
2024-02-10T2300,3613A,87.3095,44.0142,昌吉回族自治州,亚心广场,细颗粒物(PM2.5),321,322,276,271,233,89,,115,111,39,27,5,8,2.1,1.8
2024-02-10T2300,1119A,125.3325,43.9166,长春市,食品厂,细颗粒物(PM2.5),92,89,264,68,246,68,,83,78,30,33,30,30,0.5,0.9
2024-02-10T2300,1120A,125.2863,43.9027,长春市,客车厂,细颗粒物(PM2.5),92,94,281,68,227,76,,84,82,20,27,18,27,0.6,1
2024-02-10T2300,1121A,125.2841,43.8463,长春市,邮电学院,细颗粒物(PM2.5),94,95,304,70,253,77,,86,84,22,38,31,30,0.6,1
2024-02-10T2300,1122A,125.3716,43.8772,长春市,劳动公园,细颗粒物(PM2.5),104,112,331,78,280,66,,75,71,31,45,11,13,0.5,1
2024-02-10T2300,1123A,125.3297,43.8805,长春市,园林处,细颗粒物(PM2.5),78,76,247,57,214,80,,84,75,22,35,25,27,0.7,1.1
2024-02-10T2300,1124A,125.4605,43.79,长春市,净月潭,细颗粒物(PM2.5),67,72,267,48,241,83,,89,84,4,16,9,14,0.5,1
2024-02-10T2300,1125A,125.7194,43.515,长春市,甩湾子,,,,,,,,,,,,,,,,
2024-02-10T2300,1126A,125.3863,43.8447,长春市,经开区环卫处,细颗粒物(PM2.5),89,106,403,66,354,79,,83,,15,33,11,19,0.5,1.3
2024-02-10T2300,1127A,125.245,43.7783,长春市,高新区管委会,细颗粒物(PM2.5),158,123,272,120,271,52,,92,81,32,29,11,13,0.9,1.4
2024-02-10T2300,1128A,125.1761,43.8325,长春市,岱山公园,细颗粒物(PM2.5),102,92,250,76,223,84,,95,89,16,21,9,13,0.6,1.2
2024-02-10T2300,1335A,113.0833,28.2325,长沙市,经开区环保局,细颗粒物(PM2.5),148,131,252,113,191,47,,95,90,26,12,7,11,0.9,0.9
2024-02-10T2300,1336A,112.8872,28.2189,长沙市,高开区环保局,细颗粒物(PM2.5),152,157,491,116,355,61,,91,86,16,26,15,23,1.2,1.5
2024-02-10T2300,1337A,113.0792,28.2053,长沙市,马坡岭,细颗粒物(PM2.5),168,183,326,127,267,54,,83,79,11,12,9,18,0.7,0.8
2024-02-10T2300,1338A,112.9394,28.19,长沙市,湖南师范大学,细颗粒物(PM2.5),147,126,346,112,265,58,,83,73,15,21,10,20,0.9,1.3
2024-02-10T2300,1339A,113.0178,28.1322,长沙市,雨花区环保局,细颗粒物(PM2.5),159,,377,121,293,68,,85,80,9,18,9,18,0.8,1.2
2024-02-10T2300,1340A,112.9792,28.2597,长沙市,伍家岭,颗粒物(PM10),256,389,480,185,307,24,,70,54,24,26,9,17,1.1,1.4
2024-02-10T2300,1341A,113.0014,28.1944,长沙市,火车新站,细颗粒物(PM2.5),262,257,456,212,351,21,,86,66,55,25,9,22,1.0,1.2
2024-02-10T2300,1342A,112.9844,28.1178,长沙市,天心区环保局,细颗粒物(PM2.5),129,141,418,98,345,73,,92,85,8,21,12,28,0.2,0.6
2024-02-10T2300,1343A,112.8908,28.1308,长沙市,湖南中医药大学,细颗粒物(PM2.5),216,182,278,166,217,11,,78,61,39,23,7,10,1.4,1.5
2024-02-10T2300,1344A,112.9581,28.3611,长沙市,沙坪,细颗粒物(PM2.5),124,100,230,94,183,40,,53,51,5,9,8,14,0.9,1.1
2024-02-10T2300,1727A,113.1147,36.1547,长治市,清华站,颗粒物(PM10),75,99,133,39,81,73,,86,79,13,18,12,20,0.4,0.7
2024-02-10T2300,1728A,113.1031,36.1989,长治市,监测站,颗粒物(PM10),84,118,141,41,89,69,,86,79,20,24,14,21,0.3,0.7
2024-02-10T2300,1730A,113.0886,36.2125,长治市,审计局,颗粒物(PM10),70,89,126,39,86,71,,87,81,14,18,14,22,0.4,0.9
2024-02-10T2300,1731A,113.0844,36.1856,长治市,长治八中,颗粒物(PM10),74,98,159,41,106,72,,87,81,13,21,8,17,0.5,0.9
2024-02-10T2300,2845A,113.1569,36.1911,长治市,德盛苑,颗粒物(PM10),80,110,89,44,51,71,,91,81,15,16,16,18,0.6,1
2024-02-10T2300,3568A,113.06,36.0464,长治市,向阳小学,颗粒物(PM10),80,110,153,42,109,83,,99,90,17,24,13,30,0.5,0.9
2024-02-10T2300,3569A,112.8792,36.3144,长治市,屯留一中,颗粒物(PM10),72,93,96,40,70,69,,92,82,14,14,13,19,0.6,0.9
2024-02-10T2300,3570A,113.235,36.3489,长治市,潞城四中,颗粒物(PM10),87,123,134,40,79,78,,90,85,11,18,16,22,0.5,0.9
2024-02-10T2300,1854A,111.6975,28.9703,常德市,市二中,细颗粒物(PM2.5),78,63,90,57,85,71,,78,73,9,11,7,9,0.7,0.8
2024-02-10T2300,1857A,111.7158,29.1456,常德市,白鹤山,细颗粒物(PM2.5),70,70,98,51,56,39,,54,52,1,2,2,3,0.6,0.7
2024-02-10T2300,3138A,111.7153,29.0289,常德市,武陵区永安,细颗粒物(PM2.5),75,63,102,55,85,61,,76,72,10,8,8,10,0.8,0.8
2024-02-10T2300,3139A,111.6892,28.9881,常德市,鼎城区玉霞,细颗粒物(PM2.5),83,74,125,61,111,64,,76,70,10,12,8,12,0.8,0.9
2024-02-10T2300,3140A,111.6625,29.0531,常德市,武陵区长庚,细颗粒物(PM2.5),83,67,107,61,86,58,,73,70,12,8,5,8,0.8,0.8
2024-02-10T2300,1196A,119.9633,31.762,常州市,市监测站,细颗粒物(PM2.5),224,180,178,174,149,17,,112,62,72,25,12,13,1.3,1.1
2024-02-10T2300,1200A,119.9468,31.7069,常州市,武进监测站,细颗粒物(PM2.5),147,127,175,112,142,64,,107,87,29,17,12,13,1.0,1
2024-02-10T2300,1201A,119.9255,31.9087,常州市,安家,细颗粒物(PM2.5),201,160,206,151,190,64,,119,97,23,17,12,14,1.0,1.1
2024-02-10T2300,3002A,119.9805,31.8174,常州市,行政中心,细颗粒物(PM2.5),156,,141,119,128,51,,107,91,45,17,11,12,1.0,1.1
2024-02-10T2300,3003A,120.0522,31.7748,常州市,经开区,细颗粒物(PM2.5),140,124,144,107,122,72,,114,99,23,16,11,13,0.8,0.9
2024-02-10T2300,3010A,119.9025,31.7964,常州市,钟楼,细颗粒物(PM2.5),138,114,175,105,150,73,,109,97,20,16,10,13,0.9,1
2024-02-10T2300,3429A,119.8598,31.7066,常州市,武进经发区,细颗粒物(PM2.5),132,119,187,100,161,92,,114,102,11,15,9,12,1.3,1.4
2024-02-10T2300,3430A,119.5826,31.7245,常州市,金坛城区,细颗粒物(PM2.5),159,129,183,121,147,85,,120,110,20,13,11,13,0.9,0.9
2024-02-10T2300,2220A,120.4318,41.5881,朝阳市,西梁,细颗粒物(PM2.5),241,,320,191,243,61,,53,,31,23,40,56,1.6,1.3
2024-02-10T2300,2221A,120.4521,41.5646,朝阳市,河畔小区,细颗粒物(PM2.5),102,85,449,76,393,72,,82,80,10,25,11,61,0.9,1.4
2024-02-10T2300,2222A,120.4176,41.5648,朝阳市,八里堡,细颗粒物(PM2.5),124,,452,94,489,63,,80,77,16,25,17,90,1.0,1.6
2024-02-10T2300,2223A,120.3806,41.5969,朝阳市,农业园区,细颗粒物(PM2.5),125,,173,95,134,58,,83,75,14,18,18,30,1.0,0.9
2024-02-10T2300,1705A,116.6367,23.6719,潮州市,西园路,细颗粒物(PM2.5),113,109,47,85,41,37,,81,75,13,7,5,5,0.5,0.4
2024-02-10T2300,3026A,116.6183,23.6608,潮州市,市政府,细颗粒物(PM2.5),103,102,40,77,34,40,,81,77,22,10,6,6,1.0,0.7
2024-02-10T2300,4036A,116.6461,23.6761,潮州市,金山,细颗粒物(PM2.5),122,106,45,92,45,29,,77,69,14,8,6,6,0.7,0.6
2024-02-10T2300,2472A,113.0073,25.9061,郴州市,马头岭,颗粒物(PM10),65,80,90,34,56,52,,88,78,10,9,7,13,0.5,0.7
2024-02-10T2300,2473A,113.0116,25.8226,郴州市,市职中,细颗粒物(PM2.5),133,111,141,101,121,21,,83,61,11,10,4,8,1.1,1
2024-02-10T2300,2474A,113.0161,25.8001,郴州市,兴隆步行街,细颗粒物(PM2.5),264,247,170,214,133,3,,82,52,37,18,4,6,1.1,0.9
2024-02-10T2300,2475A,113.0383,25.8071,郴州市,市审计局,细颗粒物(PM2.5),200,176,140,150,118,13,,82,59,32,16,5,7,1.0,0.9
2024-02-10T2300,2476A,113.0348,25.7759,郴州市,市环保局,细颗粒物(PM2.5),130,171,151,99,120,28,,78,54,21,16,3,5,0.6,0.8
2024-02-10T2300,1431A,103.9728,30.7236,成都市,金泉两河,细颗粒物(PM2.5),159,,134,121,144,0,,92,56,62,27,1,3,1.5,0.9
2024-02-10T2300,1432A,104.176,30.6872,成都市,十里店,细颗粒物(PM2.5),112,90,115,84,107,81,,114,104,12,16,2,4,0.7,0.7
2024-02-10T2300,1433A,104.079,30.5706,成都市,三瓦窑,细颗粒物(PM2.5),137,132,112,104,90,42,,106,92,38,20,2,4,0.7,0.7
2024-02-10T2300,1434A,104.1114,30.63,成都市,沙河铺,细颗粒物(PM2.5),149,124,124,114,115,39,,102,80,32,21,1,3,0.7,0.7
2024-02-10T2300,1437A,104.0786,30.6531,成都市,君平街,细颗粒物(PM2.5),128,106,102,97,96,34,,111,92,54,27,5,7,0.9,0.7
2024-02-10T2300,1438A,103.613,31.0283,成都市,灵岩寺,细颗粒物(PM2.5),92,89,67,68,50,129,,118,118,14,14,3,3,0.9,0.8
2024-02-10T2300,2880A,104.0239,30.65639,成都市,大石西路,细颗粒物(PM2.5),110,99,104,83,96,24,,108,82,48,28,2,4,1.1,0.9
2024-02-10T2300,3136A,104.2725,30.5589,成都市,龙泉驿区区政府,细颗粒物(PM2.5),83,68,85,61,75,94,,105,102,6,11,3,4,0.7,0.8
2024-02-10T2300,3357A,104.0106,30.6931,成都市,金博路,细颗粒物(PM2.5),206,180,124,156,112,0,,97,61,81,29,2,3,1.3,0.9
2024-02-10T2300,3359A,104.0578,30.5225,成都市,华阳,细颗粒物(PM2.5),110,83,97,83,93,48,,100,80,24,15,2,3,0.8,0.8
2024-02-10T2300,3487A,104.2394,30.5319,成都市,车城东七路,细颗粒物(PM2.5),84,75,93,62,80,93,,108,104,11,14,2,6,0.7,0.7
2024-02-10T2300,3488A,104.3853,30.7453,成都市,青白江技师分院,细颗粒物(PM2.5),92,72,92,68,75,92,,114,109,12,15,7,10,0.9,0.9
2024-02-10T2300,3489A,104.0789,30.4072,成都市,科学城,细颗粒物(PM2.5),113,93,95,85,85,53,,112,100,14,6,4,6,0.9,0.8
2024-02-10T2300,4011A,103.8506,30.6947,成都市,光华大道三段,细颗粒物(PM2.5),229,199,173,179,152,0,,72,43,51,19,3,5,1.3,0.9
2024-02-10T2300,1062A,117.9531,40.9081,承德市,铁路,细颗粒物(PM2.5),124,122,76,94,56,34,,80,50,33,18,21,18,1.0,0.6
2024-02-10T2300,1063A,117.9392,40.9763,承德市,中国银行,细颗粒物(PM2.5),93,107,78,69,55,27,,85,55,36,16,10,11,0.6,0.4
2024-02-10T2300,1064A,117.9503,40.928,承德市,开发区,细颗粒物(PM2.5),103,118,57,77,40,25,,83,56,38,18,11,11,0.8,0.5
2024-02-10T2300,1065A,117.8051,40.9655,承德市,文化中心,细颗粒物(PM2.5),87,91,65,64,35,45,,87,63,26,15,10,16,0.6,0.4
2024-02-10T2300,1066A,117.9268,41.0026,承德市,离宫,颗粒物(PM10),52,54,34,34,30,57,,82,74,11,6,6,5,0.4,0.3
2024-02-10T2300,2314A,117.47,30.6618,池州市,池州学院,细颗粒物(PM2.5),143,128,98,109,84,64,,100,82,20,15,10,11,0.8,0.9
2024-02-10T2300,3237A,117.4918,30.6617,池州市,展览馆,细颗粒物(PM2.5),159,143,101,121,82,43,,101,78,21,11,6,7,1.0,0.8
2024-02-10T2300,3333A,117.5627,30.695,池州市,第八中学,细颗粒物(PM2.5),117,108,96,88,82,66,,104,85,13,11,7,11,0.8,0.8
2024-02-10T2300,3334A,117.5038,30.6243,池州市,第十二中学,细颗粒物(PM2.5),147,121,105,112,91,61,,102,83,15,10,9,10,0.9,0.7
2024-02-10T2300,1744A,118.9233,42.2816,赤峰市,松山一中,,27,27,164,7,113,82,,82,82,8,16,8,38,0.5,0.6
2024-02-10T2300,1745A,118.9576,42.2728,赤峰市,哈达街,细颗粒物(PM2.5),55,50,136,39,104,77,,78,76,8,14,10,35,0.5,0.7
2024-02-10T2300,1746A,118.8788,42.2554,赤峰市,天义路,,24,22,63,7,50,75,,82,80,5,9,6,15,0.4,0.4
2024-02-10T2300,3058A,119.2658,42.0353,赤峰市,银河街,细颗粒物(PM2.5),57,40,193,40,142,77,,75,74,11,18,12,44,0.4,0.8
2024-02-10T2300,3286A,118.9359,42.3147,赤峰市,桥北物流园区,,29,,68,20,63,80,,86,84,7,10,14,18,0.7,0.7
2024-02-10T2300,2521A,107.3476,22.4136,崇左市,市环保局江州分局,细颗粒物(PM2.5),89,75,96,66,76,42,,83,72,23,10,10,13,0.7,0.4
2024-02-10T2300,2522A,107.3702,22.3707,崇左市,城南新区,细颗粒物(PM2.5),110,,85,83,81,57,,82,76,17,10,11,11,0.6,0.5
2024-02-10T2300,2298A,118.3093,32.3153,滁州市,老年大学,细颗粒物(PM2.5),124,114,128,94,118,72,,100,81,17,23,8,9,1.0,1
2024-02-10T2300,2299A,118.3244,32.2786,滁州市,人大宾馆,细颗粒物(PM2.5),127,106,131,96,116,81,,100,87,20,16,8,10,0.8,0.9
2024-02-10T2300,3207A,118.3118,32.3038,滁州市,市政府原办公楼,细颗粒物(PM2.5),102,91,119,76,107,76,,98,82,22,25,6,7,0.8,0.8
2024-02-10T2300,3331A,118.3267,32.2634,滁州市,图书馆,细颗粒物(PM2.5),110,112,124,83,98,80,,98,87,18,16,8,10,0.9,0.9
2024-02-10T2300,2605A,101.5482,25.0441,楚雄彝族自治州,州环境监测站,细颗粒物(PM2.5),69,56,51,50,46,61,,86,80,7,8,8,11,0.9,1
2024-02-10T2300,2606A,101.538,25.0492,楚雄彝族自治州,市经济开发区,细颗粒物(PM2.5),82,72,67,60,57,55,,79,73,12,11,9,17,1.0,1
2024-02-10T2300,2548A,107.5277,31.2827,达州市,达州职业技术学院,细颗粒物(PM2.5),112,104,127,84,98,15,,84,56,26,18,6,8,1.1,1
2024-02-10T2300,2549A,107.5086,31.2186,达州市,市环境监测站,细颗粒物(PM2.5),110,107,117,83,99,20,,72,47,42,31,6,7,1.3,1.3
2024-02-10T2300,2550A,107.4988,31.2132,达州市,凤凰小区,细颗粒物(PM2.5),119,117,122,90,101,14,,71,44,48,33,6,7,1.3,1.2
2024-02-10T2300,2551A,107.5082,31.1986,达州市,达县机关宾馆,细颗粒物(PM2.5),105,100,112,79,87,10,,61,30,42,32,4,5,1.2,1.3
2024-02-10T2300,2552A,107.4644,31.2124,达州市,市政中心,细颗粒物(PM2.5),170,153,120,129,101,4,,73,42,71,38,7,7,1.9,1.5
2024-02-10T2300,2614A,100.1542,25.7054,大理白族自治州,大理市环境监测站,细颗粒物(PM2.5),87,76,51,64,42,46,,84,71,17,9,9,11,1.0,0.7
2024-02-10T2300,2615A,100.2171,25.5811,大理白族自治州,大理古城,细颗粒物(PM2.5),149,,67,114,55,43,,80,65,24,13,8,20,1.0,0.8
2024-02-10T2300,1109A,121.612,38.9741,大连市,甘井子,细颗粒物(PM2.5),59,52,379,42,367,81,,87,62,15,31,11,36,0.5,0.9
2024-02-10T2300,1110A,121.565,38.9511,大连市,周水子,细颗粒物(PM2.5),90,76,393,67,390,70,,86,59,20,34,16,39,0.9,1.7
2024-02-10T2300,1111A,121.5637,38.8845,大连市,星海三站,细颗粒物(PM2.5),95,,418,71,416,83,,89,74,14,37,15,70,0.8,1.4
2024-02-10T2300,1112A,121.6302,38.9117,大连市,青泥洼桥,细颗粒物(PM2.5),144,115,404,110,402,55,,88,66,35,41,28,40,0.7,1.3
2024-02-10T2300,1113A,121.6251,38.8638,大连市,傅家庄,细颗粒物(PM2.5),80,,265,59,236,78,,98,90,15,29,30,38,0.7,1.1
2024-02-10T2300,1114A,121.5213,38.8661,大连市,七贤岭,,45,40,195,31,178,88,,84,78,8,23,12,24,0.6,1
2024-02-10T2300,1115A,121.2529,38.8061,大连市,旅顺,细颗粒物(PM2.5),113,91,172,85,157,68,,80,74,24,27,15,14,1.1,1.5
2024-02-10T2300,1116A,121.7485,39.1311,大连市,金州,细颗粒物(PM2.5),202,154,292,152,276,88,,69,69,22,31,19,15,1.4,1.9
2024-02-10T2300,1117A,121.7811,39.0496,大连市,开发区,细颗粒物(PM2.5),199,178,436,149,385,73,,83,83,25,40,17,34,1.3,1.9
2024-02-10T2300,1118A,121.9762,39.0631,大连市,双D港,细颗粒物(PM2.5),63,61,138,45,116,85,,102,85,17,18,15,15,0.7,1.1
2024-02-10T2300,1789A,124.81117,46.03138,大庆市,大同区,细颗粒物(PM2.5),72,67,192,52,163,64,,84,71,12,21,8,14,0.7,1.1
2024-02-10T2300,1790A,125.129,46.533,大庆市,龙凤区,细颗粒物(PM2.5),73,65,391,53,329,72,,86,80,12,41,4,30,0.6,1.6
2024-02-10T2300,1791A,124.902,46.408,大庆市,红岗区,细颗粒物(PM2.5),63,60,189,45,166,68,,84,74,16,25,11,23,0.4,1
2024-02-10T2300,1792A,125.153,46.586,大庆市,萨尔图区,细颗粒物(PM2.5),83,70,272,61,248,71,,84,78,13,30,10,16,0.6,1.3
2024-02-10T2300,1793A,124.9042,46.6215,大庆市,让胡路区,颗粒物(PM10),61,71,184,32,133,62,,77,65,18,28,12,13,0.6,1.1
2024-02-10T2300,3481A,125.141,46.634,大庆市,萨区政府监测点,细颗粒物(PM2.5),68,67,228,49,146,71,,86,80,15,34,14,16,0.6,1.2
2024-02-10T2300,1721A,113.3819,40.1097,大同市,果树场,,,,,,,,,,,,,,,,
2024-02-10T2300,1723A,113.2994,40.0758,大同市,云冈宾馆,"颗粒物(PM10),细颗粒物(PM2.5)",60,69,283,43,241,84,,99,96,14,35,18,33,0.7,1.4
2024-02-10T2300,1724A,113.3444,40.0917,大同市,大同大学,细颗粒物(PM2.5),72,88,224,52,204,77,,94,91,21,34,16,32,0.8,1.2
2024-02-10T2300,1725A,113.2661,40.1269,大同市,安家小村,颗粒物(PM10),61,72,278,40,224,88,,98,96,6,28,18,34,0.7,1.7
2024-02-10T2300,1726A,113.2711,40.0844,大同市,教育学院,颗粒物(PM10),67,83,359,39,180,78,,91,89,17,43,13,37,0.9,2
2024-02-10T2300,3282A,113.3397,40.0597,大同市,大同市卫生学校,细颗粒物(PM2.5),94,116,240,70,224,84,,96,92,13,30,16,30,0.6,1.1
2024-02-10T2300,3565A,113.1367,40.1122,大同市,云冈站,颗粒物(PM10),61,72,154,43,116,80,,104,99,9,17,11,29,0.6,1
2024-02-10T2300,3566A,113.1186,40.2556,大同市,图书馆,细颗粒物(PM2.5),82,80,223,60,188,60,,88,81,16,24,14,20,0.6,0.9
2024-02-10T2300,3567A,113.5931,40.0461,大同市,区一中,细颗粒物(PM2.5),79,99,301,58,160,72,,91,87,17,28,20,73,1.1,1.4
2024-02-10T2300,3676A,113.2802,40.0995,大同市,第二人民医院,颗粒物(PM10),68,85,377,44,195,85,,99,97,11,37,13,33,0.7,1.8
2024-02-10T2300,2269A,124.1069,50.4097,大兴安岭地区,科技局,细颗粒物(PM2.5),55,44,40,39,102,49,,76,69,15,6,12,10,0.6,0.4
2024-02-10T2300,3663A,124.1164,50.4278,大兴安岭地区,红旗社区,细颗粒物(PM2.5),118,,50,89,115,29,,75,47,22,20,12,49,0.6,0.4
2024-02-10T2300,1600A,124.3303,40.0625,丹东市,江湾东路,细颗粒物(PM2.5),117,99,360,88,306,60,,90,67,19,23,17,38,1.4,1.7
2024-02-10T2300,1601A,124.4256,40.1503,丹东市,临江后街,细颗粒物(PM2.5),140,134,333,107,278,47,,91,58,26,30,16,40,2.1,1.7
2024-02-10T2300,1602A,124.3933,40.1461,丹东市,元宝山,细颗粒物(PM2.5),189,149,320,142,270,37,,87,76,35,25,21,33,2.0,1.2
2024-02-10T2300,1603A,124.3633,40.1092,丹东市,民主桥,细颗粒物(PM2.5),124,135,317,94,279,49,,79,50,24,33,22,48,1.5,1.4
2024-02-10T2300,3541A,109.5726,19.5167,儋州市,第一中学子站,,50,43,49,35,42,56,,43,43,5,7,6,6,0.7,0.9
2024-02-10T2300,3542A,109.5567,19.5187,儋州市,东坡学校子站,,48,43,47,33,41,56,,41,41,6,8,4,4,0.7,0.9
2024-02-10T2300,2616A,98.5842,24.428,德宏傣族景颇族自治州,德宏州监测站,细颗粒物(PM2.5),153,122,131,117,114,51,,98,81,20,29,6,34,0.9,0.8
2024-02-10T2300,3677A,98.5881,24.4368,德宏傣族景颇族自治州,芒市人民政府综合楼,细颗粒物(PM2.5),129,113,99,98,76,48,,96,83,17,20,8,22,0.9,0.8
2024-02-10T2300,1901A,104.4239,31.1208,德阳市,东山公园,细颗粒物(PM2.5),97,78,100,72,95,94,,108,106,8,11,2,3,0.8,0.8
2024-02-10T2300,1902A,104.3826,31.1317,德阳市,西小区,细颗粒物(PM2.5),195,,154,146,158,2,,96,72,83,32,3,4,1.4,1.1
2024-02-10T2300,1904A,104.3553,31.1091,德阳市,耐火材料厂,细颗粒物(PM2.5),159,130,157,121,155,36,,104,85,34,18,3,6,0.9,0.5
2024-02-10T2300,3639A,104.4019,31.1244,德阳市,市教育局,细颗粒物(PM2.5),133,108,126,101,125,22,,96,70,60,32,2,4,1.2,0.9
2024-02-10T2300,1622A,116.3032,37.4674,德州市,儿童乐园,细颗粒物(PM2.5),247,251,170,197,150,63,,102,90,32,21,29,23,1.0,1.2
2024-02-10T2300,1624A,116.2991,37.4451,德州市,监理站,细颗粒物(PM2.5),243,240,236,193,192,67,,103,90,35,25,29,25,1.0,1.1
2024-02-10T2300,3066A,116.2721,37.4379,德州市,九衢泉纯净水厂,细颗粒物(PM2.5),265,260,228,215,185,60,,99,87,31,28,35,25,1.0,1.1
2024-02-10T2300,3371A,116.3728,37.4403,德州市,开发区人民医院,细颗粒物(PM2.5),170,178,179,129,160,69,,101,92,26,20,19,20,0.8,1
2024-02-10T2300,3372A,116.3572,37.4094,德州市,太阳城中学,细颗粒物(PM2.5),236,215,199,186,150,75,,101,94,17,17,28,20,1.0,1.1
2024-02-10T2300,3511A,116.5652,37.3319,德州市,陵城艺术中心,细颗粒物(PM2.5),252,259,273,202,261,46,,99,78,43,29,26,33,1.2,1.4
2024-02-10T2300,2621A,99.7056,27.8317,迪庆藏族自治州,迪庆州站,,42,40,36,29,26,72,,92,88,10,8,8,10,0.5,0.4
2024-02-10T2300,3180A,99.7136,27.8094,迪庆藏族自治州,质量技术监督局,,27,23,38,13,35,85,,91,87,4,7,8,10,0.5,0.5
2024-02-10T2300,2663A,104.6241,35.5734,定西市,东关小学,颗粒物(PM10),103,156,131,67,55,32,,74,60,21,15,24,23,0.9,0.7
2024-02-10T2300,2664A,104.6194,35.5934,定西市,供电公司,颗粒物(PM10),109,167,128,81,57,26,,83,64,23,12,21,17,1.1,0.6
2024-02-10T2300,1389A,113.7547,23.0494,东莞市,莞城梨川,细颗粒物(PM2.5),124,103,57,94,47,36,,91,68,38,14,11,10,1.0,0.8
2024-02-10T2300,1390A,113.7944,23.0128,东莞市,东城石井,,50,43,47,35,40,57,,88,72,11,10,7,8,0.8,0.8
2024-02-10T2300,1391A,113.7383,22.9658,东莞市,南城西平,细颗粒物(PM2.5),64,60,49,46,40,66,,91,82,12,8,10,10,0.8,0.8
2024-02-10T2300,3319A,113.7338,23.0381,东莞市,万江金泰,,,,72,,65,2,,82,51,45,10,15,11,1.5,0.9
2024-02-10T2300,3626A,113.7533,23.0202,东莞市,南城元岭,细颗粒物(PM2.5),97,94,50,72,40,20,,82,57,32,7,11,11,1.1,0.9
2024-02-10T2300,3627A,113.7875,23.0457,东莞市,东城主山,细颗粒物(PM2.5),134,110,54,102,48,21,,92,71,34,7,12,11,1.1,0.9
2024-02-10T2300,1666A,118.6614,37.4309,东营市,市环保局,细颗粒物(PM2.5),192,166,186,144,161,74,,101,90,28,24,13,21,1.3,1.3
2024-02-10T2300,3036A,118.6904,37.4338,东营市,开发区管委会,细颗粒物(PM2.5),238,212,202,188,175,61,,94,84,38,28,5,15,1.4,1.4
2024-02-10T2300,3365A,118.5719,37.565,东营市,垦利区民丰路,细颗粒物(PM2.5),168,153,190,127,162,66,,94,87,28,21,10,14,1.5,1.5
2024-02-10T2300,3498A,118.5055,37.8612,东营市,河口城区,细颗粒物(PM2.5),132,129,175,100,139,65,,99,88,20,20,2,4,1.5,1.6
2024-02-10T2300,3646A,118.4978,37.4623,东营市,胜利站,细颗粒物(PM2.5),156,146,245,119,171,68,,91,84,35,26,11,19,1.4,1.4
2024-02-10T2300,3734A,118.35,37.26,东营市,理想之城,细颗粒物(PM2.5),206,183,194,156,159,47,,91,78,34,26,5,16,1.3,1.3
2024-02-10T2300,1591A,110.0023,39.8129,鄂尔多斯市,综合楼,细颗粒物(PM2.5),94,114,121,70,84,66,,89,82,25,13,7,9,0.6,0.5
2024-02-10T2300,1592A,109.9486,39.8261,鄂尔多斯市,巴音孟克林场办事处,颗粒物(PM10),59,68,142,34,67,75,,84,78,12,13,8,17,0.5,0.7
2024-02-10T2300,1593A,109.7736,39.5986,鄂尔多斯市,康泽苑,细颗粒物(PM2.5),70,78,117,51,60,62,,91,80,13,15,5,8,0.5,0.7
2024-02-10T2300,1594A,109.8119,39.5989,鄂尔多斯市,华泰汽车城,细颗粒物(PM2.5),70,83,115,51,60,46,,94,72,22,16,5,8,0.4,0.5
2024-02-10T2300,1595A,109.9734,39.7884,鄂尔多斯市,奥林花园,颗粒物(PM10),60,70,113,29,45,44,,88,71,38,17,6,9,0.6,0.6
2024-02-10T2300,2436A,114.8938,30.3994,鄂州市,市政府,细颗粒物(PM2.5),230,201,256,180,219,29,,77,60,61,34,10,15,1.3,1.3
2024-02-10T2300,2437A,114.8989,30.3714,鄂州市,赵家坝,细颗粒物(PM2.5),189,152,168,142,169,66,,95,81,32,20,9,12,1.0,1
2024-02-10T2300,3654A,114.8094,30.4089,鄂州市,精准医疗中心,细颗粒物(PM2.5),188,187,253,141,179,68,,100,88,22,19,9,16,1.2,1.4
2024-02-10T2300,2454A,109.4978,30.2981,恩施土家族苗族自治州,湖北民院,细颗粒物(PM2.5),129,112,156,98,130,24,,61,56,31,16,7,7,1.4,1.3
2024-02-10T2300,2455A,109.4707,30.2798,恩施土家族苗族自治州,州电力总公司,细颗粒物(PM2.5),166,158,168,126,145,13,,50,42,24,16,6,6,1.4,1.3
2024-02-10T2300,3549A,109.5061,30.3772,恩施土家族苗族自治州,龙凤新区,细颗粒物(PM2.5),115,89,121,87,122,17,,46,40,16,16,7,7,1.2,1.1
2024-02-10T2300,2499A,108.3411,21.6158,防城港市,沙万,细颗粒物(PM2.5),79,62,68,58,55,65,,77,76,14,9,7,8,0.5,0.4
2024-02-10T2300,2500A,108.3514,21.7731,防城港市,防城档案局,细颗粒物(PM2.5),89,82,82,66,70,34,,79,66,18,11,6,11,0.8,0.5
2024-02-10T2300,2501A,108.3506,21.6414,防城港市,大海花园,细颗粒物(PM2.5),70,67,69,51,56,70,,77,77,9,6,6,8,0.6,0.6
2024-02-10T2300,1371A,113.1294,23.0067,佛山市,湾梁,细颗粒物(PM2.5),112,102,59,84,41,38,,98,74,33,9,9,10,0.8,0.7
2024-02-10T2300,1372A,113.1083,23.0478,佛山市,华材职中,颗粒物(PM10),106,161,50,76,41,9,,96,62,48,15,6,8,1.0,0.8
2024-02-10T2300,1373A,113.144,23.0453,佛山市,南海气象局,细颗粒物(PM2.5),84,115,52,62,39,39,,96,79,34,10,9,7,0.9,0.9
2024-02-10T2300,1374A,113.2881,22.8094,佛山市,顺德苏岗,细颗粒物(PM2.5),134,112,51,102,47,53,,99,84,22,10,11,12,0.7,0.6
2024-02-10T2300,1376A,112.8383,22.8678,佛山市,高明孔堂,细颗粒物(PM2.5),134,153,51,102,47,40,,92,75,18,5,5,6,0.6,0.7
2024-02-10T2300,1377A,112.8836,23.1588,佛山市,三水监测站,细颗粒物(PM2.5),70,68,75,51,37,18,,85,51,47,21,6,5,0.8,0.8
2024-02-10T2300,1378A,112.867,23.185,佛山市,三水云东海,细颗粒物(PM2.5),64,61,38,46,36,39,,84,66,17,10,17,4,0.6,0.7
2024-02-10T2300,3625A,113.2544,22.7642,佛山市,容桂街道办,细颗粒物(PM2.5),138,119,54,105,44,57,,97,86,22,9,10,9,0.8,0.7
2024-02-10T2300,1280A,119.3903,26.0543,福州市,鼓山,,,,,,,,,,,,,,,,
2024-02-10T2300,1282A,119.2681,26.0504,福州市,师大,细颗粒物(PM2.5),142,119,104,108,101,81,,97,94,14,8,10,12,0.6,0.6
2024-02-10T2300,1283A,119.2984,26.1028,福州市,五四北路,细颗粒物(PM2.5),200,177,145,150,93,52,,92,78,20,10,7,7,0.7,0.7
2024-02-10T2300,1284A,119.2648,26.0768,福州市,杨桥西路,细颗粒物(PM2.5),132,127,86,100,89,60,,98,91,20,9,7,7,0.6,0.6
2024-02-10T2300,1285A,119.317,26.0746,福州市,紫阳,细颗粒物(PM2.5),138,116,103,105,103,70,,90,84,17,9,10,12,0.8,0.8
2024-02-10T2300,3048A,119.5799,26.0936,福州市,九龙,,45,34,75,31,75,58,,99,82,7,9,2,5,0.6,0.8
2024-02-10T2300,3526A,119.5189,25.9664,福州市,吴航,细颗粒物(PM2.5),64,54,67,46,57,58,,91,77,12,11,4,8,0.5,0.6
2024-02-10T2300,1755A,123.7977,41.8491,抚顺市,望花区,细颗粒物(PM2.5),220,,549,170,491,30,,82,59,50,46,15,53,1.4,1.7
2024-02-10T2300,1756A,123.9161,41.8822,抚顺市,顺城区,细颗粒物(PM2.5),240,236,477,190,362,24,,86,58,52,47,8,32,1.9,1.6
2024-02-10T2300,1757A,124.0436,41.8611,抚顺市,东洲区,细颗粒物(PM2.5),221,193,515,171,425,59,,92,78,15,30,8,33,1.4,1.6
2024-02-10T2300,1758A,123.9247,41.8642,抚顺市,新抚区,细颗粒物(PM2.5),206,248,421,156,363,22,,94,54,50,46,6,16,1.6,1.9
2024-02-10T2300,1759A,124.0972,41.8961,抚顺市,大伙房水库,细颗粒物(PM2.5),162,132,257,123,215,84,,98,92,13,24,9,14,0.9,1.3
2024-02-10T2300,1760A,123.7086,41.8391,抚顺市,沈抚新城,细颗粒物(PM2.5),145,147,492,111,335,41,,90,75,38,40,11,28,1.5,1.7
2024-02-10T2300,2376A,116.2127,28.0814,抚州市,桐源党溪,细颗粒物(PM2.5),144,134,280,110,183,21,,68,52,6,8,5,33,0.5,0.7
2024-02-10T2300,2377A,116.3544,27.9831,抚州市,市站,细颗粒物(PM2.5),362,368,196,312,164,6,,83,48,57,25,14,15,1.1,0.8
2024-02-10T2300,2378A,116.3565,27.963,抚州市,血防站,细颗粒物(PM2.5),222,260,158,172,127,14,,91,64,48,12,9,7,1.4,1.1
2024-02-10T2300,2379A,116.3564,28.0007,抚州市,采茶剧团,细颗粒物(PM2.5),232,212,184,182,163,10,,86,66,53,16,8,10,1.9,1.3
2024-02-10T2300,2380A,116.385,27.9647,抚州市,医学分院,细颗粒物(PM2.5),162,166,178,123,132,30,,96,80,30,12,10,15,1.1,1.1
2024-02-10T2300,2207A,121.6094,41.998,阜新市,工业园区,细颗粒物(PM2.5),118,,150,89,123,75,,88,77,15,17,13,20,0.8,0.8
2024-02-10T2300,2208A,121.6697,42.0279,阜新市,长青街,细颗粒物(PM2.5),163,,98,124,102,70,,86,76,19,18,16,30,0.7,0.8
2024-02-10T2300,2209A,121.6673,42.0705,阜新市,农业园区,细颗粒物(PM2.5),104,105,78,78,59,79,,86,82,17,12,22,19,0.7,0.5
2024-02-10T2300,2210A,121.6717,42.0224,阜新市,东苑,细颗粒物(PM2.5),100,86,333,75,89,80,,90,82,19,22,18,41,1.3,1.6
2024-02-10T2300,2211A,121.6506,42.0498,阜新市,玉龙新城,细颗粒物(PM2.5),122,,169,92,130,75,,89,75,14,18,19,18,0.7,0.7
2024-02-10T2300,2301A,115.8277,32.8929,阜阳市,市监测站,细颗粒物(PM2.5),349,317,123,299,115,25,,96,60,36,14,15,11,1.3,0.8
2024-02-10T2300,2303A,115.8554,32.8605,阜阳市,开发区,细颗粒物(PM2.5),240,314,145,190,99,45,,94,70,28,14,19,10,1.0,0.6
2024-02-10T2300,2875A,115.784,32.8892,阜阳市,阜阳职业技术学院,细颗粒物(PM2.5),373,370,143,323,123,28,,96,67,37,14,13,12,1.3,0.9
2024-02-10T2300,3468A,115.7901,32.8613,阜阳市,市规划展馆,细颗粒物(PM2.5),335,379,146,285,129,42,,95,70,27,14,21,14,1.2,0.9
2024-02-10T2300,3469A,115.836,32.9183,阜阳市,枣园社区,细颗粒物(PM2.5),345,336,136,295,122,34,,98,68,34,14,26,11,1.2,0.8
2024-02-10T2300,2669A,102.9099,34.9841,甘南藏族自治州,州政府,颗粒物(PM10),59,68,85,33,51,30,,84,63,25,18,22,19,1.2,0.9
2024-02-10T2300,3380A,102.8914,34.9617,甘南藏族自治州,甘肃民族师范学院,,30,30,53,14,28,40,,80,65,9,9,6,15,0.8,0.8
2024-02-10T2300,2570A,101.9603,30.0475,甘孜藏族自治州,水桥子,,16,13,16,1,10,49,,86,68,9,6,9,9,0.3,0.2
2024-02-10T2300,3065A,101.9533,29.9972,甘孜藏族自治州,州环保局,,23,9,12,8,4,72,,90,81,2,2,7,8,0.2,0.2
2024-02-10T2300,3414A,115.8347,28.932,赣江新区,桑海产业园,细颗粒物(PM2.5),117,107,111,88,94,38,,89,78,20,15,4,7,1.0,1
2024-02-10T2300,2362A,114.9017,25.9149,赣州市,通天岩,,,,,,,,,,,,,,,,
2024-02-10T2300,2363A,114.9367,25.8664,赣州市,地委,颗粒物(PM10),98,146,80,71,65,23,,90,61,28,17,9,13,1.1,1.1
2024-02-10T2300,2364A,114.9461,25.8481,赣州市,气象台,细颗粒物(PM2.5),137,166,88,104,74,7,,103,55,56,17,10,9,1.0,0.9
2024-02-10T2300,2365A,114.9322,25.8333,赣州市,市图书馆,细颗粒物(PM2.5),156,190,92,119,68,3,,79,43,49,20,22,17,1.1,0.9
2024-02-10T2300,2366A,114.8905,25.8471,赣州市,华坚鞋城,细颗粒物(PM2.5),94,112,83,70,69,4,,83,47,46,18,6,8,1.1,0.9
2024-02-10T2300,3109A,115.0093,25.8613,赣州市,赣县区卫计委,细颗粒物(PM2.5),248,215,87,198,75,15,,80,55,28,13,6,6,1.0,1
2024-02-10T2300,2683A,106.2319,36.1417,固原市,马园,颗粒物(PM10),77,104,224,54,40,34,,86,64,29,11,11,7,0.9,0.6
2024-02-10T2300,2684A,106.2792,36.0022,固原市,监测站,颗粒物(PM10),93,135,218,66,66,46,,87,64,24,15,11,11,0.8,0.6
2024-02-10T2300,2685A,106.2375,36.0211,固原市,新区,细颗粒物(PM2.5),84,94,165,62,35,24,,83,55,41,14,9,6,0.9,0.4
2024-02-10T2300,3522A,106.2177,35.9959,固原市,原州区十五小,颗粒物(PM10),52,54,162,22,36,62,,80,68,11,9,8,9,0.5,0.5
2024-02-10T2300,2543A,106.6308,30.5278,广安市,小平旧居,,,,,,,,,,,,,,,,
2024-02-10T2300,2544A,106.6303,30.4576,广安市,市委,细颗粒物(PM2.5),172,180,156,130,142,5,,82,57,56,23,7,7,1.6,1.1
2024-02-10T2300,2545A,106.6271,30.4663,广安市,友谊中学,细颗粒物(PM2.5),193,161,123,145,138,7,,88,66,56,23,5,5,1.4,1
2024-02-10T2300,2547A,106.6388,30.4551,广安市,广电花园,细颗粒物(PM2.5),178,138,126,134,127,18,,84,57,44,23,4,4,1.4,1.2
2024-02-10T2300,2902A,106.6351,30.4865,广安市,北辰小学,细颗粒物(PM2.5),158,143,146,120,136,14,,85,70,44,20,4,5,1.3,1.1
2024-02-10T2300,2523A,105.8945,32.4535,广元市,黑石坡,细颗粒物(PM2.5),82,81,89,60,91,92,,104,102,12,15,8,10,0.8,0.9
2024-02-10T2300,2524A,105.821,32.4444,广元市,老城,细颗粒物(PM2.5),112,128,138,84,98,43,,86,71,24,20,1,16,1.2,1.3
2024-02-10T2300,2526A,105.8628,32.4287,广元市,监测站,细颗粒物(PM2.5),138,114,111,105,95,25,,92,77,40,16,6,13,1.3,1.2
2024-02-10T2300,3617A,105.8047,32.4166,广元市,经开区,细颗粒物(PM2.5),147,122,146,112,119,34,,85,64,32,25,6,16,1.1,1.2
2024-02-10T2300,1345A,113.2347,23.1423,广州市,广雅中学,细颗粒物(PM2.5),89,97,56,66,46,5,,87,57,64,20,6,7,1.2,1
2024-02-10T2300,1346A,113.2612,23.105,广州市,市五中,细颗粒物(PM2.5),75,65,56,55,51,14,,90,59,69,22,6,7,1.2,0.8
2024-02-10T2300,1348A,113.3478,23.0916,广州市,广东商学院,细颗粒物(PM2.5),75,67,50,55,44,23,,94,72,39,11,6,7,0.9,0.8
2024-02-10T2300,1349A,113.4332,23.1047,广州市,市八十六中,细颗粒物(PM2.5),143,138,65,109,54,38,,91,77,29,9,11,10,0.7,0.6
2024-02-10T2300,1350A,113.3505,22.9483,广州市,番禺中学,细颗粒物(PM2.5),166,149,46,126,40,16,,100,78,54,18,6,7,1.1,0.8
2024-02-10T2300,1351A,113.2146,23.3916,广州市,花都师范,细颗粒物(PM2.5),133,132,53,101,44,32,,92,78,41,12,9,8,1.1,0.9
2024-02-10T2300,1352A,113.2597,23.1331,广州市,市监测站,细颗粒物(PM2.5),73,65,55,53,47,28,,94,68,54,20,6,6,1.0,0.8
2024-02-10T2300,1353A,113.5618,23.312,广州市,九龙镇镇龙,细颗粒物(PM2.5),85,80,60,63,52,29,,80,66,18,9,6,9,0.8,0.8
2024-02-10T2300,1354A,113.2765,23.1544,广州市,麓湖,,49,42,48,34,44,47,,92,74,14,10,5,7,0.7,0.7
2024-02-10T2300,1355A,113.443,23.3035,广州市,帽峰山森林公园,,45,35,51,31,44,83,,95,90,4,5,8,10,0.4,0.5
2024-02-10T2300,2846A,113.3221,23.1322,广州市,体育西,细颗粒物(PM2.5),65,62,56,47,45,34,,94,76,43,14,9,10,1.0,0.9
2024-02-10T2300,3298A,113.5717,23.5491,广州市,从化街口,细颗粒物(PM2.5),139,123,68,106,59,21,,87,61,20,9,8,10,0.7,0.7
2024-02-10T2300,3299A,113.3472,23.3692,广州市,白云竹料,细颗粒物(PM2.5),213,209,89,163,59,6,,91,67,39,10,8,10,1.1,0.7
2024-02-10T2300,3300A,113.2981,23.237,广州市,白云嘉禾,细颗粒物(PM2.5),64,63,56,46,45,28,,92,71,39,17,7,10,0.7,0.7
2024-02-10T2300,3301A,113.4256,23.1716,广州市,黄埔科学城,细颗粒物(PM2.5),198,153,59,148,57,36,,88,71,17,5,9,7,0.8,0.8
2024-02-10T2300,3302A,113.3942,23.0483,广州市,番禺大学城,细颗粒物(PM2.5),68,54,47,49,41,60,,96,87,22,10,10,9,0.7,0.7
2024-02-10T2300,3303A,113.4922,22.8168,广州市,南沙黄阁,细颗粒物(PM2.5),188,210,76,141,64,55,,95,76,24,11,10,10,1.0,0.8
2024-02-10T2300,3304A,113.5342,22.7896,广州市,南沙街,细颗粒物(PM2.5),87,80,56,64,45,63,,94,85,20,14,5,6,0.8,0.8
2024-02-10T2300,3443A,113.2902,23.5544,广州市,花都梯面,细颗粒物(PM2.5),69,58,46,50,40,34,,90,64,13,11,6,9,0.4,0.6
2024-02-10T2300,3445A,113.7858,23.7478,广州市,从化良口,,35,32,40,24,35,46,,84,71,5,5,6,8,0.5,0.5
2024-02-10T2300,3446A,113.8051,23.2614,广州市,增城荔城,细颗粒物(PM2.5),140,128,50,107,43,27,,84,59,16,7,8,9,0.7,0.7
2024-02-10T2300,2505A,109.568,23.1478,贵港市,德智高中,,46,32,124,32,119,86,,86,86,5,9,5,18,0.8,0.9
2024-02-10T2300,2506A,109.6047,23.0666,贵港市,江南子站,细颗粒物(PM2.5),213,241,153,163,117,31,,82,66,28,14,7,14,1.4,1
2024-02-10T2300,2507A,109.6014,23.0948,贵港市,贵城子站,细颗粒物(PM2.5),134,,125,102,120,39,,74,58,33,17,10,15,1.3,1
2024-02-10T2300,2508A,109.5669,23.1065,贵港市,荷城子站,细颗粒物(PM2.5),83,78,106,61,94,54,,74,71,18,10,9,13,1.1,1
2024-02-10T2300,3405A,109.5886,23.1172,贵港市,新世纪学校,细颗粒物(PM2.5),80,73,125,59,101,61,,76,69,13,10,5,11,1.0,1
2024-02-10T2300,1439A,106.6899,26.5998,贵阳市,马鞍山,,36,36,94,24,83,32,,70,59,22,19,18,15,0.5,0.7
2024-02-10T2300,1440A,106.6971,26.5694,贵阳市,市环保站,细颗粒物(PM2.5),284,312,193,234,175,6,,74,40,62,37,52,36,1.7,1.1
2024-02-10T2300,1441A,106.6243,26.6266,贵阳市,鉴湖路,细颗粒物(PM2.5),110,107,106,83,78,56,,98,88,32,18,13,9,0.4,0.7
2024-02-10T2300,1442A,106.7487,26.6343,贵阳市,燕子冲,细颗粒物(PM2.5),52,46,105,36,92,43,,86,73,17,15,16,18,0.5,0.8
2024-02-10T2300,1443A,106.6555,26.4365,贵阳市,碧云窝,细颗粒物(PM2.5),77,78,137,56,109,36,,96,80,14,12,36,25,0.7,0.7
2024-02-10T2300,1444A,106.694,26.5161,贵阳市,中院村,,,,281,,252,,,49,,,21,,56,,1.1
2024-02-10T2300,1445A,106.7109,26.6027,贵阳市,红边门,细颗粒物(PM2.5),321,305,208,271,182,3,,69,42,63,33,117,56,2.0,1.2
2024-02-10T2300,1446A,106.7164,26.5699,贵阳市,新华路,细颗粒物(PM2.5),296,295,217,246,190,16,,78,49,53,31,53,28,1.6,1
2024-02-10T2300,1447A,106.674,26.5424,贵阳市,太慈桥,细颗粒物(PM2.5),73,68,123,53,103,34,,86,72,27,16,22,12,0.6,0.7
2024-02-10T2300,1552A,106.805,26.3003,贵阳市,桐木岭,,,,,,,,,,,,,,,,
2024-02-10T2300,1862A,110.4144,25.3167,桂林市,电子科大尧山校区,细颗粒物(PM2.5),64,60,70,46,55,43,,87,68,6,5,4,7,0.3,0.5
2024-02-10T2300,1863A,110.2819,25.2697,桂林市,监测站,,,,110,305,95,6,,93,52,61,21,10,11,2.6,1
2024-02-10T2300,1864A,110.3089,25.2708,桂林市,龙隐路小学,细颗粒物(PM2.5),128,166,91,97,78,52,,94,69,19,13,10,11,0.9,0.9
2024-02-10T2300,1865A,110.2869,25.2178,桂林市,八中,细颗粒物(PM2.5),170,160,86,129,76,33,,92,68,26,11,12,11,0.8,0.6
2024-02-10T2300,3403A,110.1764,25.2381,桂林市,创业大厦,细颗粒物(PM2.5),221,195,92,171,81,30,,99,82,28,10,12,13,0.9,0.7
2024-02-10T2300,3531A,110.296,25.1253,桂林市,旅游学院,细颗粒物(PM2.5),110,92,72,83,67,40,,98,82,20,8,8,10,0.8,0.8
2024-02-10T2300,2674A,100.2561,34.4714,果洛藏族自治州,玛沁县大武镇,,32,32,32,17,21,46,,84,75,13,13,9,12,0.4,0.5
2024-02-10T2300,1129A,126.5422,45.755,哈尔滨市,岭北,细颗粒物(PM2.5),282,243,499,232,463,171,,182,179,34,64,21,40,0,0.7
2024-02-10T2300,1130A,126.561,45.8167,哈尔滨市,松北商大,细颗粒物(PM2.5),241,229,427,191,392,91,,109,103,20,43,10,11,1.2,1.9
2024-02-10T2300,1131A,126.979,45.5419,哈尔滨市,阿城会宁,细颗粒物(PM2.5),273,235,442,223,430,95,,99,97,14,30,18,31,1.1,1.7
2024-02-10T2300,1132A,126.599,45.7222,哈尔滨市,南岗学府路,细颗粒物(PM2.5),261,280,557,211,429,80,,98,95,28,60,13,24,1.3,2.1
2024-02-10T2300,1133A,126.689,45.7733,哈尔滨市,太平宏伟公园,细颗粒物(PM2.5),221,218,527,171,417,82,,98,95,26,68,7,21,0.9,2.3
2024-02-10T2300,1134A,126.635,45.7667,哈尔滨市,道外承德广场,细颗粒物(PM2.5),234,251,482,184,413,81,,91,84,30,62,14,25,0.7,1.6
2024-02-10T2300,1135A,126.685,45.7319,哈尔滨市,香坊红旗大街,颗粒物(PM10),160,269,598,,340,63,,86,74,45,73,19,40,1.5,2.4
2024-02-10T2300,1136A,126.6411,45.7258,哈尔滨市,动力和平路,细颗粒物(PM2.5),263,228,475,213,461,79,,98,92,30,57,21,33,1.3,2
2024-02-10T2300,1137A,126.593,45.7478,哈尔滨市,道里建国路,细颗粒物(PM2.5),283,238,499,233,463,72,,87,84,31,55,21,33,0,1
2024-02-10T2300,1138A,126.615,45.61,哈尔滨市,平房东轻厂,细颗粒物(PM2.5),262,245,478,212,455,93,,106,103,18,41,9,20,1.1,2.2
2024-02-10T2300,1139A,126.595,45.9855,哈尔滨市,呼兰师专,细颗粒物(PM2.5),272,,491,222,466,80,,95,91,30,46,18,27,1.2,2.1
2024-02-10T2300,1140A,126.6206,45.6842,哈尔滨市,省农科院,细颗粒物(PM2.5),242,256,518,192,459,91,,108,102,21,60,14,31,1.2,2.2
2024-02-10T2300,2688A,93.5128,42.8172,哈密市,地区监测站,颗粒物(PM10),98,145,147,62,71,31,,72,57,47,28,6,19,0.8,0.6
2024-02-10T2300,2689A,93.4961,42.8328,哈密市,哈密师范学校,细颗粒物(PM2.5),212,334,262,162,160,14,,73,56,62,32,35,50,1.1,0.8
2024-02-10T2300,2671A,100.9048,36.9639,海北藏族自治州,海晏县西海镇,,21,21,26,9,12,52,,79,68,4,3,12,12,0.4,0.4
2024-02-10T2300,3867A,102.0738,36.5056,海东市,平安区公安北苑,,45,45,91,22,56,34,,77,65,21,16,5,20,0.3,0.4
2024-02-10T2300,1409A,110.576,19.9507,海口市,东寨港,,,,,,,,,,,,,,,,
2024-02-10T2300,1410A,110.3232,20.0574,海口市,海南大学,细颗粒物(PM2.5),53,42,56,37,42,76,,77,77,7,7,11,10,0.6,0.7
2024-02-10T2300,1411A,110.283,20.0053,海口市,秀英海南医院,细颗粒物(PM2.5),62,,55,44,44,69,,77,76,8,6,9,9,0.5,0.7
2024-02-10T2300,1412A,110.338,19.9969,海口市,海南师范大学,细颗粒物(PM2.5),58,,51,41,40,70,,76,75,8,5,8,8,0.6,0.7
2024-02-10T2300,1413A,110.33,20.0356,海口市,龙华路环保局宿舍,细颗粒物(PM2.5),53,43,54,37,42,72,,72,71,8,7,9,9,0.6,0.7
2024-02-10T2300,3539A,110.5111,19.9736,海口市,桂林洋子站,,43,40,27,30,25,64,,76,73,6,5,8,7,0.5,0.6
2024-02-10T2300,2673A,100.6188,36.2866,海南藏族自治州,共和县恰卜恰镇,,,40,65,8,52,,,84,74,,18,13,14,1.0,0.6
2024-02-10T2300,2676A,97.3731,37.3753,海西蒙古族藏族自治州,德令哈市,,29,18,61,7,42,92,,104,98,4,9,14,22,0.4,0.5
2024-02-10T2300,1048A,114.5302,36.6116,邯郸市,东污水处理厂,细颗粒物(PM2.5),360,378,321,310,273,51,,103,84,42,24,16,22,1.2,1.4
2024-02-10T2300,1049A,114.4918,36.5713,邯郸市,矿院,细颗粒物(PM2.5),364,413,336,314,270,37,,96,73,48,31,9,16,1.4,1.5
2024-02-10T2300,1050A,114.484,36.6133,邯郸市,丛台公园,细颗粒物(PM2.5),310,303,281,260,241,55,,108,85,35,19,11,18,1.4,1.4
2024-02-10T2300,3458A,114.7895,36.5593,邯郸市,香泉濮院小区,细颗粒物(PM2.5),236,238,339,186,283,84,,104,97,15,21,20,29,0.9,1.4
2024-02-10T2300,3579A,114.50634,36.77178,邯郸市,永年区实验高中,细颗粒物(PM2.5),313,301,343,263,293,61,,104,74,49,42,21,35,0,0.6
2024-02-10T2300,3580A,114.20016,36.44293,邯郸市,峰峰矿区临水派出所,细颗粒物(PM2.5),288,251,187,238,165,105,,118,114,9,13,25,33,1.1,1.3
2024-02-10T2300,2634A,106.9893,33.1842,汉中市,汉川机床厂子校,细颗粒物(PM2.5),92,72,127,68,112,64,,95,86,7,11,5,9,0.7,1
2024-02-10T2300,2635A,107.0154,33.0706,汉中市,市监测站,细颗粒物(PM2.5),211,161,221,161,202,29,,91,74,44,32,12,16,2.3,2.1
2024-02-10T2300,2636A,107.0089,33.1138,汉中市,鑫源开发区,细颗粒物(PM2.5),188,155,277,141,277,47,,93,81,30,29,14,25,1.7,1.9
2024-02-10T2300,2637A,107.007,33.0323,汉中市,南郑大河坎水厂,细颗粒物(PM2.5),175,143,165,132,145,19,,91,64,33,23,12,13,1.9,1.6
2024-02-10T2300,1223A,120.2072,30.2111,杭州市,滨江,细颗粒物(PM2.5),160,145,213,122,163,61,,98,88,24,18,10,11,1.1,0.9
2024-02-10T2300,1224A,120.0633,30.2747,杭州市,西溪,细颗粒物(PM2.5),94,101,161,70,129,17,,95,65,12,14,7,8,0.7,0.8
2024-02-10T2300,1226A,120.3461,30.3153,杭州市,下沙,细颗粒物(PM2.5),130,124,192,99,154,72,,100,89,26,19,10,10,0.8,0.8
2024-02-10T2300,1227A,120.1269,30.2456,杭州市,卧龙桥,细颗粒物(PM2.5),102,103,127,76,111,18,,92,51,19,17,4,5,0.7,0.8
2024-02-10T2300,1228A,120.1903,30.2692,杭州市,浙江农大,细颗粒物(PM2.5),266,237,258,216,216,5,,96,63,63,26,8,9,1.2,0.9
2024-02-10T2300,1230A,120.1197,30.3119,杭州市,和睦小学,细颗粒物(PM2.5),272,269,298,222,249,19,,86,56,56,31,9,9,1.0,0.9
2024-02-10T2300,1231A,120.3019,30.4183,杭州市,临平镇,细颗粒物(PM2.5),137,,208,104,253,62,,96,85,22,24,7,9,0.7,0.9
2024-02-10T2300,1232A,120.2697,30.1819,杭州市,城厢镇,细颗粒物(PM2.5),153,128,255,117,241,72,,102,93,18,18,8,9,0.9,0.9
2024-02-10T2300,1233A,120.0883,30.1808,杭州市,云栖,细颗粒物(PM2.5),88,80,141,65,114,47,,98,68,13,15,7,8,0.7,0.8
2024-02-10T2300,3557A,119.9464,30.0494,杭州市,镇二中,细颗粒物(PM2.5),208,196,294,158,351,7,,91,56,41,22,8,10,1.2,0.9
2024-02-10T2300,3558A,119.7183,30.2367,杭州市,市府大楼,细颗粒物(PM2.5),107,95,223,80,184,46,,94,68,13,17,6,9,0.8,0.9
2024-02-10T2300,3656A,120.1556,30.2864,杭州市,消防大队,细颗粒物(PM2.5),233,209,259,183,227,38,,92,67,41,29,11,11,1.3,1.1
2024-02-10T2300,1270A,117.1959,31.7848,合肥市,明珠广场,细颗粒物(PM2.5),125,114,213,95,185,76,,92,85,16,19,9,12,0.9,0.9
2024-02-10T2300,1271A,117.3072,31.8764,合肥市,三里街,细颗粒物(PM2.5),195,173,266,146,230,61,,80,54,30,36,9,10,0.8,1
2024-02-10T2300,1272A,117.2588,31.8707,合肥市,琥珀山庄,细颗粒物(PM2.5),160,146,281,122,252,59,,85,53,25,37,8,10,1.1,1.3
2024-02-10T2300,1273A,117.1604,31.9052,合肥市,董铺水库,细颗粒物(PM2.5),107,102,186,80,155,73,,89,85,7,8,5,6,0.7,0.7
2024-02-10T2300,1274A,117.25,31.8571,合肥市,长江中路,细颗粒物(PM2.5),155,129,218,118,200,72,,84,75,19,26,9,12,1.0,1
2024-02-10T2300,1275A,117.266,31.9436,合肥市,庐阳区,细颗粒物(PM2.5),125,127,188,95,143,75,,81,81,14,23,7,9,1.0,0.9
2024-02-10T2300,1276A,117.336,31.8586,合肥市,瑶海区,细颗粒物(PM2.5),186,166,248,140,216,67,,88,71,29,26,7,9,0.9,0.9
2024-02-10T2300,1277A,117.3027,31.7964,合肥市,包河区,细颗粒物(PM2.5),149,122,215,114,204,78,,92,72,21,25,7,9,0.8,0.8
2024-02-10T2300,1278A,117.2776,31.7385,合肥市,滨湖新区,细颗粒物(PM2.5),119,112,226,90,192,80,,91,86,11,18,7,12,0.9,1
2024-02-10T2300,1279A,117.1318,31.8403,合肥市,高新区,细颗粒物(PM2.5),122,112,153,92,136,80,,92,90,16,15,6,9,0.9,0.9
2024-02-10T2300,3464A,117.3803,31.9147,合肥市,高教基地,细颗粒物(PM2.5),145,119,216,111,177,72,,96,76,12,14,6,8,0.7,0.8
2024-02-10T2300,3614A,79.924,37.0877,和田地区,地区环保局,细颗粒物(PM2.5),127,185,105,96,40,33,,95,79,72,25,38,19,1.9,0.8
2024-02-10T2300,3615A,79.9131,37.113,和田地区,市环保局,颗粒物(PM10),100,150,85,50,34,18,,97,77,88,34,24,11,3.3,1
2024-02-10T2300,2516A,108.2011,24.715,河池市,东仁乐园,,50,39,48,35,35,27,,49,40,5,5,3,3,0.7,0.7
2024-02-10T2300,2517A,108.0497,24.6947,河池市,市环保站,细颗粒物(PM2.5),64,50,60,46,52,32,,77,63,15,9,7,8,0.7,0.7
2024-02-10T2300,2518A,108.0983,24.6989,河池市,市疾控中心,细颗粒物(PM2.5),102,96,68,76,64,31,,79,63,19,13,8,9,0.7,0.7
2024-02-10T2300,1696A,114.6778,23.7569,河源市,源西,细颗粒物(PM2.5),59,55,76,42,59,49,,83,61,12,10,5,8,0.7,0.8
2024-02-10T2300,1697A,114.6944,23.7586,河源市,东埔,细颗粒物(PM2.5),108,139,77,81,62,40,,86,66,22,8,10,10,0.7,0.7
2024-02-10T2300,1698A,114.6892,23.7233,河源市,老城,细颗粒物(PM2.5),246,277,90,196,71,22,,85,60,28,9,16,9,0.8,0.8
2024-02-10T2300,1718A,115.4208,35.2464,菏泽市,气象局,细颗粒物(PM2.5),334,344,352,284,287,87,,104,96,23,25,9,12,1.5,1.3
2024-02-10T2300,1719A,115.4747,35.2375,菏泽市,市政协,细颗粒物(PM2.5),373,384,340,323,280,58,,95,77,27,18,7,12,1.5,1.2
2024-02-10T2300,3374A,115.5564,35.0891,菏泽市,定陶老年大学,细颗粒物(PM2.5),365,364,307,315,260,72,,100,90,26,21,8,11,1.4,1
2024-02-10T2300,3647A,115.4702,35.2706,菏泽市,菏泽医专,细颗粒物(PM2.5),318,324,347,268,283,84,,94,88,24,28,13,18,1.5,1.3
2024-02-10T2300,2514A,111.5264,24.4172,贺州市,环保小区,细颗粒物(PM2.5),258,214,129,208,107,33,,86,68,18,9,14,15,0.8,0.7
2024-02-10T2300,2515A,111.5608,24.4078,贺州市,政协大楼,细颗粒物(PM2.5),201,166,105,151,90,20,,82,61,24,12,11,11,0.9,0.7
2024-02-10T2300,3534A,111.4744,24.4553,贺州市,西湾,细颗粒物(PM2.5),170,140,96,129,85,35,,87,69,13,9,9,10,0.8,0.7
2024-02-10T2300,2385A,114.17,35.9019,鹤壁市,市监测站,细颗粒物(PM2.5),368,370,241,318,196,64,,116,94,24,23,4,10,1.4,1.2
2024-02-10T2300,2386A,114.2956,35.7511,鹤壁市,市交警支队,细颗粒物(PM2.5),407,404,235,360,189,47,,111,88,29,19,14,22,1.4,1.1
2024-02-10T2300,2387A,114.2878,35.7306,鹤壁市,迎宾馆,细颗粒物(PM2.5),374,353,224,324,196,46,,112,88,36,24,12,30,1.5,1.2
2024-02-10T2300,3474A,114.2617,35.6822,鹤壁市,大新区,细颗粒物(PM2.5),412,415,221,367,182,50,,113,92,30,22,10,21,1.5,1
2024-02-10T2300,3596A,114.1572,35.9603,鹤壁市,南山宾馆,细颗粒物(PM2.5),346,345,201,296,163,85,,117,104,26,22,7,18,1.6,1.3
2024-02-10T2300,2244A,130.2537,47.3416,鹤岗市,哈啤分公司,,35,28,104,24,81,79,,73,71,5,15,16,32,0.7,1.1
2024-02-10T2300,2245A,130.2684,47.3086,鹤岗市,斯达机电,,38,33,88,26,63,82,,84,78,9,23,11,43,0.3,0.6
2024-02-10T2300,2246A,130.3114,47.3388,鹤岗市,东山纸板厂,,47,47,82,31,74,92,,90,84,10,18,14,26,0.3,1
2024-02-10T2300,2247A,130.1097,47.3382,鹤岗市,五号水库,,28,27,24,14,20,88,,85,84,5,6,9,10,0.4,0.5
2024-02-10T2300,2263A,127.4833,50.2524,黑河市,交通局,细颗粒物(PM2.5),92,93,79,68,50,54,,65,59,20,13,12,20,0.8,0.5
2024-02-10T2300,2264A,127.5144,50.2341,黑河市,环保局,细颗粒物(PM2.5),173,185,192,131,154,28,,70,57,38,20,14,53,1.1,0.6
2024-02-10T2300,2265A,127.5291,50.2472,黑河市,大黑河岛,细颗粒物(PM2.5),195,162,56,146,49,,,84,82,93,61,18,20,,
2024-02-10T2300,1074A,115.6838,37.7541,衡水市,电机北厂,细颗粒物(PM2.5),109,120,182,82,138,72,,93,84,12,12,7,15,0.5,0.7
2024-02-10T2300,1075A,115.6303,37.7316,衡水市,市监测站,细颗粒物(PM2.5),64,75,130,46,106,88,,90,87,12,16,9,13,0.4,0.6
2024-02-10T2300,3188A,115.6683,37.7217,衡水市,市城管局,细颗粒物(PM2.5),109,105,142,82,116,72,,91,86,16,14,10,14,0.6,0.7
2024-02-10T2300,3459A,115.5989,37.5491,衡水市,地表水厂,细颗粒物(PM2.5),134,104,177,102,160,68,,94,85,21,17,13,12,0.6,0.9
2024-02-10T2300,2456A,112.5003,26.9167,衡阳市,原169医院,细颗粒物(PM2.5),172,137,184,130,150,44,,82,77,19,14,22,29,1.3,1.3
2024-02-10T2300,2457A,112.6194,26.9258,衡阳市,衡阳化工总厂,细颗粒物(PM2.5),500,571,212,535,174,5,,80,64,51,19,9,15,1.3,1
2024-02-10T2300,2458A,112.6211,26.8956,衡阳市,珠晖区环保局,细颗粒物(PM2.5),500,594,204,574,178,,,91,,49,18,11,18,1.5,1.1
2024-02-10T2300,2459A,112.6197,26.8733,衡阳市,市委党校,细颗粒物(PM2.5),153,168,180,117,137,66,,90,81,10,8,13,19,0.9,1.1
2024-02-10T2300,2460A,112.6006,26.8919,衡阳市,市监测站,"颗粒物(PM10),细颗粒物(PM2.5)",500,,229,702,206,4,,71,44,52,19,10,23,1.8,1.4
2024-02-10T2300,2461A,112.5664,26.9056,衡阳市,真空机电公司,细颗粒物(PM2.5),202,246,188,152,155,34,,74,61,41,23,19,29,1.9,1.7
2024-02-10T2300,3399A,112.6703,26.882,衡阳市,师范学院,细颗粒物(PM2.5),203,167,158,153,144,56,,87,79,10,6,11,15,0.9,1
2024-02-10T2300,2608A,103.3772,23.3993,红河哈尼族彝族自治州,污水处理厂,细颗粒物(PM2.5),109,100,66,82,58,26,,69,56,16,10,8,18,1.1,0.9
2024-02-10T2300,2609A,103.3861,23.35,红河哈尼族彝族自治州,监测站,细颗粒物(PM2.5),88,75,65,65,58,33,,68,55,13,10,7,14,1.0,0.9
2024-02-10T2300,3038A,103.3758,23.368,红河哈尼族彝族自治州,州图书馆,细颗粒物(PM2.5),118,,64,89,55,29,,65,52,17,10,9,15,1.0,0.9
2024-02-10T2300,1090A,111.6507,40.7517,呼和浩特市,呼市一监,细颗粒物(PM2.5),414,407,246,371,486,28,,116,96,74,45,7,32,2.1,1.7
2024-02-10T2300,1091A,111.6572,40.8033,呼和浩特市,小召,细颗粒物(PM2.5),423,481,268,384,552,67,,112,98,66,54,11,50,2.2,1.7
2024-02-10T2300,1094A,111.7516,40.8369,呼和浩特市,如意水处理厂,细颗粒物(PM2.5),303,258,321,253,324,47,,91,78,63,54,19,39,1.5,1.6
2024-02-10T2300,1095A,111.7276,40.8062,呼和浩特市,二十九中,细颗粒物(PM2.5),345,375,423,295,351,52,,100,89,63,43,14,36,1.6,1.3
2024-02-10T2300,1096A,111.5512,40.7866,呼和浩特市,工大金川校区,细颗粒物(PM2.5),295,345,425,245,374,54,,105,86,52,48,10,27,1.3,1.7
2024-02-10T2300,1097A,111.717,40.7612,呼和浩特市,化肥厂生活区,细颗粒物(PM2.5),420,446,435,380,381,47,,105,89,58,44,29,57,2.2,1.6
2024-02-10T2300,3698A,111.5968,40.8178,呼和浩特市,红旗小学,细颗粒物(PM2.5),291,266,558,241,510,50,,107,91,58,61,13,53,1.4,1.9
2024-02-10T2300,3699A,111.6518,40.8389,呼和浩特市,海东办,细颗粒物(PM2.5),397,393,281,347,659,21,,96,72,84,63,20,66,1.6,1.7
2024-02-10T2300,2192A,119.7594,49.2261,呼伦贝尔市,区环保局,,38,30,43,26,37,92,,92,92,7,10,9,11,0.2,0.2
2024-02-10T2300,3061A,119.7512,49.1577,呼伦贝尔市,国华电力东,,29,22,28,15,27,92,,91,91,4,6,6,6,0.2,0.2
2024-02-10T2300,1250A,120.0751,30.8669,湖州市,城西水厂,细颗粒物(PM2.5),142,128,196,108,173,36,,104,77,50,23,4,7,0.7,0.8
2024-02-10T2300,2873A,120.0875,30.8955,湖州市,仁皇山新区,细颗粒物(PM2.5),122,107,178,92,155,54,,105,86,31,23,6,8,0.8,0.8
2024-02-10T2300,2907A,120.1844,30.8596,湖州市,吴兴区站,细颗粒物(PM2.5),108,96,157,81,149,82,,103,96,16,15,8,9,0.7,0.8
2024-02-10T2300,3562A,120.4148,30.8538,湖州市,南浔区站,细颗粒物(PM2.5),135,120,183,103,178,78,,109,96,20,14,9,10,0.7,0.7
2024-02-10T2300,1607A,120.9092,40.7136,葫芦岛市,龙港区,细颗粒物(PM2.5),87,67,260,64,220,73,,97,91,13,25,15,53,0.5,1
2024-02-10T2300,1608A,120.8392,40.7514,葫芦岛市,化工街,细颗粒物(PM2.5),110,102,202,83,155,56,,88,80,13,20,12,24,1.3,1.5
2024-02-10T2300,1609A,120.8341,40.7073,葫芦岛市,新区,细颗粒物(PM2.5),94,81,234,70,181,61,,96,85,25,28,20,26,0.5,1
2024-02-10T2300,1610A,120.8695,40.7677,葫芦岛市,东城区,细颗粒物(PM2.5),134,,218,102,184,53,,90,78,27,29,18,27,1.4,1.7
2024-02-10T2300,2482A,109.5981,27.5721,怀化市,林科所,细颗粒物(PM2.5),72,65,106,52,90,32,,58,56,4,4,5,8,0.6,0.5
2024-02-10T2300,2483A,109.9453,27.5444,怀化市,河西地税局,细颗粒物(PM2.5),198,182,103,148,86,8,,46,38,11,8,4,5,0.9,1
2024-02-10T2300,2484A,109.9781,27.5342,怀化市,市四医院,,,400,131,,92,12,,54,46,22,10,6,6,1.3,0.8
2024-02-10T2300,2485A,109.9972,27.5578,怀化市,监测楼,,,,168,,115,9,,49,37,18,12,11,9,1.5,1.1
2024-02-10T2300,2486A,110.0394,27.583,怀化市,市委党校,细颗粒物(PM2.5),228,195,135,178,116,5,,52,42,14,9,7,7,1.0,0.9
2024-02-10T2300,1210A,119.036,33.5981,淮安市,钵池山,细颗粒物(PM2.5),343,354,170,293,157,27,,76,66,49,21,8,10,1.2,1.2
2024-02-10T2300,1211A,119.007,33.575,淮安市,北京南路,细颗粒物(PM2.5),260,263,172,210,152,41,,82,68,34,21,8,12,1.2,1.5
2024-02-10T2300,1212A,118.989,33.6067,淮安市,市监测站,细颗粒物(PM2.5),291,285,181,241,158,56,,89,78,26,15,11,11,1.5,1.4
2024-02-10T2300,1213A,119.135,33.5039,淮安市,楚州区监测站,细颗粒物(PM2.5),243,242,196,193,210,42,,88,76,38,20,8,11,0.9,1
2024-02-10T2300,1214A,119.0186,33.6297,淮安市,淮阴区监测站,细颗粒物(PM2.5),373,437,216,323,181,36,,83,65,43,23,7,9,1.1,0.9
2024-02-10T2300,3426A,118.8755,33.2894,淮安市,新华书店,细颗粒物(PM2.5),237,233,158,187,140,59,,98,84,36,21,8,11,1.0,0.9
2024-02-10T2300,2282A,116.8004,33.975,淮北市,监测站,细颗粒物(PM2.5),392,365,351,342,280,48,,92,72,30,24,11,15,1.3,1.2
2024-02-10T2300,2283A,116.8091,33.9007,淮北市,烈山区政府,细颗粒物(PM2.5),345,357,325,295,279,49,,106,79,34,25,11,14,1.0,1
2024-02-10T2300,3330A,116.8873,33.9836,淮北市,杜集区检察院,细颗粒物(PM2.5),328,343,305,278,262,57,,106,85,20,20,13,15,1.3,1.2
2024-02-10T2300,4017A,116.7923,33.9535,淮北市,市博物馆,细颗粒物(PM2.5),422,402,352,382,298,41,,97,72,48,29,13,16,1.5,1.4
2024-02-10T2300,2277A,116.8305,32.7727,淮南市,潘集区政府,细颗粒物(PM2.5),250,243,132,200,110,52,,96,77,27,12,6,6,0.8,0.7
2024-02-10T2300,2278A,117.0067,32.6524,淮南市,师范学院,细颗粒物(PM2.5),225,228,123,175,93,57,,88,61,23,21,10,9,0.8,0.8
2024-02-10T2300,2279A,116.8569,32.5951,淮南市,谢家集区政府,细颗粒物(PM2.5),168,145,109,127,99,92,,99,94,9,11,8,9,0.8,0.8
2024-02-10T2300,2280A,116.8281,32.633,淮南市,八公山区政府,细颗粒物(PM2.5),229,214,92,179,75,81,,107,93,15,11,7,4,0.8,0.8
2024-02-10T2300,2281A,116.6325,32.6201,淮南市,焦岗湖风景区管理处,细颗粒物(PM2.5),190,208,121,143,88,48,,84,69,18,10,3,4,0.6,0.5
2024-02-10T2300,2894A,117.0566,32.6531,淮南市,经济技术开发区消防队,细颗粒物(PM2.5),218,213,114,168,90,65,,92,70,16,13,10,8,0.9,0.8
2024-02-10T2300,3329A,117.0108,32.5893,淮南市,山南新区,细颗粒物(PM2.5),283,,132,233,130,62,,99,82,28,14,9,9,0.9,0.7
2024-02-10T2300,2446A,114.9028,30.4742,黄冈市,职工中心,细颗粒物(PM2.5),204,177,310,154,236,64,,99,88,15,15,13,24,1.0,1.2
2024-02-10T2300,2929A,114.8858,30.4519,黄冈市,红卫路,细颗粒物(PM2.5),165,143,294,125,246,71,,90,80,20,19,11,19,1.1,1.3
2024-02-10T2300,3398A,114.9136,30.4445,黄冈市,市林业局,细颗粒物(PM2.5),180,,285,136,245,72,,99,89,23,19,8,16,1.0,1.2
2024-02-10T2300,2672A,102.0199,35.5102,黄南藏族自治州,同仁县隆务镇,,23,23,40,9,19,65,,84,70,4,6,18,20,0.7,0.7
2024-02-10T2300,2295A,118.2903,29.6963,黄山市,延安路89号,颗粒物(PM10),77,103,260,39,154,53,,92,82,4,10,6,13,0.4,0.6
2024-02-10T2300,2296A,118.327,29.7178,黄山市,黄山东路89号,细颗粒物(PM2.5),77,75,176,56,150,50,,84,66,8,15,6,8,0.7,0.9
2024-02-10T2300,2297A,118.1371,30.2756,黄山市,黄山区政府5号楼,细颗粒物(PM2.5),85,77,95,63,70,45,,91,78,10,9,4,6,0.7,0.7
2024-02-10T2300,2423A,115.0601,30.2313,黄石市,沈家营,细颗粒物(PM2.5),179,139,262,135,226,60,,110,93,30,27,13,20,1.1,1.3
2024-02-10T2300,2424A,115.0817,30.2006,黄石市,陈家湾,细颗粒物(PM2.5),173,139,198,131,147,44,,100,69,25,26,10,28,0.9,1.1
2024-02-10T2300,2426A,114.8988,30.2019,黄石市,铁山,细颗粒物(PM2.5),257,224,134,207,120,39,,110,92,34,23,11,16,1.2,1.1
2024-02-10T2300,2427A,115.0307,30.2092,黄石市,团城山,细颗粒物(PM2.5),165,141,285,125,219,76,,114,104,23,30,12,22,1.0,1.2
2024-02-10T2300,3149A,115.0235,30.1578,黄石市,笔架山北路,细颗粒物(PM2.5),129,,173,98,161,81,,118,107,12,16,10,26,1.2,1.4
2024-02-10T2300,1392A,114.4183,23.0528,惠州市,河南岸金山湖子站,细颗粒物(PM2.5),98,87,54,73,49,33,,80,60,18,7,7,7,0.7,0.7
2024-02-10T2300,1393A,114.4053,23.0822,惠州市,下埔横江三路子站,细颗粒物(PM2.5),102,100,61,76,50,11,,85,52,43,14,6,7,1.0,0.8
2024-02-10T2300,1394A,114.4103,23.1142,惠州市,江北云山西路子站,细颗粒物(PM2.5),90,68,54,67,48,39,,90,72,23,5,9,10,0.7,0.6
2024-02-10T2300,1395A,114.4645,22.7833,惠州市,惠阳区承修路船湖子站,细颗粒物(PM2.5),142,136,60,108,52,22,,80,64,30,9,9,9,1.0,0.8
2024-02-10T2300,1396A,114.5317,22.7422,惠州市,大亚湾管委会子站,细颗粒物(PM2.5),92,80,57,68,51,26,,79,59,26,10,8,8,0.6,0.5
2024-02-10T2300,3314A,114.4338,22.8134,惠州市,惠阳秋长,细颗粒物(PM2.5),158,188,68,120,53,34,,88,67,16,4,11,10,0.7,0.6
2024-02-10T2300,3452A,114.6517,22.775,惠州市,大亚湾霞涌,细颗粒物(PM2.5),74,64,64,54,52,36,,78,54,13,8,8,11,0.7,0.8
2024-02-10T2300,2240A,130.9762,45.3001,鸡西市,环保局,细颗粒物(PM2.5),137,122,374,104,322,85,,80,68,10,27,9,37,0.4,0.6
2024-02-10T2300,2243A,130.9429,45.3039,鸡西市,第一中学,细颗粒物(PM2.5),64,53,410,46,340,93,,92,90,9,26,11,56,0.3,0.5
2024-02-10T2300,3707A,131.0207,45.3073,鸡西市,欧美日汽修厂,细颗粒物(PM2.5),124,109,257,94,221,64,,80,62,23,31,19,36,1.9,1.9
2024-02-10T2300,3709A,130.9967,45.3106,鸡西市,市政设施管理处,细颗粒物(PM2.5),103,138,297,77,248,66,,92,63,29,34,5,12,0.8,1.1
2024-02-10T2300,2367A,114.9754,27.0803,吉安市,红声器材厂,细颗粒物(PM2.5),158,156,171,120,127,31,,77,65,27,19,14,21,0.9,1.1
2024-02-10T2300,2368A,114.9658,27.0999,吉安市,市森林工业局,细颗粒物(PM2.5),195,166,158,146,135,24,,74,58,31,17,7,18,0.8,0.5
2024-02-10T2300,2369A,114.99,27.1312,吉安市,市环境监测站,细颗粒物(PM2.5),255,255,166,205,134,16,,82,65,45,18,10,17,1.1,1.2
2024-02-10T2300,2370A,115.0093,27.0968,吉安市,青原区法院,细颗粒物(PM2.5),150,139,172,115,142,17,,78,58,22,14,11,40,0.7,0.9
2024-02-10T2300,1772A,126.54,43.8622,吉林市,哈达湾,细颗粒物(PM2.5),138,130,278,105,223,69,,96,78,23,27,12,25,0.9,1
2024-02-10T2300,1773A,126.5844,43.8358,吉林市,东局子,细颗粒物(PM2.5),144,129,319,110,268,58,,88,65,27,35,14,28,1.1,1.2
2024-02-10T2300,1774A,126.5052,43.8245,吉林市,电力学院,细颗粒物(PM2.5),190,152,217,143,198,40,,93,55,37,32,14,23,1.9,1.5
2024-02-10T2300,1775A,126.6133,43.8972,吉林市,江北,细颗粒物(PM2.5),175,160,439,132,386,34,,88,66,51,39,17,32,1.2,1.3
2024-02-10T2300,1776A,126.555,43.8306,吉林市,江南公园,细颗粒物(PM2.5),266,235,443,216,381,32,,92,61,49,39,14,54,1.2,1.2
2024-02-10T2300,1778A,126.7061,43.7133,吉林市,丰满,,,,,,,,,,,,,,,,
2024-02-10T2300,2868A,126.4739,43.953,吉林市,九站,细颗粒物(PM2.5),97,83,204,72,181,74,,101,87,25,39,9,14,0.9,1.4
2024-02-10T2300,1299A,116.9862,36.6114,济南市,科干所,细颗粒物(PM2.5),123,107,243,93,164,75,,101,90,13,21,16,20,0.9,1.2
2024-02-10T2300,1300A,116.9376,36.665,济南市,农科所,细颗粒物(PM2.5),211,203,219,161,180,30,,97,80,57,28,33,19,1.0,1
2024-02-10T2300,1301A,117.1265,36.6734,济南市,开发区,细颗粒物(PM2.5),125,117,163,95,140,58,,92,79,23,18,15,15,0.9,1
2024-02-10T2300,1303A,117.0624,36.6868,济南市,省种子仓库,细颗粒物(PM2.5),156,163,236,119,181,38,,102,83,39,24,12,17,0.9,1.1
2024-02-10T2300,1304A,116.9489,36.6447,济南市,机床二厂,细颗粒物(PM2.5),206,210,222,156,187,18,,105,82,69,30,87,33,1.5,1.3
2024-02-10T2300,1305A,117.0495,36.663,济南市,市监测站,细颗粒物(PM2.5),113,105,203,85,168,60,,103,89,37,30,18,24,0.7,1
2024-02-10T2300,1306A,116.7675,36.5484,济南市,长清党校,细颗粒物(PM2.5),113,112,181,85,152,70,,111,100,27,22,14,16,0.8,1.1
2024-02-10T2300,1616A,117.6795,36.229,济南市,技术学院,细颗粒物(PM2.5),117,102,225,88,226,49,,112,85,45,49,13,15,1.0,1.7
2024-02-10T2300,1961A,117.532,36.6868,济南市,东山小学,细颗粒物(PM2.5),68,71,170,49,133,78,,103,90,13,19,11,17,0.4,0.7
2024-02-10T2300,3059A,117.7161,36.2049,济南市,泰兴公司,细颗粒物(PM2.5),185,168,266,139,208,18,,111,73,46,33,11,14,1.1,1.6
2024-02-10T2300,3064A,117.6867,36.2171,济南市,莱芜战役纪念馆,细颗粒物(PM2.5),138,153,258,105,240,38,,106,79,41,41,14,14,0.9,1.7
2024-02-10T2300,3494A,117.1673,36.9782,济南市,济阳区政府,细颗粒物(PM2.5),147,151,233,112,190,76,,103,93,19,21,28,30,0.7,0.9
2024-02-10T2300,3495A,117.1171,36.63,济南市,锦屏中学,细颗粒物(PM2.5),68,61,147,49,123,82,,103,89,10,16,12,15,0.6,0.9
2024-02-10T2300,3682A,116.9814,36.6819,济南市,济南四建,细颗粒物(PM2.5),182,173,207,137,206,29,,97,76,59,33,34,28,1.1,1.1
2024-02-10T2300,1653A,116.6251,35.4302,济宁市,火炬城,细颗粒物(PM2.5),163,152,428,124,367,74,,105,88,19,32,13,22,1.1,1.5
2024-02-10T2300,1655A,116.5491,35.4042,济宁市,电化厂,细颗粒物(PM2.5),269,254,451,219,399,74,,108,96,23,32,23,23,1.4,1.4
2024-02-10T2300,3500A,116.5814,35.3707,济宁市,北湖一中,细颗粒物(PM2.5),247,204,443,197,362,67,,102,93,27,38,13,21,1.1,1.3
2024-02-10T2300,3501A,116.8249,35.5593,济宁市,服务中心,细颗粒物(PM2.5),135,186,490,103,351,75,,117,101,19,35,13,24,1.1,1.7
2024-02-10T2300,3678A,116.5907,35.4054,济宁市,市第七中学,细颗粒物(PM2.5),201,166,448,151,357,71,,107,95,21,31,18,26,1.1,1.4
2024-02-10T2300,2255A,130.2751,46.8028,佳木斯市,佳纺,细颗粒物(PM2.5),150,121,214,115,198,97,,108,106,14,28,8,15,0.9,1.3
2024-02-10T2300,2256A,130.3995,46.8307,佳木斯市,发电厂,细颗粒物(PM2.5),143,127,186,109,151,99,,100,98,18,33,19,18,0.8,1.1
2024-02-10T2300,2257A,130.3258,46.7975,佳木斯市,环保局,细颗粒物(PM2.5),220,174,340,170,314,95,,101,98,18,34,12,36,1.3,1.4
2024-02-10T2300,2258A,130.3648,46.8032,佳木斯市,十一中,细颗粒物(PM2.5),180,143,299,136,299,100,,98,97,12,35,12,32,0.8,1.1
2024-02-10T2300,2259A,130.3794,46.7588,佳木斯市,四丰,细颗粒物(PM2.5),117,135,139,88,89,115,,128,126,8,12,1,2,0.6,0.7
2024-02-10T2300,1252A,120.7436,30.778,嘉兴市,清河小学,细颗粒物(PM2.5),163,145,161,124,122,14,,93,65,60,22,6,9,0.8,0.7
2024-02-10T2300,1253A,120.726,30.7478,嘉兴市,嘉兴学院,细颗粒物(PM2.5),103,100,183,77,158,22,,102,72,53,25,6,10,1.1,0.9
2024-02-10T2300,2872A,120.7846,30.7525,嘉兴市,南湖区残联,细颗粒物(PM2.5),114,122,185,86,148,33,,108,76,47,21,7,10,0.9,0.9
2024-02-10T2300,3407A,120.6916,30.7739,嘉兴市,秀洲住建,细颗粒物(PM2.5),95,88,192,71,168,31,,93,64,33,22,9,12,0.8,0.9
2024-02-10T2300,1945A,98.2908,39.7711,嘉峪关市,气象局,,36,36,49,22,26,53,,87,68,20,14,5,11,0.2,0.2
2024-02-10T2300,2884A,98.2672,39.7978,嘉峪关市,酒钢宾馆,,17,17,39,7,18,51,,87,72,11,10,7,10,0.3,0.4
2024-02-10T2300,3248A,98.2643,39.7724,嘉峪关市,雄关区,,27,27,35,18,16,38,,85,66,30,19,6,8,0.4,0.5
2024-02-10T2300,1383A,113.1064,22.6058,江门市,北街,细颗粒物(PM2.5),102,94,49,76,43,40,,108,90,32,13,8,9,1.1,0.9
2024-02-10T2300,1384A,113.0731,22.5835,江门市,西区,细颗粒物(PM2.5),77,86,52,56,39,47,,100,84,37,14,10,10,0.5,0.6
2024-02-10T2300,1385A,113.0219,22.5311,江门市,圭峰西,细颗粒物(PM2.5),58,,41,41,35,51,,106,98,23,8,6,7,0.8,0.7
2024-02-10T2300,1386A,113.0828,22.5947,江门市,东湖,细颗粒物(PM2.5),142,129,50,108,37,27,,98,78,42,13,7,9,0.9,0.7
2024-02-10T2300,3311A,113.1075,22.5647,江门市,江海富民,,49,49,39,31,32,60,,106,94,30,13,8,8,0.6,0.6
2024-02-10T2300,3449A,113.05,22.4667,江门市,新会银湖,细颗粒物(PM2.5),80,68,46,59,38,30,,106,78,20,11,6,7,0.9,0.8
2024-02-10T2300,1828A,113.227,35.2125,焦作市,市环保局,颗粒物(PM10),77,104,188,30,111,78,,85,81,6,14,2,30,0.5,1
2024-02-10T2300,1830A,113.1992,35.2590,焦作市,影视城,,,,,,,,,,,,,,,,
2024-02-10T2300,3169A,113.2725,35.2067,焦作市,太极体育中心,颗粒物(PM10),89,128,201,47,133,80,,91,85,11,19,6,27,0.4,0.9
2024-02-10T2300,3335A,113.3137,35.2641,焦作市,马村街道办,颗粒物(PM10),77,103,177,42,121,83,,88,87,8,15,6,38,0.2,0.5
2024-02-10T2300,3336A,113.2465,35.2373,焦作市,焦作技师学院,细颗粒物(PM2.5),110,159,226,83,147,66,,83,77,17,22,11,48,0.5,1.1
2024-02-10T2300,3477A,113.1656,35.2539,焦作市,中站许衡医院,颗粒物(PM10),75,100,126,34,69,84,,90,87,5,9,3,23,0.1,0.5
2024-02-10T2300,3981A,113.2449,35.1803,焦作市,原李万街道办,颗粒物(PM10),87,124,216,36,148,78,,88,84,15,22,8,31,0.5,0.9
2024-02-10T2300,1708A,116.3701,23.5345,揭阳市,新兴,细颗粒物(PM2.5),155,118,58,118,56,70,,81,79,19,7,10,10,1.0,0.9
2024-02-10T2300,1709A,116.3264,23.5443,揭阳市,西马,细颗粒物(PM2.5),182,147,56,137,54,67,,84,81,19,6,10,9,0.9,0.7
2024-02-10T2300,1710A,116.3611,23.5626,揭阳市,东兴,细颗粒物(PM2.5),172,137,59,130,52,70,,83,79,17,6,11,9,0.8,0.8
2024-02-10T2300,1711A,116.4151,23.5294,揭阳市,渔湖,细颗粒物(PM2.5),103,135,66,77,49,65,,82,79,20,7,10,9,0.8,0.8
2024-02-10T2300,3320A,116.403,23.5699,揭阳市,曲溪,细颗粒物(PM2.5),192,174,64,144,52,58,,83,80,21,7,7,5,0.9,0.8
2024-02-10T2300,1944A,102.1692,38.5167,金昌市,天庆家园,"颗粒物(PM10),细颗粒物(PM2.5)",80,110,126,59,32,47,,86,74,24,17,14,43,0.8,0.6
2024-02-10T2300,3170A,102.1864,38.5253,金昌市,市委党校,颗粒物(PM10),95,139,164,64,43,46,,81,70,14,10,9,43,0.7,0.6
2024-02-10T2300,4022A,102.1647,38.5371,金昌市,金川区人防中心,颗粒物(PM10),71,91,158,37,43,54,,88,75,11,12,13,47,0.5,0.6
2024-02-10T2300,1262A,119.647,29.077,金华市,十五中,细颗粒物(PM2.5),119,116,120,90,96,45,,107,79,19,15,4,6,1.0,0.9
2024-02-10T2300,1263A,119.686,29.1029,金华市,监测站,细颗粒物(PM2.5),90,85,108,67,79,67,,112,92,9,11,4,6,0.7,0.8
2024-02-10T2300,3659A,119.656,29.1131,金华市,气象局,细颗粒物(PM2.5),217,206,148,167,114,15,,110,69,43,18,4,6,1.3,1
2024-02-10T2300,1767A,121.1115,41.0879,锦州市,南山,细颗粒物(PM2.5),165,127,164,125,134,79,,100,93,20,20,17,19,0.8,1.1
2024-02-10T2300,1768A,121.0533,40.8434,锦州市,开发区,细颗粒物(PM2.5),120,155,187,91,144,37,,90,73,54,22,54,39,0.9,1.1
2024-02-10T2300,1769A,121.1836,41.1119,锦州市,百股街道,细颗粒物(PM2.5),113,97,153,85,123,80,,96,90,16,21,16,20,0.8,1.1
2024-02-10T2300,1770A,121.1178,41.1222,锦州市,天安街道,细颗粒物(PM2.5),159,126,163,121,123,68,,92,85,23,24,14,16,0.9,1.1
2024-02-10T2300,1771A,121.1303,41.1386,锦州市,北湖公园,细颗粒物(PM2.5),147,,121,112,106,77,,92,88,20,19,17,19,0.9,0.9
2024-02-10T2300,2160A,112.85,35.5051,晋城市,自来水公司,颗粒物(PM10),79,107,156,27,102,84,,90,86,8,20,3,14,0.7,1.2
2024-02-10T2300,2161A,112.8318,35.4936,晋城市,白云商贸,颗粒物(PM10),88,125,153,29,86,84,,92,89,14,22,6,12,0.4,0.9
2024-02-10T2300,2162A,112.8508,35.4887,晋城市,市环保局,颗粒物(PM10),83,115,165,34,103,83,,91,88,14,26,4,12,0.5,1.1
2024-02-10T2300,2163A,112.8676,35.4897,晋城市,技术学院,颗粒物(PM10),82,113,165,27,101,85,,91,88,13,28,4,14,0.5,1.1
2024-02-10T2300,2165A,112.8453,35.546,晋城市,白马寺,,,,,,,,,,,,,,,,
2024-02-10T2300,3620A,112.8271,35.4828,晋城市,泽州一中,颗粒物(PM10),72,93,129,19,72,86,,91,90,11,21,5,11,0.6,1
2024-02-10T2300,2171A,112.7532,37.6945,晋中市,锦纶小区,颗粒物(PM10),111,171,216,73,148,57,,86,77,22,22,27,33,1.2,0.8
2024-02-10T2300,2173A,112.7249,37.7067,晋中市,南都小区,颗粒物(PM10),127,203,299,84,133,59,,84,76,23,31,23,54,0.5,0.9
2024-02-10T2300,2174A,112.6991,37.6982,晋中市,榆次区政府,颗粒物(PM10),99,147,289,47,183,58,,84,77,18,30,22,42,0.5,1
2024-02-10T2300,2865A,112.7195,37.6828,晋中市,榆次三中,颗粒物(PM10),109,168,214,68,160,55,,87,79,19,25,37,41,1.3,0.9
2024-02-10T2300,2439A,112.2014,31.0481,荆门市,竹园小学,细颗粒物(PM2.5),204,203,190,154,153,11,,69,49,40,24,10,11,1.1,1.1
2024-02-10T2300,2440A,112.1969,30.9891,荆门市,掇刀,细颗粒物(PM2.5),209,196,177,159,140,9,,76,52,47,19,10,10,1.0,1
2024-02-10T2300,2441A,112.2213,31.0386,荆门市,石化一小,细颗粒物(PM2.5),229,228,195,179,150,17,,76,56,49,25,15,19,1.3,1.1
2024-02-10T2300,3012A,112.1849,31.0362,荆门市,西山林语,细颗粒物(PM2.5),169,153,152,128,121,33,,73,57,22,17,12,15,0.8,0.8
2024-02-10T2300,3547A,112.1632,31.0138,荆门市,龙泉中学南校,细颗粒物(PM2.5),206,172,161,156,143,52,,76,69,24,20,11,12,0.9,1
2024-02-10T2300,1844A,112.2494,30.3197,荆州市,市图书馆,细颗粒物(PM2.5),220,188,172,170,171,30,,68,60,39,17,12,12,1.2,1.1
2024-02-10T2300,1845A,112.2008,30.3544,荆州市,市委党校,细颗粒物(PM2.5),240,,181,190,182,32,,69,61,36,20,9,13,0.9,0.8
2024-02-10T2300,3194A,112.2747,30.3122,荆州市,管委会,细颗粒物(PM2.5),282,,157,232,175,36,,70,61,28,15,10,13,1.1,1.1
2024-02-10T2300,3548A,112.1655,30.3364,荆州市,学苑路,细颗粒物(PM2.5),218,,169,168,180,47,,65,60,26,19,7,10,1.2,1.1
2024-02-10T2300,2342A,117.3102,29.3867,景德镇市,王港中学,细颗粒物(PM2.5),138,130,137,105,112,16,,94,56,5,5,4,21,0.4,0.5
2024-02-10T2300,2343A,117.2117,29.2933,景德镇市,老干部活动中心,细颗粒物(PM2.5),124,143,156,94,130,27,,76,52,16,11,5,13,0.7,0.7
2024-02-10T2300,2344A,117.1894,29.2789,景德镇市,兽医站,细颗粒物(PM2.5),202,188,176,152,142,38,,89,64,12,12,6,18,0.8,0.8
2024-02-10T2300,2345A,117.1547,29.2617,景德镇市,台达陶瓷,细颗粒物(PM2.5),210,188,188,160,158,16,,280,244,22,16,4,13,0.9,0.9
2024-02-10T2300,2346A,117.2461,29.2956,景德镇市,陶研所,细颗粒物(PM2.5),119,100,134,90,112,24,,72,49,12,16,4,12,0.7,0.9
2024-02-10T2300,1803A,115.9872,29.6815,九江市,十里,细颗粒物(PM2.5),183,155,140,138,118,40,,97,69,25,22,9,12,0.9,0.9
2024-02-10T2300,1804A,115.9584,29.7046,九江市,茅山头,细颗粒物(PM2.5),255,251,128,205,111,16,,80,52,57,31,14,14,1.2,1
2024-02-10T2300,1805A,115.9877,29.7295,九江市,西园,细颗粒物(PM2.5),160,142,135,122,117,61,,76,73,25,23,8,11,0.9,1
2024-02-10T2300,1806A,116.0172,29.6547,九江市,五七二七厂,细颗粒物(PM2.5),68,53,68,49,52,70,,74,62,11,13,8,12,0.7,0.8
2024-02-10T2300,1808A,115.9114,29.6038,九江市,综合工业园,细颗粒物(PM2.5),59,64,102,42,84,45,,91,79,20,16,11,15,0.6,0.8
2024-02-10T2300,1809A,116.0721,29.7535,九江市,石化总厂,细颗粒物(PM2.5),200,172,208,150,170,89,,92,91,11,15,13,19,1.1,1
2024-02-10T2300,1810A,115.9773,29.5698,九江市,庐山气象台,,38,29,25,26,20,87,,98,87,3,3,7,7,1.2,0.9
2024-02-10T2300,3190A,116.0254,29.6994,九江市,外国语学校,细颗粒物(PM2.5),166,137,154,126,134,60,,71,70,23,27,10,14,1.0,0.9
2024-02-10T2300,2658A,98.5061,39.7443,酒泉市,仓门街子站,细颗粒物(PM2.5),57,58,54,40,29,46,,79,64,13,10,7,9,0.4,0.4
2024-02-10T2300,2659A,98.4989,39.7256,酒泉市,油田生活基地,细颗粒物(PM2.5),53,46,56,37,33,50,,83,66,9,9,7,10,0.4,0.4
2024-02-10T2300,2698A,76.0072,39.4467,喀什地区,巡警大队,细颗粒物(PM2.5),123,137,143,93,80,34,,100,88,95,49,20,16,3.0,2.2
2024-02-10T2300,2699A,75.9755,39.4694,喀什地区,吾办,细颗粒物(PM2.5),95,123,150,71,107,19,,93,80,100,57,10,7,2.4,2.3
2024-02-10T2300,4027A,75.9483,39.4689,喀什地区,老干局,细颗粒物(PM2.5),168,145,179,127,96,22,,99,89,104,48,6,5,4.8,3.4
2024-02-10T2300,1824A,114.3389,34.7781,开封市,肿瘤医院,细颗粒物(PM2.5),127,191,317,96,206,62,,94,74,15,28,6,32,0.5,0.8
2024-02-10T2300,1826A,114.2885,34.7965,开封市,世纪星幼儿园,细颗粒物(PM2.5),117,172,308,88,256,71,,102,83,7,21,6,42,0.4,0.7
2024-02-10T2300,3147A,114.3438,34.8106,开封市,龙亭公园,颗粒物(PM10),103,156,289,54,132,62,,96,78,13,29,7,26,0.1,0.7
2024-02-10T2300,3210A,114.3644,34.7964,开封市,汴京公园,颗粒物(PM10),132,213,340,98,269,56,,95,68,19,31,8,28,0.5,0.8
2024-02-10T2300,3473A,114.2485,34.8306,开封市,技师学院,颗粒物(PM10),86,121,230,44,179,66,,105,94,6,16,2,18,0.5,0.8
2024-02-10T2300,3592A,114.4644,34.7556,开封市,祥符区生态环境局,细颗粒物(PM2.5),124,159,306,94,241,63,,97,82,16,23,11,43,0.4,0.7
2024-02-10T2300,1951A,84.895,45.6094,克拉玛依市,长征新村,细颗粒物(PM2.5),102,105,156,76,111,78,,92,90,42,39,10,26,1.0,1
2024-02-10T2300,1952A,84.8988,45.5893,克拉玛依市,南林小区,细颗粒物(PM2.5),109,109,196,82,162,78,,94,93,41,47,5,19,1.1,1.2
2024-02-10T2300,1954A,84.905,44.3396,克拉玛依市,独山子区,细颗粒物(PM2.5),238,234,219,188,180,64,,124,105,71,42,6,9,1.1,1.1
2024-02-10T2300,1955A,85.6979,46.098,克拉玛依市,乌尔禾区商贸楼,细颗粒物(PM2.5),93,90,131,69,106,81,,104,102,45,39,7,10,1.0,1.2
2024-02-10T2300,3612A,85.1045,45.6899,克拉玛依市,白碱滩区新站,细颗粒物(PM2.5),90,102,147,67,101,89,,93,93,34,33,11,22,1.0,0.9
2024-02-10T2300,2697A,76.1454,39.7142,克孜勒苏柯尔克孜自治州,市人民政府,颗粒物(PM10),61,71,63,42,39,65,,100,95,35,12,6,6,1.3,0.7
2024-02-10T2300,3665A,76.1658,39.7157,克孜勒苏柯尔克孜自治州,克州文化中心,细颗粒物(PM2.5),77,84,70,56,39,62,,100,94,41,14,8,8,1.4,0.7
2024-02-10T2300,1450A,102.8204,24.8886,昆明市,呈贡新区,细颗粒物(PM2.5),90,80,53,67,44,58,,92,77,18,10,6,10,0.8,0.9
2024-02-10T2300,1451A,102.6251,24.9608,昆明市,西山森林公园,,35,35,45,18,37,100,,102,102,6,9,8,11,1.1,1.3
2024-02-10T2300,1452A,102.7252,25.0902,昆明市,龙泉镇,细颗粒物(PM2.5),133,142,60,101,45,32,,95,71,38,14,17,16,0.7,0.7
2024-02-10T2300,1453A,102.7266,25.0375,昆明市,东风东路,细颗粒物(PM2.5),102,100,50,76,42,41,,88,74,42,15,18,16,0.9,0.9
2024-02-10T2300,1454A,102.6742,25.0669,昆明市,金鼎山,颗粒物(PM10),147,244,71,109,48,63,,95,81,26,13,14,13,0.9,0.9
2024-02-10T2300,1455A,102.6644,25.0401,昆明市,碧鸡广场,细颗粒物(PM2.5),109,92,54,82,48,51,,91,74,28,13,13,15,0.8,0.8
2024-02-10T2300,3179A,102.7494,25.0119,昆明市,官渡区博物馆,细颗粒物(PM2.5),92,117,50,68,36,16,,88,68,58,15,14,12,1.0,0.9
2024-02-10T2300,3375A,102.8017,24.8336,昆明市,青年创业园,细颗粒物(PM2.5),67,60,43,48,36,57,,94,84,11,8,11,13,0.7,0.8
2024-02-10T2300,3550A,102.7997,24.9786,昆明市,昆明学院,,49,46,44,34,32,69,,88,83,12,7,16,12,0.7,0.8
2024-02-10T2300,3551A,102.5967,24.6736,昆明市,晋宁区生态环境分局,细颗粒物(PM2.5),160,240,86,122,57,45,,96,78,30,11,13,14,1.1,0.9
2024-02-10T2300,3552A,102.6678,24.9856,昆明市,云天化总部,细颗粒物(PM2.5),135,125,66,103,55,61,,90,77,20,12,8,13,1.0,1
2024-02-10T2300,1456A,91.1319,29.6514,拉萨市,八廓街,,35,30,16,24,12,53,,96,86,30,12,8,6,0.7,0.3
2024-02-10T2300,1457A,91.1221,29.6747,拉萨市,市环保局,细颗粒物(PM2.5),95,86,31,71,24,33,,95,77,46,14,14,10,1.9,0.7
2024-02-10T2300,1458A,91.0874,29.6475,拉萨市,区监测站,,20,20,14,14,11,59,,96,87,24,8,5,5,0.7,0.5
2024-02-10T2300,1459A,91.1774,29.6541,拉萨市,西藏大学,,26,25,12,18,8,71,,96,90,13,5,5,4,0.5,0.3
2024-02-10T2300,1460A,90.9798,29.6588,拉萨市,区辐射站,,39,31,15,27,13,65,,93,83,20,11,7,6,0.9,0.6
2024-02-10T2300,1461A,91.0834,29.6292,拉萨市,拉萨火车站,,24,22,16,13,13,74,,96,92,13,9,5,4,0.8,0.5
2024-02-10T2300,2520A,109.2203,23.7256,来宾市,来宾技工学校,细颗粒物(PM2.5),286,301,99,236,88,25,,91,73,33,11,11,11,1.8,1
2024-02-10T2300,3535A,109.1781,23.7297,来宾市,兴宾区政府,细颗粒物(PM2.5),176,165,75,133,64,52,,93,84,29,10,15,11,1.3,0.9
2024-02-10T2300,4002A,109.2416,23.7461,来宾市,中南小学,细颗粒物(PM2.5),327,410,119,277,98,7,,91,62,50,15,7,10,2.2,1.2
2024-02-10T2300,1476A,103.631,36.1031,兰州市,兰炼宾馆,细颗粒物(PM2.5),179,177,221,135,110,7,,83,46,73,41,23,27,1.3,0.8
2024-02-10T2300,1477A,104.1373,35.9454,兰州市,榆中兰大校区,,,,,,,,,,,,,,,,
2024-02-10T2300,1478A,103.8412,36.0726,兰州市,生物制品所,颗粒物(PM10),79,107,207,52,85,21,,69,52,46,37,11,18,0.9,0.9
2024-02-10T2300,1479A,103.831,36.0464,兰州市,铁路设计院,细颗粒物(PM2.5),139,147,192,106,97,4,,59,34,85,59,28,27,1.7,1.2
2024-02-10T2300,3186A,103.7158,36.1058,兰州市,教育港,细颗粒物(PM2.5),110,163,194,83,73,12,,75,46,59,41,15,17,1.0,0.8
2024-02-10T2300,3241A,103.7439,36.0842,兰州市,百合公园,细颗粒物(PM2.5),160,181,184,122,86,5,,66,40,72,45,11,15,1.6,1.1
2024-02-10T2300,3242A,103.9611,35.998,兰州市,和平,细颗粒物(PM2.5),58,50,148,41,72,61,,82,76,14,22,9,20,0.5,0.9
2024-02-10T2300,3245A,103.6633,36.533,兰州新区,新区管委会,颗粒物(PM10),80,110,182,42,51,34,,84,68,16,15,15,16,0.8,0.7
2024-02-10T2300,3246A,103.6975,36.4789,兰州新区,舟曲中学,颗粒物(PM10),107,163,221,42,41,55,,85,76,19,15,21,15,0.9,0.6
2024-02-10T2300,1067A,116.6708,39.5111,廊坊市,药材公司,细颗粒物(PM2.5),77,84,45,56,29,76,,91,81,10,7,6,3,0.5,0.3
2024-02-10T2300,1068A,116.7214,39.5589,廊坊市,开发区,细颗粒物(PM2.5),72,70,32,52,24,76,,86,79,11,7,6,3,0.4,0.3
2024-02-10T2300,1070A,116.7244,39.5269,廊坊市,北华航天学院,颗粒物(PM10),63,76,41,43,20,83,,93,86,14,9,11,4,0.4,0.3
2024-02-10T2300,2919A,116.7022,39.5453,廊坊市,河北工业大学,细颗粒物(PM2.5),80,90,41,59,29,76,,89,82,16,10,6,3,0.4,0.3
2024-02-10T2300,2535A,103.7723,29.5462,乐山市,花湖湾,细颗粒物(PM2.5),150,160,152,115,134,58,,98,94,31,12,10,8,0.7,0.6
2024-02-10T2300,2536A,103.7627,29.5844,乐山市,牛耳桥,细颗粒物(PM2.5),179,156,168,135,155,17,,86,55,44,29,8,8,1.0,0.9
2024-02-10T2300,2537A,103.7508,29.6006,乐山市,市第三水厂,细颗粒物(PM2.5),225,224,234,175,207,8,,88,56,56,32,8,9,1.1,1
2024-02-10T2300,2538A,103.7571,29.5664,乐山市,市监测站,细颗粒物(PM2.5),134,134,160,102,136,16,,92,80,62,22,9,10,1.1,0.6
2024-02-10T2300,3361A,103.7311,29.5628,乐山市,理工大学,细颗粒物(PM2.5),127,104,184,96,173,63,,99,90,25,19,8,9,0.8,0.9
2024-02-10T2300,2598A,100.2143,26.8576,丽江市,西南郊,,,,,,,,,,,,,,,,
2024-02-10T2300,2599A,100.2497,26.8802,丽江市,丽江古城,细颗粒物(PM2.5),62,62,82,44,63,60,,93,85,18,19,8,8,0.7,0.6
2024-02-10T2300,2600A,100.2203,26.8906,丽江市,市中心,细颗粒物(PM2.5),54,53,55,38,37,65,,92,83,17,16,12,15,0.9,0.7
2024-02-10T2300,1267A,119.914,28.4514,丽水市,监测站大楼,细颗粒物(PM2.5),102,110,103,76,87,28,,67,47,16,12,6,5,0.6,0.7
2024-02-10T2300,1268A,119.93,28.4586,丽水市,莲都小学,细颗粒物(PM2.5),82,78,93,60,71,39,,75,64,15,9,5,6,0.5,0.6
2024-02-10T2300,1269A,119.879,28.4231,丽水市,余庄前,细颗粒物(PM2.5),63,50,86,45,77,18,,74,48,6,7,4,4,0.5,0.6
2024-02-10T2300,1173A,119.176,34.5885,连云港市,市环境监测站,细颗粒物(PM2.5),279,244,228,229,211,95,,114,107,32,29,14,15,1.6,1.4
2024-02-10T2300,3000A,119.3581,34.6972,连云港市,德源药业,细颗粒物(PM2.5),269,241,200,219,181,67,,132,109,30,24,10,13,1.4,1.2
2024-02-10T2300,3007A,119.178,34.844,连云港市,新城一中,细颗粒物(PM2.5),311,281,253,261,246,74,,131,104,34,25,13,17,1.6,1.4
2024-02-10T2300,3008A,119.3608,34.7519,连云港市,胡沟管理处,细颗粒物(PM2.5),252,249,217,202,182,42,,108,70,74,34,17,19,1.3,1.1
2024-02-10T2300,3009A,119.1478,34.5911,连云港市,矿山设计院,细颗粒物(PM2.5),299,295,256,249,212,68,,110,99,43,22,19,17,1.6,1.2
2024-02-10T2300,3434A,119.2413,34.6539,连云港市,工贸学校,细颗粒物(PM2.5),247,244,245,197,200,84,,126,109,20,25,12,25,1.2,1.3
2024-02-10T2300,3664A,119.4172,34.7341,连云港市,连云街道,细颗粒物(PM2.5),247,245,191,197,152,40,,110,84,85,32,32,29,1.6,1.5
2024-02-10T2300,2571A,102.3431,27.8099,凉山彝族自治州,青龙寺,,20,17,16,5,5,61,,93,79,5,4,5,5,0.7,0.7
2024-02-10T2300,2572A,102.2721,27.8415,凉山彝族自治州,邛海宾馆,,22,,17,13,12,68,,88,78,6,6,10,9,0.6,0.7
2024-02-10T2300,2573A,102.2625,27.898,凉山彝族自治州,西昌市政府,,25,10,15,7,10,77,,97,88,3,4,7,8,0.6,0.6
2024-02-10T2300,2574A,102.2685,27.8851,凉山彝族自治州,凉山州政府,,21,15,19,12,13,65,,88,78,7,6,6,8,0.6,0.6
2024-02-10T2300,2575A,102.237,27.8914,凉山彝族自治州,长安,,22,19,19,14,12,69,,94,85,6,5,10,12,0.7,0.7
2024-02-10T2300,2212A,123.2,41.1953,辽阳市,宏伟区,细颗粒物(PM2.5),99,,679,74,560,64,,76,65,13,32,16,92,1.1,2
2024-02-10T2300,2213A,123.1683,41.2495,辽阳市,新华园,细颗粒物(PM2.5),180,147,651,136,552,23,,75,45,46,46,24,79,1.9,2.2
2024-02-10T2300,2214A,123.2354,41.2639,辽阳市,滨河路,细颗粒物(PM2.5),110,,379,83,380,56,,77,66,18,30,21,26,1.4,1.6
2024-02-10T2300,2215A,123.149,41.2991,辽阳市,铁西工业园,细颗粒物(PM2.5),203,155,544,153,554,22,,82,56,44,39,19,35,2.0,2.5
2024-02-10T2300,2227A,125.1358,42.8845,辽源市,环保局,细颗粒物(PM2.5),190,159,407,143,365,33,,91,76,37,34,10,43,1.8,1.4
2024-02-10T2300,3239A,125.0764,42.9078,辽源市,银鹰制药,细颗粒物(PM2.5),182,155,268,137,240,72,,96,87,18,23,11,13,1.1,1.3
2024-02-10T2300,1625A,115.9848,36.4372,聊城市,区政府,细颗粒物(PM2.5),205,190,237,155,202,40,,98,78,44,24,14,14,1.0,1.2
2024-02-10T2300,2878A,116.0072,36.4343,聊城市,聊大东校,细颗粒物(PM2.5),89,85,245,66,214,78,,105,96,17,22,14,18,0.7,1.2
2024-02-10T2300,3200A,115.9819,36.4978,聊城市,监控中心,细颗粒物(PM2.5),156,140,289,119,248,44,,103,88,42,26,25,19,1.4,1.4
2024-02-10T2300,3513A,116.0445,36.4361,聊城市,九州社区,细颗粒物(PM2.5),112,115,287,84,235,84,,102,96,16,22,22,26,0.6,1.1
2024-02-10T2300,4018A,116.0567,36.4608,聊城市,星美广场,细颗粒物(PM2.5),132,135,285,100,227,59,,99,87,21,21,9,17,0.8,1.2
2024-02-10T2300,2632A,94.3681,29.6376,林芝市,林芝监测站,,25,,13,10,8,77,,91,88,3,2,4,6,0.4,0.3
2024-02-10T2300,2633A,94.3616,29.6616,林芝市,林芝人民医院,,24,14,9,11,7,74,,88,85,6,3,10,9,0.6,0.4
2024-02-10T2300,2603A,100.0781,23.8982,临沧市,市环保局,细颗粒物(PM2.5),72,,71,52,61,55,,64,59,7,8,7,16,0.6,0.6
2024-02-10T2300,2604A,100.0894,23.8822,临沧市,市气象局,细颗粒物(PM2.5),62,51,88,44,73,50,,60,55,8,10,7,17,0.7,0.6
2024-02-10T2300,1733A,111.5531,36.0783,临汾市,临钢医院,颗粒物(PM10),103,156,287,58,184,41,,84,76,16,19,7,11,0.5,1.1
2024-02-10T2300,1734A,111.5028,36.0714,临汾市,技工学校,颗粒物(PM10),115,180,350,78,263,41,,89,80,40,25,10,16,0.5,1.2
2024-02-10T2300,1736A,111.5018,36.0855,临汾市,市委,细颗粒物(PM2.5),160,250,338,122,238,43,,93,84,29,21,9,14,0.6,1.3
2024-02-10T2300,3018A,111.505,36.1014,临汾市,唐尧大酒店,颗粒物(PM10),108,165,298,67,232,45,,90,83,29,28,11,17,0.6,1.3
2024-02-10T2300,3668A,111.5036,36.0414,临汾市,城南,颗粒物(PM10),103,156,326,57,244,56,,92,84,14,23,9,13,0.6,1.4
2024-02-10T2300,2667A,103.2069,35.5993,临夏回族自治州,环保局,颗粒物(PM10),56,61,83,29,43,28,,76,54,28,29,22,22,1.6,1.7
2024-02-10T2300,2668A,103.2417,35.6057,临夏回族自治州,建设大厦,细颗粒物(PM2.5),59,61,49,42,27,36,,82,58,17,16,16,16,1.1,0.9
2024-02-10T2300,1618A,118.3429,35.0532,临沂市,沂河小区,细颗粒物(PM2.5),239,205,337,189,320,74,,116,95,22,31,19,25,1.3,1.5
2024-02-10T2300,1619A,118.295,35.0583,临沂市,鲁南制药厂,细颗粒物(PM2.5),236,205,342,186,328,79,,128,102,24,36,21,39,1.7,2.1
2024-02-10T2300,1620A,118.2794,34.9976,临沂市,新光毛纺厂,细颗粒物(PM2.5),227,195,327,177,297,82,,125,107,18,34,12,22,1.3,1.8
2024-02-10T2300,1621A,118.3956,35.0888,临沂市,河东保险公司,细颗粒物(PM2.5),242,224,390,192,348,81,,130,109,24,38,16,20,1.6,1.9
2024-02-10T2300,3370A,118.3564,35.0215,临沂市,十里堡居委,细颗粒物(PM2.5),225,207,363,175,316,76,,127,102,34,40,20,33,1.7,1.9
2024-02-10T2300,3496A,118.3604,35.1084,临沂市,南坊新区,细颗粒物(PM2.5),230,219,330,180,288,84,,133,116,29,34,20,21,1.6,1.7
2024-02-10T2300,3860A,118.3920,35.0300,临沂市,皇山花园小区,细颗粒物(PM2.5),222,227,341,172,261,79,,126,99,23,34,20,27,1.5,1.8
2024-02-10T2300,1870A,109.4856,24.3895,柳州市,柳东小学,细颗粒物(PM2.5),74,64,64,54,60,56,,81,78,18,9,9,15,0.7,0.5
2024-02-10T2300,1871A,109.4157,24.3277,柳州市,环保监测站,细颗粒物(PM2.5),160,146,94,122,81,4,,76,50,54,17,9,12,1.3,0.7
2024-02-10T2300,1872A,109.389,24.341,柳州市,河西水厂,细颗粒物(PM2.5),203,213,99,153,70,17,,74,55,24,16,7,14,0.8,0.7
2024-02-10T2300,1873A,109.4311,24.2921,柳州市,市四中,,,340,102,,69,11,,78,48,46,18,9,8,1.8,0.7
2024-02-10T2300,1874A,109.4006,24.3631,柳州市,市九中,细颗粒物(PM2.5),216,214,121,166,88,7,,73,47,43,17,5,11,1.0,0.8
2024-02-10T2300,1875A,109.4958,24.3134,柳州市,古亭山,细颗粒物(PM2.5),58,50,52,41,42,35,,73,58,15,7,6,9,0.8,0.7
2024-02-10T2300,3402A,109.5422,24.3996,柳州市,市二中,细颗粒物(PM2.5),77,71,64,56,51,20,,74,,25,9,7,9,0.8,0.7
2024-02-10T2300,2307A,116.5079,31.737,六安市,监测大楼,细颗粒物(PM2.5),88,76,58,65,59,92,,94,92,10,11,6,7,0.8,0.8
2024-02-10T2300,2308A,116.4738,31.7643,六安市,皖西学院,细颗粒物(PM2.5),80,74,69,59,62,85,,96,92,12,12,4,6,0.7,0.7
2024-02-10T2300,2309A,116.4996,31.7905,六安市,朝阳厂,细颗粒物(PM2.5),97,78,61,72,61,87,,93,90,8,8,7,7,0.8,0.6
2024-02-10T2300,2310A,116.5567,31.7886,六安市,开发区,细颗粒物(PM2.5),83,103,97,61,72,85,,93,88,14,13,6,6,0.8,0.7
2024-02-10T2300,2576A,104.8,26.5892,六盘水市,窑上,,,,,,,,,,,,,,,,
2024-02-10T2300,2577A,104.83,26.5917,六盘水市,黄土坡,细颗粒物(PM2.5),77,73,54,56,44,60,,101,85,14,10,16,15,0.5,0.5
2024-02-10T2300,2578A,104.89,26.5939,六盘水市,水钢,颗粒物(PM10),53,56,55,33,39,86,,105,102,12,20,12,30,0.4,1.3
2024-02-10T2300,2579A,104.8475,26.5894,六盘水市,民中,细颗粒物(PM2.5),107,93,68,80,61,21,,102,80,54,20,44,19,1.2,0.6
2024-02-10T2300,2580A,104.9544,26.5506,六盘水市,双水,,50,48,66,35,50,79,,104,98,10,12,11,14,0.4,0.6
2024-02-10T2300,2335A,117.0189,25.1181,龙岩市,龙岩师专,,,,,,,,,,,,,,,,
2024-02-10T2300,2336A,117.0217,25.1033,龙岩市,龙岩市监测站,细颗粒物(PM2.5),67,64,49,48,43,28,,81,58,14,5,4,17,0.4,0.4
2024-02-10T2300,2337A,117.0258,25.0661,龙岩市,闽西职业技术学院,细颗粒物(PM2.5),59,,44,42,42,44,,81,64,3,3,3,14,0.4,0.5
2024-02-10T2300,2338A,117.0196,25.0306,龙岩市,龙岩学院,,45,38,42,31,32,34,,73,58,6,5,4,10,0.5,0.6
2024-02-10T2300,2665A,105.0822,33.3261,陇南市,汉王镇固水子,,,,,,,,,,,,,,,,
2024-02-10T2300,2885A,104.9339,33.3826,陇南市,滨江中学,细颗粒物(PM2.5),176,135,167,133,130,10,,72,43,51,29,27,35,2.4,1.1
2024-02-10T2300,3247A,104.955,33.371,陇南市,市总工会,细颗粒物(PM2.5),62,58,116,44,83,58,,82,74,13,17,6,21,0.6,0.7
2024-02-10T2300,2487A,111.9589,27.8901,娄底市,电视发射台,细颗粒物(PM2.5),168,150,122,127,99,40,,66,55,13,11,5,8,1.4,1.2
2024-02-10T2300,2488A,111.9975,27.725,娄底市,市监测站,细颗粒物(PM2.5),216,193,503,166,426,48,,87,82,30,34,21,22,1.2,2.8
2024-02-10T2300,2489A,112.0194,27.7314,娄底市,市委党校,细颗粒物(PM2.5),204,179,425,154,355,46,,75,72,20,28,10,13,0.8,1.9
2024-02-10T2300,2490A,111.9561,27.7569,娄底市,涟钢,细颗粒物(PM2.5),238,233,414,188,349,20,,60,54,25,28,6,17,1.4,2.1
2024-02-10T2300,2491A,111.9892,27.7044,娄底市,市政府,细颗粒物(PM2.5),314,306,425,264,341,25,,76,65,25,20,9,12,1.1,1.5
2024-02-10T2300,1893A,105.4324,28.9634,泸州市,九狮山,细颗粒物(PM2.5),105,100,162,79,113,29,,98,82,9,10,5,9,0.4,0.4
2024-02-10T2300,1894A,105.4427,28.9063,泸州市,小市上码头,细颗粒物(PM2.5),117,92,89,88,96,64,,91,88,27,14,6,9,0.8,0.7
2024-02-10T2300,1895A,105.4241,28.8573,泸州市,兰田宪桥,细颗粒物(PM2.5),108,106,130,81,111,57,,90,83,24,18,5,7,0.6,0.7
2024-02-10T2300,1896A,105.4379,28.8833,泸州市,市环监站,细颗粒物(PM2.5),119,106,118,90,101,57,,89,86,31,13,5,7,0.7,0.7
2024-02-10T2300,3490A,105.3617,28.7703,泸州市,纳溪区环保局,细颗粒物(PM2.5),128,131,143,97,107,32,,90,74,25,18,6,7,1.1,1
2024-02-10T2300,2183A,111.1406,37.5211,吕梁市,环保局,颗粒物(PM10),177,303,183,121,101,38,,76,58,25,20,5,8,0.4,0.6
2024-02-10T2300,2185A,111.1297,37.5136,吕梁市,自来水公司,细颗粒物(PM2.5),209,259,209,159,134,37,,82,66,27,23,15,14,0.5,0.7
2024-02-10T2300,2867A,111.1283,37.51,吕梁市,马茂庄小学,细颗粒物(PM2.5),193,316,217,145,119,19,,79,61,40,23,4,11,0.4,0.5
2024-02-10T2300,1812A,112.3931,34.6516,洛阳市,市委党校,细颗粒物(PM2.5),243,322,308,193,218,19,,80,61,48,26,31,32,0.8,0.7
2024-02-10T2300,1814A,112.4657,34.6871,洛阳市,豫西宾馆,细颗粒物(PM2.5),179,302,298,135,174,39,,88,76,38,32,18,30,0.4,0.4
2024-02-10T2300,1815A,112.494,34.6886,洛阳市,河南林校,细颗粒物(PM2.5),188,261,289,141,194,38,,92,80,40,25,16,24,1.0,1
2024-02-10T2300,1816A,112.3844,34.623,洛阳市,开发区管委会,颗粒物(PM10),124,197,233,79,147,57,,86,80,12,13,7,30,0.5,0.7
2024-02-10T2300,1817A,112.4267,34.6258,洛阳市,市委新办公区,细颗粒物(PM2.5),221,269,238,171,185,40,,87,76,32,19,11,18,0.6,0.8
2024-02-10T2300,3340A,112.6005,34.6326,洛阳市,伊滨,颗粒物(PM10),124,198,306,82,182,56,,90,81,14,19,7,18,0.7,0.7
2024-02-10T2300,3341A,112.4951,34.6332,洛阳市,中移产业园,细颗粒物(PM2.5),237,282,266,187,194,37,,89,76,42,21,16,27,1.0,0.8
2024-02-10T2300,3593A,112.5736,34.8993,洛阳市,吉利监测站,颗粒物(PM10),116,182,118,79,61,33,,89,76,31,11,7,7,0.7,0.5
2024-02-10T2300,3635A,112.3677,34.662,洛阳市,河科大西苑校区,颗粒物(PM10),154,258,298,111,187,22,,85,62,40,30,22,32,0.2,0.4
2024-02-10T2300,3636A,112.4388,34.6781,洛阳市,英才小学,细颗粒物(PM2.5),176,278,308,133,204,48,,89,78,23,24,22,31,0.7,0.8
2024-02-10T2300,2399A,114.051,33.5699,漯河市,三五一五工厂,颗粒物(PM10),124,198,196,92,180,75,,84,78,14,20,10,16,0.5,0.8
2024-02-10T2300,2400A,114.0055,33.5698,漯河市,漯河大学,颗粒物(PM10),110,169,160,78,143,79,,86,84,3,6,8,14,0.6,0.9
2024-02-10T2300,2401A,114.0138,33.5828,漯河市,市水利局,颗粒物(PM10),124,197,186,88,155,75,,85,78,11,13,11,17,0.5,0.9
2024-02-10T2300,2402A,114.0261,33.5698,漯河市,市广电局,颗粒物(PM10),130,210,184,97,148,65,,84,75,23,15,6,12,0.8,1
2024-02-10T2300,3478A,113.9749,33.5664,漯河市,市图书馆,颗粒物(PM10),109,168,168,68,140,83,,85,84,12,15,12,17,0.3,0.7
2024-02-10T2300,3479A,114.0967,33.5906,漯河市,召陵区卫健委,细颗粒物(PM2.5),155,233,218,118,182,74,,87,84,9,15,10,18,0.4,0.8
2024-02-10T2300,1798A,118.5092,31.6837,马鞍山市,湖东路四小,细颗粒物(PM2.5),133,166,136,101,99,64,,111,86,42,25,18,16,1.1,1.1
2024-02-10T2300,1799A,118.5024,31.6449,马鞍山市,开发区,细颗粒物(PM2.5),192,195,123,144,109,45,,112,84,50,27,11,11,0.8,0.9
2024-02-10T2300,1800A,118.5228,31.7231,马鞍山市,慈湖,细颗粒物(PM2.5),138,114,119,105,104,72,,106,89,35,29,15,14,1.1,0.9
2024-02-10T2300,1802A,118.6245,31.7241,马鞍山市,濮塘,细颗粒物(PM2.5),97,105,73,72,52,79,,102,92,19,14,14,11,1.1,0.8
2024-02-10T2300,3633A,118.4918,31.6809,马鞍山市,雨山,细颗粒物(PM2.5),120,127,131,91,104,74,,113,93,37,26,20,17,0.7,1
2024-02-10T2300,1686A,111.0286,21.4688,茂名市,电白南海,细颗粒物(PM2.5),195,183,124,146,94,30,,75,58,32,15,13,21,1.2,1
2024-02-10T2300,1687A,110.9294,21.6533,茂名市,茂石化七小,细颗粒物(PM2.5),156,141,85,119,75,27,,76,62,35,13,13,18,1.4,1.3
2024-02-10T2300,1688A,110.9107,21.6687,茂名市,健康路,细颗粒物(PM2.5),122,122,77,92,63,23,,71,58,36,12,11,18,1.3,1.1
2024-02-10T2300,1689A,110.8592,21.6828,茂名市,高岭,细颗粒物(PM2.5),185,161,84,139,74,26,,67,56,32,11,16,21,1.0,0.8
2024-02-10T2300,3450A,111.01,21.5165,茂名市,电白水东,细颗粒物(PM2.5),228,222,91,178,77,39,,78,72,26,10,10,13,1.3,0.9
2024-02-10T2300,2539A,104.0308,30.0478,眉山市,黑龙滩水库,细颗粒物(PM2.5),79,75,78,58,58,94,,118,109,5,4,3,6,0.7,0.7
2024-02-10T2300,2540A,103.8416,30.0874,眉山市,气象局,细颗粒物(PM2.5),175,153,178,132,168,35,,109,96,37,20,10,19,1.0,0.9
2024-02-10T2300,3137A,103.8578,30.0744,眉山市,市委党校,细颗粒物(PM2.5),119,114,161,90,138,30,,98,78,65,24,6,10,1.0,0.8
2024-02-10T2300,3148A,103.8291,30.0564,眉山市,区人社局,细颗粒物(PM2.5),140,131,171,107,175,18,,98,74,63,36,5,12,0.9,0.8
2024-02-10T2300,1690A,116.1231,24.3284,梅州市,梅江月梅,细颗粒物(PM2.5),107,94,63,80,61,33,,76,60,9,5,10,12,0.6,0.7
2024-02-10T2300,1691A,116.0797,24.2719,梅州市,梅县新城,细颗粒物(PM2.5),221,207,85,171,82,15,,80,50,22,9,8,9,0.6,0.6
2024-02-10T2300,1692A,116.1248,24.2654,梅州市,环境监控中心,细颗粒物(PM2.5),117,98,82,88,75,4,,72,48,40,12,6,7,0.6,0.7
2024-02-10T2300,3315A,116.1233,24.2991,梅州市,梅龙,细颗粒物(PM2.5),138,166,64,105,61,15,,73,48,22,10,11,9,0.7,0.7
2024-02-10T2300,1878A,104.7778,31.4741,绵阳市,富乐山,细颗粒物(PM2.5),95,79,133,71,118,82,,108,103,12,12,7,7,1.0,1
2024-02-10T2300,1879A,104.7563,31.4535,绵阳市,市人大,细颗粒物(PM2.5),155,140,176,118,137,3,,96,58,82,37,5,6,1.5,1.1
2024-02-10T2300,1880A,104.6697,31.4668,绵阳市,高新区自来水公司,细颗粒物(PM2.5),169,156,179,128,158,24,,103,75,45,28,7,8,1.0,1.1
2024-02-10T2300,1881A,104.7287,31.5075,绵阳市,三水厂,细颗粒物(PM2.5),176,143,198,133,189,19,,100,66,41,26,6,7,1.2,1.3
2024-02-10T2300,3491A,104.69,31.5322,绵阳市,西科大附属小学,细颗粒物(PM2.5),160,140,171,122,158,43,,106,89,34,23,8,9,1.0,1
2024-02-10T2300,3492A,104.5648,31.5343,绵阳市,安州区旅游局,细颗粒物(PM2.5),210,177,187,160,168,24,,99,65,46,29,6,7,1.4,1.3
2024-02-10T2300,1784A,129.61,44.561,牡丹江市,环保大楼,细颗粒物(PM2.5),92,78,182,68,140,63,,96,74,33,28,15,40,0.9,0.8
2024-02-10T2300,1785A,129.6115,44.5782,牡丹江市,文化广场,细颗粒物(PM2.5),132,118,218,100,172,55,,89,65,37,31,19,43,1.0,0.9
2024-02-10T2300,1786A,129.5904,44.5963,牡丹江市,第一医院,细颗粒物(PM2.5),212,,256,162,217,28,,84,56,59,46,18,44,1.5,1.1
2024-02-10T2300,1787A,129.6364,44.6075,牡丹江市,机车工厂,细颗粒物(PM2.5),120,112,184,91,142,32,,83,58,42,34,11,21,1.2,0.8
2024-02-10T2300,1788A,129.6386,44.5462,牡丹江市,第一中学,细颗粒物(PM2.5),67,54,87,48,75,85,,95,82,10,18,11,20,0.6,0.8
2024-02-10T2300,2531A,105.0703,29.61,内江市,市监测站,细颗粒物(PM2.5),170,163,207,129,218,53,,93,82,32,22,10,13,1.0,1
2024-02-10T2300,2532A,105.0717,29.5947,内江市,东兴区政府,细颗粒物(PM2.5),113,92,190,85,195,81,,95,91,19,16,11,12,0.8,0.8
2024-02-10T2300,2533A,105.0653,29.5817,内江市,内江二中,细颗粒物(PM2.5),119,107,213,90,236,63,,99,92,39,18,8,9,1.0,1
2024-02-10T2300,2534A,105.0406,29.5822,内江市,内江日报社,细颗粒物(PM2.5),132,104,220,100,234,84,,93,88,18,26,9,10,0.9,1
2024-02-10T2300,2628A,92.0657,31.4846,那曲市,那曲监测站,细颗粒物(PM2.5),84,96,39,62,28,22,,84,67,31,11,14,8,2.6,1
2024-02-10T2300,3128A,92.0506,31.4797,那曲市,那曲会议中心,细颗粒物(PM2.5),64,73,36,46,22,33,,94,81,39,14,13,9,1.6,0.8
2024-02-10T2300,1290A,115.8931,28.6843,南昌市,省外办,,,,146,,124,8,,88,60,47,15,8,8,2.0,1
2024-02-10T2300,1291A,115.8886,28.7003,南昌市,省林业公司,细颗粒物(PM2.5),404,405,156,356,141,45,,88,75,39,17,11,10,1.2,1
2024-02-10T2300,1292A,115.8126,28.7442,南昌市,林科所,细颗粒物(PM2.5),70,56,79,51,69,74,,93,88,7,8,8,9,1.0,0.8
2024-02-10T2300,1294A,115.8518,28.687,南昌市,建工学校,细颗粒物(PM2.5),110,136,143,83,115,43,,90,78,46,13,8,8,1.4,0.9
2024-02-10T2300,1295A,115.8921,28.6424,南昌市,象湖,细颗粒物(PM2.5),231,224,163,181,125,14,,94,68,57,18,6,8,1.2,1
2024-02-10T2300,1296A,115.7423,28.7996,南昌市,武术学校,细颗粒物(PM2.5),59,65,37,42,40,26,,85,62,5,5,9,8,0.9,0.9
2024-02-10T2300,1298A,115.9314,28.6842,南昌市,省站,细颗粒物(PM2.5),142,134,152,108,113,41,,89,77,39,16,9,10,1.2,0.9
2024-02-10T2300,3046A,115.9084,28.6062,南昌市,机电学校,细颗粒物(PM2.5),117,118,160,88,138,31,,94,84,47,11,7,10,1.0,1
2024-02-10T2300,3690A,115.9721,28.7031,南昌市,外国语学校,细颗粒物(PM2.5),148,132,132,113,137,36,,85,72,35,18,6,9,0.7,0.7
2024-02-10T2300,1905A,106.056,30.8064,南充市,西山风景区,细颗粒物(PM2.5),92,69,142,68,145,94,,104,103,7,17,4,6,0.8,0.9
2024-02-10T2300,1906A,106.0789,30.8023,南充市,南充市委,细颗粒物(PM2.5),128,124,187,97,162,24,,81,59,38,27,5,6,0.8,0.8
2024-02-10T2300,1907A,106.1031,30.8217,南充市,南充炼油厂,细颗粒物(PM2.5),153,137,194,117,168,28,,90,74,44,21,6,6,0.7,0.7
2024-02-10T2300,1908A,106.1064,30.7856,南充市,高坪区监测站,细颗粒物(PM2.5),130,128,173,99,136,5,,93,60,51,26,6,7,1.1,0.8
2024-02-10T2300,1909A,106.0642,30.7636,南充市,嘉陵区环保局,细颗粒物(PM2.5),185,163,190,139,172,8,,81,46,58,32,5,5,1.2,1
2024-02-10T2300,1910A,106.1087,30.8388,南充市,市环境监测站,细颗粒物(PM2.5),114,105,180,86,146,66,,102,94,17,20,8,8,0.6,0.7
2024-02-10T2300,1151A,118.8086,32.1065,南京市,迈皋桥,细颗粒物(PM2.5),113,116,120,85,98,35,,88,68,40,25,4,6,0.9,0.9
2024-02-10T2300,1152A,118.7538,32.0551,南京市,草场门,细颗粒物(PM2.5),107,97,126,80,101,52,,107,88,56,33,6,9,0.9,1
2024-02-10T2300,1153A,118.7794,32.0745,南京市,山西路,细颗粒物(PM2.5),117,105,118,88,101,28,,79,62,73,35,7,11,1.1,1
2024-02-10T2300,1154A,118.7752,32.0023,南京市,中华门,细颗粒物(PM2.5),94,90,113,70,99,62,,104,88,37,28,10,16,0.8,1.1
2024-02-10T2300,1155A,118.8109,32.0309,南京市,瑞金路,细颗粒物(PM2.5),110,117,153,83,118,6,,91,42,111,42,4,7,1.3,1.5
2024-02-10T2300,1156A,118.7997,32.0754,南京市,玄武湖,细颗粒物(PM2.5),93,117,131,69,93,13,,102,68,65,27,9,14,0.7,0.9
2024-02-10T2300,1157A,118.6414,32.0931,南京市,浦口,颗粒物(PM10),69,87,130,49,79,79,,100,95,17,19,7,10,0.7,0.8
2024-02-10T2300,1158A,118.7356,31.9996,南京市,奥体中心,细颗粒物(PM2.5),107,105,125,80,100,65,,105,91,36,29,9,15,1.0,1.2
2024-02-10T2300,1159A,118.9125,32.1028,南京市,仙林大学城,细颗粒物(PM2.5),113,105,111,85,89,66,,103,91,30,24,7,12,0.9,1.3
2024-02-10T2300,3422A,118.8436,31.9198,南京市,江宁彩虹桥,细颗粒物(PM2.5),178,162,138,134,104,61,,114,95,39,19,8,10,0.8,0.9
2024-02-10T2300,3423A,119.0138,31.6494,南京市,溧水永阳,细颗粒物(PM2.5),99,85,122,74,118,91,,111,98,15,16,6,5,0.7,0.9
2024-02-10T2300,3424A,118.879,31.3302,南京市,高淳老职中,细颗粒物(PM2.5),124,103,115,94,109,63,,109,95,20,11,10,10,0.8,0.7
2024-02-10T2300,3427A,118.8554,32.3578,南京市,六合雄州,细颗粒物(PM2.5),87,99,132,64,97,91,,106,98,14,14,4,7,0.9,0.9
2024-02-10T2300,1401A,108.3103,22.7881,南宁市,二十一中,细颗粒物(PM2.5),168,,153,127,147,14,,87,68,56,22,10,15,1.1,0.8
2024-02-10T2300,1402A,108.3141,22.8528,南宁市,北湖,细颗粒物(PM2.5),202,200,175,152,168,10,,84,53,47,18,9,14,1.1,0.8
2024-02-10T2300,1403A,108.3206,22.8225,南宁市,市监测站,细颗粒物(PM2.5),114,,125,86,100,16,,84,60,64,25,8,12,1.2,0.9
2024-02-10T2300,1404A,108.3829,22.8037,南宁市,大自然花园,细颗粒物(PM2.5),147,162,121,112,107,21,,81,61,46,19,8,9,0.9,0.7
2024-02-10T2300,1405A,108.4394,22.7904,南宁市,仙葫,细颗粒物(PM2.5),199,230,255,149,234,21,,75,58,38,22,10,16,1.0,0.9
2024-02-10T2300,1406A,108.2397,22.8467,南宁市,区农职院,颗粒物(PM10),68,85,86,48,71,36,,84,67,16,13,8,12,0.5,0.5
2024-02-10T2300,1407A,108.3275,22.735,南宁市,英华嘉园,细颗粒物(PM2.5),192,186,146,144,132,15,,80,57,40,19,7,11,0.9,0.7
2024-02-10T2300,1408A,108.2257,22.7757,南宁市,沙井镇街道办,细颗粒物(PM2.5),68,58,82,49,70,24,,83,65,27,12,1,5,0.7,0.6
2024-02-10T2300,3401A,108.4834,22.7618,南宁市,红星社区,细颗粒物(PM2.5),100,97,241,75,224,47,,82,65,17,18,10,27,0.9,0.8
2024-02-10T2300,2331A,118.0966,26.6761,南平市,茫荡山,,,,,,,,,,,,,,,,
2024-02-10T2300,2332A,118.1681,26.6369,南平市,南平市监测站,细颗粒物(PM2.5),73,62,106,53,104,34,,69,52,8,8,6,26,0.7,0.8
2024-02-10T2300,2333A,118.1825,26.6489,南平市,南平铝业有限公司,细颗粒物(PM2.5),138,159,119,105,103,18,,62,43,12,8,9,22,0.7,0.7
2024-02-10T2300,2334A,118.1756,26.6272,南平市,南平七中,细颗粒物(PM2.5),55,42,74,39,86,36,,70,54,8,5,5,20,0.5,0.8
2024-02-10T2300,1168A,120.9098,31.9663,南通市,狼山街道,细颗粒物(PM2.5),302,262,172,252,161,10,,96,43,62,37,9,13,2.6,1.5
2024-02-10T2300,1169A,120.86,32.0005,南通市,虹桥,细颗粒物(PM2.5),203,170,171,153,154,8,,98,51,102,44,8,14,1.7,1.2
2024-02-10T2300,1170A,120.87,32.02,南通市,城中,细颗粒物(PM2.5),196,181,184,147,152,6,,104,58,93,39,10,15,2.0,1.5
2024-02-10T2300,1171A,120.94,31.93,南通市,星湖花园,细颗粒物(PM2.5),288,257,181,238,150,2,,91,38,78,39,11,15,1.5,1.2
2024-02-10T2300,1172A,120.81,32.0417,南通市,紫琅学院,细颗粒物(PM2.5),210,174,180,160,156,11,,112,68,59,32,8,14,1.6,1.3
2024-02-10T2300,3291A,121.067,32.062,南通市,通州监测站,细颗粒物(PM2.5),245,210,181,195,159,14,,,,,46,5,24,1.7,2
2024-02-10T2300,3432A,120.9348,31.9883,南通市,环境教育馆,细颗粒物(PM2.5),202,163,159,152,145,15,,104,65,59,35,8,15,1.0,1.2
2024-02-10T2300,2404A,112.5224,33.0122,南阳市,瓦房庄,细颗粒物(PM2.5),486,,218,479,223,9,,79,50,54,22,17,20,1.2,0.8
2024-02-10T2300,2405A,112.5003,32.9735,南阳市,汉画馆,细颗粒物(PM2.5),304,277,208,254,197,17,,78,49,38,21,9,15,1.0,1
2024-02-10T2300,2406A,112.5573,33.027,南阳市,气象站,"颗粒物(PM10),细颗粒物(PM2.5)",500,,198,786,214,5,,85,65,69,25,20,19,1.4,0.9
2024-02-10T2300,2407A,112.5481,32.9689,南阳市,理工学院,细颗粒物(PM2.5),423,,192,384,190,20,,82,70,52,14,14,23,1.2,0.9
2024-02-10T2300,4008A,112.5234,32.9922,南阳市,卧龙区政府,细颗粒物(PM2.5),434,424,198,400,188,3,,73,44,65,28,14,20,1.5,0.9
2024-02-10T2300,1234A,121.8358,29.911,宁波市,区环保大楼,细颗粒物(PM2.5),140,135,118,107,93,58,,103,78,28,17,7,8,0.8,0.8
2024-02-10T2300,1235A,121.56,29.82,宁波市,万里学院,细颗粒物(PM2.5),88,79,108,65,88,82,,104,98,18,18,7,7,0.6,0.7
2024-02-10T2300,1236A,121.713,29.9572,宁波市,龙赛医院,细颗粒物(PM2.5),110,98,140,83,120,85,,98,75,14,22,5,6,0.8,0.9
2024-02-10T2300,1239A,121.633,29.7733,宁波市,钱湖水厂,细颗粒物(PM2.5),75,65,86,55,72,94,,106,102,4,7,5,5,0.8,0.9
2024-02-10T2300,1240A,121.5856,29.8635,宁波市,太古小学,细颗粒物(PM2.5),95,80,99,71,89,77,,102,92,23,20,7,7,0.8,0.9
2024-02-10T2300,1241A,121.524,29.8674,宁波市,市环境监测中心,细颗粒物(PM2.5),102,94,105,76,82,65,,105,90,35,20,7,8,0.9,0.8
2024-02-10T2300,2871A,121.6147,29.9017,宁波市,万里国际学校,细颗粒物(PM2.5),87,76,104,64,92,91,,106,100,18,19,8,9,0.8,0.9
2024-02-10T2300,3710A,121.5594,29.8975,宁波市,白沙活动中心,细颗粒物(PM2.5),89,91,126,66,97,71,,101,86,22,22,6,8,1.0,1
2024-02-10T2300,2339A,119.5001,26.6946,宁德市,金涵水库,,,,,,,,,,,,,,,,
2024-02-10T2300,2341A,119.5388,26.6612,宁德市,宁德市监测站,细颗粒物(PM2.5),73,,100,53,90,53,,82,71,6,8,7,15,0.9,0.7
2024-02-10T2300,3209A,119.5231,26.6562,宁德市,宁德一中,细颗粒物(PM2.5),69,62,102,50,86,50,,81,68,10,12,6,17,0.9,0.8
2024-02-10T2300,2618A,98.8601,25.8567,怒江傈僳族自治州,州监测站,细颗粒物(PM2.5),80,67,44,59,32,48,,82,74,17,5,11,11,0.6,0.4
2024-02-10T2300,2619A,98.8546,25.8417,怒江傈僳族自治州,泸水一中,细颗粒物(PM2.5),166,136,60,126,54,29,,73,57,20,11,11,11,0.7,0.5
2024-02-10T2300,1888A,101.6891,26.571,攀枝花市,弄弄坪,颗粒物(PM10),57,63,42,39,33,52,,102,87,25,16,13,17,0.8,0.9
2024-02-10T2300,1889A,101.5769,26.5928,攀枝花市,河门口,颗粒物(PM10),51,52,56,35,35,56,,101,89,15,20,11,36,0.7,1.5
2024-02-10T2300,1890A,101.7169,26.585,攀枝花市,炳草岗,细颗粒物(PM2.5),77,102,39,56,27,13,,102,78,58,18,18,29,1.2,0.9
2024-02-10T2300,1891A,101.7369,26.5008,攀枝花市,仁和,细颗粒物(PM2.5),65,73,47,47,38,52,,99,79,18,12,8,14,0.8,0.8
2024-02-10T2300,2835A,101.7227,26.567,攀枝花市,四十中小,细颗粒物(PM2.5),133,208,40,101,24,20,,106,83,66,16,21,29,1.0,0.7
2024-02-10T2300,1604A,122.0303,41.1489,盘锦市,开发区,细颗粒物(PM2.5),147,,211,112,180,80,,92,88,16,25,9,21,1.0,1.1
2024-02-10T2300,1605A,122.0485,41.0883,盘锦市,兴隆台,细颗粒物(PM2.5),130,114,263,99,235,80,,91,84,14,30,10,24,1.0,1.4
2024-02-10T2300,1606A,121.8297,41.1028,盘锦市,新生街道,细颗粒物(PM2.5),148,,165,113,135,63,,85,75,16,34,10,16,0.8,1.1
2024-02-10T2300,1832A,113.3257,33.742,平顶山市,新华旅馆,颗粒物(PM10),263,394,451,211,197,32,,86,73,43,26,19,27,0.5,0.7
2024-02-10T2300,1833A,113.2919,33.737,平顶山市,规划设计院,颗粒物(PM10),163,276,441,116,443,66,,97,88,22,18,15,27,0.6,1
2024-02-10T2300,1834A,113.182,33.774,平顶山市,平顶山工学院,颗粒物(PM10),137,223,207,63,125,84,,90,89,12,14,10,13,0.6,0.8
2024-02-10T2300,3204A,113.3025,33.73,平顶山市,规划局,细颗粒物(PM2.5),224,356,251,174,195,48,,77,68,27,26,16,24,0.6,0.9
2024-02-10T2300,3594A,112.8867,33.9116,平顶山市,石龙区,颗粒物(PM10),131,212,164,56,77,90,,95,92,9,12,7,12,0.5,0.7
2024-02-10T2300,2656A,106.6692,35.5461,平凉市,聚贤嘉苑,颗粒物(PM10),67,83,102,36,30,50,,92,74,20,14,12,9,0.5,0.4
2024-02-10T2300,2657A,106.7021,35.5307,平凉市,博物馆,颗粒物(PM10),78,105,108,54,39,39,,92,66,25,14,20,15,1.1,0.6
2024-02-10T2300,2347A,114.0997,27.5002,萍乡市,武功山,细颗粒物(PM2.5),65,53,84,47,68,42,,86,65,7,8,6,10,0.7,0.7
2024-02-10T2300,2348A,113.8385,27.6434,萍乡市,中医院,细颗粒物(PM2.5),268,250,191,218,151,2,,76,49,49,26,7,14,1.7,2.3
2024-02-10T2300,2349A,113.8493,27.6253,萍乡市,市政府车库,细颗粒物(PM2.5),316,309,171,266,153,8,,74,48,40,19,14,16,1.3,1.6
2024-02-10T2300,2350A,113.8676,27.6435,萍乡市,市环保局,细颗粒物(PM2.5),268,240,195,218,167,9,,78,57,46,21,11,12,1.6,1.9
2024-02-10T2300,2351A,113.866,27.6198,萍乡市,安源区政府,细颗粒物(PM2.5),252,257,171,202,127,5,,80,51,41,22,11,15,1.5,1.4
2024-02-10T2300,2319A,119.0141,25.4325,莆田市,荔城区仓后路,细颗粒物(PM2.5),73,65,80,53,81,62,,100,91,14,9,7,8,1.1,1
2024-02-10T2300,2320A,119.0015,25.4553,莆田市,莆田市监测站,细颗粒物(PM2.5),58,,48,41,45,71,,97,91,8,8,9,9,0.7,0.7
2024-02-10T2300,2321A,119.1119,25.4561,莆田市,涵江区六中,细颗粒物(PM2.5),100,103,93,75,93,56,,101,92,18,9,9,10,1.2,1.1
2024-02-10T2300,2322A,119.1013,25.3215,莆田市,秀屿区政府,细颗粒物(PM2.5),63,51,79,45,84,86,,103,100,9,8,8,9,1.2,1
2024-02-10T2300,2323A,118.981,25.4792,莆田市,东圳水库,,,,,,,,,,,,,,,,
2024-02-10T2300,2392A,115.0312,35.7636,濮阳市,环保局,颗粒物(PM10),474,574,398,404,295,27,,96,70,54,28,14,18,1.3,1.1
2024-02-10T2300,2394A,115.0574,35.7609,濮阳市,油田运输公司,"颗粒物(PM10),细颗粒物(PM2.5)",500,771,405,541,342,8,,100,70,61,25,26,27,1.8,1.5
2024-02-10T2300,2395A,115.0866,35.7754,濮阳市,油田物探公司,"颗粒物(PM10),细颗粒物(PM2.5)",500,773,429,674,369,9,,95,68,69,28,23,20,1.7,1.4
2024-02-10T2300,3021A,115,35.7668,濮阳市,濮水河管理处,细颗粒物(PM2.5),396,424,395,346,299,42,,96,75,34,24,7,12,1.3,1.3
2024-02-10T2300,2601A,100.98,22.7633,普洱市,市环保局,细颗粒物(PM2.5),73,58,45,53,37,53,,55,52,7,6,5,6,0.7,0.6
2024-02-10T2300,2602A,100.9817,22.8322,普洱市,普洱第二中学,,39,39,53,20,32,53,,58,58,8,10,4,6,0.8,0.8
2024-02-10T2300,2262A,131.0518,45.8751,七台河市,新一中,细颗粒物(PM2.5),132,,86,100,77,109,,117,112,16,15,11,13,1.1,0.9
2024-02-10T2300,3345A,131.0577,45.7879,七台河市,中波台,细颗粒物(PM2.5),182,150,120,137,105,59,,90,77,46,30,22,17,1.3,1.1
2024-02-10T2300,3637A,131.0176,45.7761,七台河市,人民广场,细颗粒物(PM2.5),183,182,320,138,192,22,,88,62,76,39,14,38,1.4,1.2
2024-02-10T2300,3684A,130.8781,45.8222,七台河市,新建矿广场,细颗粒物(PM2.5),93,,127,69,102,83,,106,98,22,34,12,19,0.8,1
2024-02-10T2300,1779A,123.9305,47.3636,齐齐哈尔市,安居小区,,40,40,144,19,70,63,,73,59,10,17,11,19,0.5,0.6
2024-02-10T2300,1780A,123.9488,47.3386,齐齐哈尔市,中心广场,细颗粒物(PM2.5),83,80,183,61,137,50,,70,57,20,19,12,19,0.6,0.8
2024-02-10T2300,1781A,123.9483,47.3227,齐齐哈尔市,农牧车辆厂,细颗粒物(PM2.5),72,,95,52,133,60,,73,62,10,14,16,22,0.5,0.5
2024-02-10T2300,1783A,123.945,47.2988,齐齐哈尔市,市环境监测站,,43,43,176,24,165,65,,76,69,6,18,5,22,0.4,0.6
2024-02-10T2300,3662A,123.6333,47.2075,齐齐哈尔市,富区青少年活动中心,细颗粒物(PM2.5),92,,145,68,127,51,,69,59,8,17,10,26,0.5,0.7
2024-02-10T2300,2591A,107.9783,26.5747,黔东南苗族侗族自治州,市环境监测站,细颗粒物(PM2.5),182,,182,137,163,36,,79,64,19,15,21,22,0.5,0.6
2024-02-10T2300,2881A,107.8908,26.5311,黔东南苗族侗族自治州,凯里学院,细颗粒物(PM2.5),62,49,114,44,94,48,,92,81,5,7,9,10,0.5,0.7
2024-02-10T2300,2593A,107.5228,26.2403,黔南布依族苗族自治州,小围寨,细颗粒物(PM2.5),58,46,116,41,109,46,,80,75,15,10,14,10,0.2,0.5
2024-02-10T2300,3538A,107.5175,26.2978,黔南布依族苗族自治州,沙坝,细颗粒物(PM2.5),62,51,134,44,121,36,,79,68,6,8,10,13,0.7,0.7
2024-02-10T2300,2589A,104.9022,25.0925,黔西南布依族苗族自治州,场坝街,细颗粒物(PM2.5),158,123,98,120,94,43,,96,76,22,13,3,6,0.7,0.7
2024-02-10T2300,2590A,104.8811,25.0992,黔西南布依族苗族自治州,坪东大道,细颗粒物(PM2.5),148,,119,113,109,39,,94,70,17,13,4,7,0.4,0.5
2024-02-10T2300,2502A,108.6236,21.9667,钦州市,市环保站,细颗粒物(PM2.5),128,122,95,97,75,63,,80,74,20,12,10,17,1.1,1.1
2024-02-10T2300,2503A,108.6549,21.9481,钦州市,沙埠小学,细颗粒物(PM2.5),97,88,104,72,88,75,,82,80,11,10,11,16,0.9,0.8
2024-02-10T2300,2504A,108.5989,21.7431,钦州市,港区一小,细颗粒物(PM2.5),64,50,108,46,81,87,,83,83,9,13,8,17,0.7,0.8
2024-02-10T2300,3404A,108.5959,21.9633,钦州市,北职校,细颗粒物(PM2.5),93,,88,69,77,56,,81,76,14,8,12,16,1.1,0.8
2024-02-10T2300,1042A,119.5134,39.8207,秦皇岛市,北戴河环保局,细颗粒物(PM2.5),77,87,178,56,141,64,,84,78,36,35,17,17,0.7,1.7
2024-02-10T2300,1043A,119.7493,40.0116,秦皇岛市,第一关,细颗粒物(PM2.5),130,142,101,99,79,63,,88,67,30,23,23,20,1.3,0.7
2024-02-10T2300,1044A,119.5897,39.9499,秦皇岛市,监测站,细颗粒物(PM2.5),113,118,157,85,136,74,,89,81,24,32,23,22,1.3,1
2024-02-10T2300,1046A,119.5251,39.9041,秦皇岛市,建设大厦,细颗粒物(PM2.5),110,112,155,83,108,73,,88,80,19,19,18,17,1.0,0.8
2024-02-10T2300,3132A,119.610547,39.943889,秦皇岛市,文明里,细颗粒物(PM2.5),114,134,253,86,173,67,,84,75,30,38,22,24,1.1,0.9
2024-02-10T2300,1307A,120.6659,36.2403,青岛市,仰口,细颗粒物(PM2.5),149,144,182,114,155,95,,121,109,20,25,9,11,1.4,1.5
2024-02-10T2300,1310A,120.4134,36.0658,青岛市,市南区东部子站,细颗粒物(PM2.5),192,168,312,144,265,81,,102,92,24,34,11,23,1.5,1.6
2024-02-10T2300,1311A,120.3664,36.1032,青岛市,四方区子站,细颗粒物(PM2.5),188,156,296,141,275,86,,106,95,25,43,8,27,1.7,1.9
2024-02-10T2300,1312A,120.2994,36.054,青岛市,市南区西部子站,细颗粒物(PM2.5),175,163,259,132,212,85,,106,95,19,31,8,16,1.7,1.7
2024-02-10T2300,1313A,120.4581,36.0858,青岛市,崂山区子站,细颗粒物(PM2.5),170,166,297,129,248,88,,111,100,16,23,13,18,1.6,1.5
2024-02-10T2300,1314A,120.1983,35.9608,青岛市,黄岛区子站,细颗粒物(PM2.5),170,151,221,129,183,85,,96,69,22,37,10,20,1.6,1.4
2024-02-10T2300,1315A,120.3999,36.3083,青岛市,城阳区子站,细颗粒物(PM2.5),147,180,361,112,211,79,,101,89,25,41,8,21,1.6,1.7
2024-02-10T2300,1966A,120.0405,35.8735,青岛市,黄岛区4号,细颗粒物(PM2.5),195,166,239,146,205,87,,119,108,14,21,11,18,1.7,1.6
2024-02-10T2300,3362A,120.5014,36.4034,青岛市,即墨2号,细颗粒物(PM2.5),196,166,404,147,363,81,,98,86,25,42,12,30,1.6,2
2024-02-10T2300,3642A,120.3503,36.0736,青岛市,市北区南部,细颗粒物(PM2.5),178,154,317,134,246,84,,98,87,26,42,9,20,1.5,1.6
2024-02-10T2300,3643A,120.3948,36.1805,青岛市,李沧区北部,细颗粒物(PM2.5),203,171,363,153,312,90,,110,100,25,39,12,22,1.6,1.7
2024-02-10T2300,1702A,113.0426,23.691,清远市,环保大楼,细颗粒物(PM2.5),72,59,32,52,28,48,,80,72,21,5,7,3,0.6,0.5
2024-02-10T2300,1703A,113.0208,23.7106,清远市,凤城街办,细颗粒物(PM2.5),129,122,42,98,36,8,,89,61,63,16,9,7,1.4,0.7
2024-02-10T2300,3025A,113.0477,23.6344,清远市,技师学院,细颗粒物(PM2.5),95,97,54,71,40,48,,88,73,14,4,9,8,0.7,0.6
2024-02-10T2300,3318A,112.9903,23.7403,清远市,清新太和,细颗粒物(PM2.5),57,57,39,40,30,59,,85,75,16,11,9,8,0.5,0.5
2024-02-10T2300,3455A,113.076,23.7198,清远市,清城东城,细颗粒物(PM2.5),84,76,41,62,35,39,,79,66,15,7,9,9,0.7,0.7
2024-02-10T2300,2661A,107.6325,35.7357,庆阳市,庆阳五中,细颗粒物(PM2.5),87,102,161,64,38,56,,91,81,20,4,11,6,0.8,0.4
2024-02-10T2300,2662A,107.6364,35.7067,庆阳市,市环保局,细颗粒物(PM2.5),135,143,175,103,41,68,,92,81,16,5,12,6,0.4,0.3
2024-02-10T2300,1916A,103.7897,25.5035,曲靖市,环境监测站,细颗粒物(PM2.5),73,82,77,53,56,79,,100,90,10,11,14,18,0.7,0.8
2024-02-10T2300,1917A,103.8,25.5364,曲靖市,烟厂办公区,细颗粒物(PM2.5),58,61,59,41,41,90,,100,96,7,10,3,6,0.6,0.8
2024-02-10T2300,3376A,103.7947,25.462,曲靖市,南苑二区,细颗粒物(PM2.5),149,,76,114,60,74,,96,85,14,14,19,21,0.7,0.9
2024-02-10T2300,3377A,103.7444,25.5261,曲靖市,曲靖师范学院,,49,47,48,34,38,85,,97,91,9,9,10,12,0.5,0.8
2024-02-10T2300,1264A,118.8692,28.9398,衢州市,环保大楼,细颗粒物(PM2.5),97,87,103,72,87,55,,96,77,16,14,6,7,0.9,0.9
2024-02-10T2300,1265A,118.8709,28.9666,衢州市,实验学校,细颗粒物(PM2.5),70,70,107,51,85,58,,95,80,11,9,2,5,0.4,0.6
2024-02-10T2300,1266A,118.8621,28.9808,衢州市,衢州学院,细颗粒物(PM2.5),78,74,115,57,98,63,,96,80,11,10,8,9,0.3,0.5
2024-02-10T2300,1611A,118.5819,24.9117,泉州市,涂山街,细颗粒物(PM2.5),60,51,133,43,118,88,,105,100,16,12,6,8,0.7,0.9
2024-02-10T2300,1612A,118.5972,24.8978,泉州市,津头埔,细颗粒物(PM2.5),68,55,132,49,116,82,,97,92,18,16,7,10,0.7,0.8
2024-02-10T2300,1613A,118.6663,24.9424,泉州市,万安,细颗粒物(PM2.5),73,64,137,53,118,88,,107,101,14,11,3,4,0.5,0.6
2024-02-10T2300,1614A,118.6117,24.9604,泉州市,清源山,,,,,,,,,,,,,,,,
2024-02-10T2300,3529A,118.6333,24.9264,泉州市,城华南路,细颗粒物(PM2.5),69,55,99,50,89,86,,103,96,7,6,6,7,0.6,0.8
2024-02-10T2300,2626A,88.8876,29.2718,日喀则市,日喀则监测站,细颗粒物(PM2.5),62,52,24,44,18,20,,92,76,67,13,10,6,1.3,0.6
2024-02-10T2300,3726A,88.8781,29.2426,日喀则市,林业技术推广中心,,20,12,23,6,14,64,,90,85,6,9,7,8,0.5,0.5
2024-02-10T2300,1659A,119.471,35.4209,日照市,监测站,细颗粒物(PM2.5),305,302,230,255,196,14,,126,71,85,47,27,20,2.7,1.8
2024-02-10T2300,1660A,119.523,35.4216,日照市,市政府广场,细颗粒物(PM2.5),287,273,204,237,173,62,,117,90,54,38,18,16,1.9,1.5
2024-02-10T2300,1661A,119.5587,35.4044,日照市,港务局,细颗粒物(PM2.5),280,293,216,230,176,56,,118,95,56,47,8,12,1.6,1.4
2024-02-10T2300,3507A,119.5328,35.4625,日照市,职业技术学院,细颗粒物(PM2.5),365,366,202,315,165,73,,122,104,44,32,15,15,1.8,1.6
2024-02-10T2300,3604A,119.3266,35.1044,日照市,岚山环保分局,细颗粒物(PM2.5),253,234,250,203,211,116,,126,113,35,37,19,26,1.4,2
2024-02-10T2300,1835A,111.1922,34.7752,三门峡市,市政府,颗粒物(PM10),137,223,181,62,90,43,,86,70,22,23,11,18,0.7,0.8
2024-02-10T2300,1836A,111.1587,34.7942,三门峡市,开发区,颗粒物(PM10),174,297,207,102,112,25,,88,72,42,21,14,11,1.0,0.9
2024-02-10T2300,1838A,111.143,34.7955,三门峡市,风景区,,,,,,,,,,,,,,,,
2024-02-10T2300,3039A,111.1911,34.7829,三门峡市,三门峡市第一小学,颗粒物(PM10),140,229,249,76,135,41,,88,72,28,25,7,16,0.8,0.9
2024-02-10T2300,3598A,111.1,34.7167,三门峡市,富达温泉假日酒店,颗粒物(PM10),143,235,254,64,149,51,,83,69,21,28,9,21,0.9,1.2
2024-02-10T2300,2324A,117.6211,26.2625,三明市,三钢,细颗粒物(PM2.5),78,94,59,57,51,26,,62,52,16,9,9,16,1.0,0.9
2024-02-10T2300,2325A,117.635,26.2714,三明市,三明二中,细颗粒物(PM2.5),75,83,89,55,67,24,,64,49,21,14,10,27,1.4,1
2024-02-10T2300,2326A,117.6028,26.2378,三明市,三元区政府,"颗粒物(PM10),细颗粒物(PM2.5)",53,55,58,37,52,24,,53,44,10,12,7,19,1.3,1.4
2024-02-10T2300,2327A,117.7275,26.3108,三明市,洋溪,,,,,,,,,,,,,,,,
2024-02-10T2300,1876A,109.5078,18.2489,三亚市,河东子站,,26,26,25,17,19,44,,54,51,6,7,4,5,0.7,0.7
2024-02-10T2300,1877A,109.4964,18.2681,三亚市,河西子站,,27,27,28,18,20,40,,50,46,5,6,4,4,0.8,0.8
2024-02-10T2300,3540A,109.7348,18.3443,三亚市,君悦子站,,25,25,27,14,16,47,,57,54,5,6,4,5,0.6,0.7
2024-02-10T2300,2624A,91.7608,29.2313,山南市,山南监测站,,27,15,30,9,19,86,,93,90,4,7,5,8,0.3,0.3
2024-02-10T2300,2625A,91.7706,29.2436,山南市,山南人民医院,,29,29,20,10,11,81,,90,87,5,6,4,5,0.2,0.2
2024-02-10T2300,1674A,116.6794,23.3667,汕头市,金平子站,细颗粒物(PM2.5),142,158,61,108,54,84,,94,94,15,5,10,8,1.0,0.9
2024-02-10T2300,1675A,116.7244,23.3633,汕头市,龙湖子站,细颗粒物(PM2.5),89,86,52,66,43,79,,88,88,18,10,10,9,1.0,0.9
2024-02-10T2300,1676A,116.7258,23.2775,汕头市,濠江子站,细颗粒物(PM2.5),158,170,59,120,60,80,,94,92,15,9,12,11,1.0,0.9
2024-02-10T2300,1677A,116.7519,23.4714,汕头市,澄海子站,细颗粒物(PM2.5),108,,55,81,54,96,,99,99,14,10,8,8,0.7,0.7
2024-02-10T2300,1678A,116.6092,23.2539,汕头市,潮阳子站,,,,46,,41,24,,81,72,44,8,12,10,1.6,1.2
2024-02-10T2300,3444A,116.454,23.2684,汕头市,潮南峡山,细颗粒物(PM2.5),124,125,66,94,54,69,,89,87,16,9,10,11,0.8,0.7
2024-02-10T2300,3624A,116.4069,23.2533,汕头市,潮南子站,细颗粒物(PM2.5),180,181,81,136,62,62,,83,81,13,3,12,10,0.9,0.9
2024-02-10T2300,1693A,115.3653,22.775,汕尾市,市环保局,细颗粒物(PM2.5),118,,46,89,47,68,,82,82,17,5,9,9,0.8,0.7
2024-02-10T2300,1694A,115.3706,22.7898,汕尾市,市政府,细颗粒物(PM2.5),65,58,44,47,46,74,,80,80,6,3,5,6,0.7,0.7
2024-02-10T2300,1695A,115.3622,22.7925,汕尾市,新城中学,细颗粒物(PM2.5),90,99,50,67,47,51,,76,72,14,6,6,7,0.7,0.7
2024-02-10T2300,2645A,109.9154,33.8715,商洛市,监测站,颗粒物(PM10),101,151,130,52,77,58,,92,75,10,9,8,12,0.4,0.5
2024-02-10T2300,3045A,109.9643,33.8471,商洛市,商州区中学,颗粒物(PM10),101,151,199,50,125,59,,96,85,16,17,8,20,0.5,0.7
2024-02-10T2300,2408A,115.6702,34.4285,商丘市,环境监测站,"颗粒物(PM10),细颗粒物(PM2.5)",500,,545,912,505,5,,89,57,62,26,24,61,2.0,1.3
2024-02-10T2300,2409A,115.6458,34.4045,商丘市,粮食局,"颗粒物(PM10),细颗粒物(PM2.5)",500,,572,891,511,5,,88,53,65,27,25,56,1.9,1.3
2024-02-10T2300,2410A,115.6293,34.3948,商丘市,睢阳区环保局,细颗粒物(PM2.5),484,560,574,476,518,18,,85,54,54,29,18,38,1.5,1.2
2024-02-10T2300,3171A,115.6071,34.4465,商丘市,梁园区档案局,"颗粒物(PM10),细颗粒物(PM2.5)",500,721,444,536,388,14,,96,69,60,24,17,30,1.3,1
2024-02-10T2300,1141A,121.4,31.238,上海市,普陀,细颗粒物(PM2.5),88,85,196,65,159,70,,104,78,38,38,8,11,0.9,1.1
2024-02-10T2300,1142A,121.478,31.2036,上海市,十五厂,细颗粒物(PM2.5),115,101,163,87,141,24,,101,63,88,40,8,11,1.3,1.2
2024-02-10T2300,1143A,121.467,31.3008,上海市,虹口,细颗粒物(PM2.5),117,122,158,88,132,5,,112,60,98,47,6,9,1.7,1.1
2024-02-10T2300,1144A,121.412,31.1654,上海市,徐汇上师大,细颗粒物(PM2.5),112,93,205,84,178,77,,109,92,37,31,10,12,0.8,0.9
2024-02-10T2300,1145A,121.536,31.2659,上海市,杨浦四漂,细颗粒物(PM2.5),92,94,121,68,94,10,,118,73,93,42,7,8,1.5,1.2
2024-02-10T2300,1147A,121.425,31.2261,上海市,静安监测站,细颗粒物(PM2.5),84,82,177,62,153,69,,102,75,48,37,8,12,0.8,1
2024-02-10T2300,1148A,121.703,31.1907,上海市,浦东川沙,细颗粒物(PM2.5),212,180,287,162,236,41,,111,63,52,43,9,12,1.0,1.1
2024-02-10T2300,1149A,121.533,31.2284,上海市,浦东新区监测站,细颗粒物(PM2.5),79,83,138,58,108,81,,107,94,34,31,9,10,0.9,1.1
2024-02-10T2300,1150A,121.577,31.2071,上海市,浦东张江,细颗粒物(PM2.5),119,101,225,90,192,50,,108,86,44,36,7,8,1.2,1.2
2024-02-10T2300,3265A,121.4316,31.3322,上海市,宝山庙行,细颗粒物(PM2.5),90,82,199,67,170,56,,108,91,50,30,7,10,1.0,1.1
2024-02-10T2300,3266A,121.8791,31.4662,上海市,崇明上实东滩,细颗粒物(PM2.5),149,138,178,114,155,45,,120,92,30,31,7,10,0.9,1.1
2024-02-10T2300,3268A,121.3162,31.2838,上海市,嘉定南翔,细颗粒物(PM2.5),243,233,307,193,209,2,,103,55,104,41,13,17,1.0,1.2
2024-02-10T2300,3269A,121.3359,30.7456,上海市,金山新城,细颗粒物(PM2.5),115,98,174,87,146,95,,106,97,20,21,8,10,0.8,0.9
2024-02-10T2300,3270A,121.4996,31.0739,上海市,闵行浦江,细颗粒物(PM2.5),252,238,315,202,260,33,,108,85,63,30,12,18,1.0,1.1
2024-02-10T2300,3271A,121.2886,31.1663,上海市,青浦徐泾,细颗粒物(PM2.5),122,117,283,92,226,53,,106,80,42,34,8,12,1.0,1.1
2024-02-10T2300,3272A,121.2186,31.0378,上海市,松江图书馆,细颗粒物(PM2.5),298,,270,248,196,32,,102,78,51,27,9,12,1.0,1
2024-02-10T2300,3273A,121.3902,31.2059,上海市,长宁仙霞,细颗粒物(PM2.5),94,110,214,70,169,8,,103,60,96,45,7,10,1.4,1.2
2024-02-10T2300,3274A,121.7965,31.0507,上海市,浦东惠南,细颗粒物(PM2.5),169,152,244,128,194,23,,108,63,69,39,7,9,1.1,1.2
2024-02-10T2300,3544A,121.4891,30.925,上海市,奉贤南桥新城,细颗粒物(PM2.5),169,128,203,128,163,73,,108,97,35,22,10,12,0.9,1.1
2024-02-10T2300,2381A,118.005,28.4572,上饶市,百草园,细颗粒物(PM2.5),140,109,149,107,120,68,,106,94,8,7,11,16,,
2024-02-10T2300,2382A,117.9756,28.4436,上饶市,市监测站,细颗粒物(PM2.5),127,135,163,96,129,63,,104,90,10,9,13,18,0.8,0.9
2024-02-10T2300,2383A,117.9519,28.4628,上饶市,凤凰光学,细颗粒物(PM2.5),123,130,160,93,128,41,,98,78,24,12,7,12,1.1,1
2024-02-10T2300,3413A,118.1953,28.4401,上饶市,广丰区教体局,,,,263,,207,,,58,,,8,,23,,0.7
2024-02-10T2300,3685A,117.897,28.4315,上饶市,双创科技城,细颗粒物(PM2.5),99,98,153,74,123,72,,101,89,11,10,21,13,0.9,0.9
2024-02-10T2300,1669A,113.5824,24.7733,韶关市,市八中,细颗粒物(PM2.5),78,82,61,57,47,24,,65,42,18,6,8,10,0.7,0.7
2024-02-10T2300,1671A,113.5917,24.7972,韶关市,园林处,细颗粒物(PM2.5),129,106,54,98,56,4,,64,37,35,9,9,10,0.9,0.8
2024-02-10T2300,1672A,113.6735,24.7791,韶关市,韶关学院,细颗粒物(PM2.5),82,71,71,60,65,11,,63,32,7,5,6,7,0.7,0.8
2024-02-10T2300,1673A,113.5971,24.6863,韶关市,曲江监测站,细颗粒物(PM2.5),124,113,65,94,56,27,,72,56,13,7,11,14,0.6,0.7
2024-02-10T2300,3622A,113.5556,24.8082,韶关市,碧湖山庄,细颗粒物(PM2.5),88,75,56,65,50,25,,72,59,14,4,10,11,0.5,0.6
2024-02-10T2300,2462A,111.5239,27.3033,邵阳市,市水土所,细颗粒物(PM2.5),134,108,202,102,208,27,,72,59,4,5,7,9,0.6,0.8
2024-02-10T2300,2463A,111.4733,27.2317,邵阳市,市一中,细颗粒物(PM2.5),360,354,381,310,321,7,,78,48,38,21,9,10,1.2,0.9
2024-02-10T2300,2464A,111.5283,27.2442,邵阳市,市化工厂,细颗粒物(PM2.5),240,224,334,190,295,12,,82,61,29,16,11,15,0.8,0.9
2024-02-10T2300,2465A,111.4503,27.2537,邵阳市,市罐头厂,细颗粒物(PM2.5),459,455,301,438,297,10,,74,53,31,17,14,16,1.1,0.9
2024-02-10T2300,2466A,111.4328,27.2272,邵阳市,市环保局,细颗粒物(PM2.5),253,278,257,203,234,16,,85,71,37,14,13,13,1.1,0.9
2024-02-10T2300,1247A,120.6053,29.9928,绍兴市,城东开发委,细颗粒物(PM2.5),120,107,154,91,134,39,,101,69,30,23,8,9,0.5,0.6
2024-02-10T2300,2921A,120.5483,30.0003,绍兴市,树下王站,细颗粒物(PM2.5),211,190,170,161,153,6,,93,57,45,17,8,9,0.9,0.8
2024-02-10T2300,3408A,120.5683,29.9361,绍兴市,绍兴中专,细颗粒物(PM2.5),64,64,84,46,60,42,,99,76,17,8,3,4,0.7,0.8
2024-02-10T2300,3409A,120.4906,30.0861,绍兴市,柯桥区政府,细颗粒物(PM2.5),148,151,215,113,169,44,,99,85,30,15,7,8,1.0,0.9
2024-02-10T2300,3410A,120.8752,30.0249,绍兴市,重华小学,细颗粒物(PM2.5),100,82,103,75,106,67,,91,73,6,7,8,9,0.5,0.6
2024-02-10T2300,3411A,120.8369,30.0137,绍兴市,上虞中学,细颗粒物(PM2.5),109,89,109,82,116,51,,95,78,13,13,6,7,0.8,0.9
2024-02-10T2300,3560A,120.4722,30.0415,绍兴市,柯桥妇保,细颗粒物(PM2.5),138,116,144,105,137,20,,96,68,43,16,6,7,0.6,0.7
2024-02-10T2300,3658A,120.6153,30.0764,绍兴市,袍江中学,细颗粒物(PM2.5),198,179,195,148,165,25,,102,74,38,17,10,10,1.1,1
2024-02-10T2300,1356A,114.1063,22.5545,深圳市,通心岭子站,细颗粒物(PM2.5),175,150,60,132,54,13,,89,66,33,7,4,5,0.7,0.5
2024-02-10T2300,1357A,114.117,22.5625,深圳市,洪湖,细颗粒物(PM2.5),83,87,60,61,48,24,,88,64,38,10,7,8,0.9,0.7
2024-02-10T2300,1358A,113.987,22.5417,深圳市,华侨城,细颗粒物(PM2.5),118,,53,89,44,36,,90,72,21,7,5,6,0.9,0.7
2024-02-10T2300,1359A,113.9181,22.5171,深圳市,南海子站,细颗粒物(PM2.5),178,150,69,134,59,31,,92,75,46,15,7,7,1.0,0.9
2024-02-10T2300,1360A,114.2458,22.5689,深圳市,盐田,,38,31,40,26,36,44,,71,51,11,12,1,2,0.7,0.6
2024-02-10T2300,1361A,114.2283,22.7244,深圳市,龙岗,细颗粒物(PM2.5),128,119,57,97,48,24,,88,69,20,4,5,5,1.0,0.8
2024-02-10T2300,1363A,114.494,22.5422,深圳市,南澳,,42,40,46,29,37,39,,74,58,2,2,5,6,0.6,0.6
2024-02-10T2300,1364A,114.41,22.6342,深圳市,葵涌,细颗粒物(PM2.5),104,,63,78,55,24,,75,40,16,9,2,3,0.7,0.9
2024-02-10T2300,1365A,114.297,22.5978,深圳市,梅沙,,35,33,41,24,32,58,,73,64,4,4,4,5,0.7,0.7
2024-02-10T2300,1366A,114.0678,22.738,深圳市,观澜,细颗粒物(PM2.5),140,117,58,107,49,21,,92,68,15,4,4,6,0.7,0.6
2024-02-10T2300,3305A,114.0731,22.559,深圳市,莲花,细颗粒物(PM2.5),150,124,60,115,54,17,,84,62,37,11,6,7,0.8,0.6
2024-02-10T2300,3306A,114.0261,22.6198,深圳市,民治,细颗粒物(PM2.5),95,92,57,71,48,49,,86,78,24,10,4,3,0.8,0.8
2024-02-10T2300,3307A,114.1871,22.6451,深圳市,横岗,细颗粒物(PM2.5),185,166,62,139,54,13,,84,57,35,11,2,3,0.6,0.5
2024-02-10T2300,3447A,114.3551,22.7151,深圳市,坪山,细颗粒物(PM2.5),119,101,51,90,45,25,,83,64,18,7,4,5,0.8,0.7
2024-02-10T2300,3623A,113.8953,22.5861,深圳市,西乡,细颗粒物(PM2.5),87,102,63,64,48,55,,90,79,19,7,10,10,0.7,0.6
2024-02-10T2300,1098A,123.6836,41.9339,沈阳市,森林路,,,,,,,,,,,,,,,,
2024-02-10T2300,1099A,123.505,41.7406,沈阳市,浑南东路,细颗粒物(PM2.5),102,110,340,76,285,50,,74,61,36,51,18,25,0.9,1.6
2024-02-10T2300,1100A,123.4231,41.6989,沈阳市,新秀街,细颗粒物(PM2.5),97,83,453,72,380,53,,71,62,33,49,16,25,0.9,1.6
2024-02-10T2300,1102A,123.5903,41.8411,沈阳市,东陵路,细颗粒物(PM2.5),129,98,552,98,510,56,,71,68,22,42,12,28,0.9,1.4
2024-02-10T2300,1103A,123.4264,41.8467,沈阳市,陵东街,细颗粒物(PM2.5),97,87,345,72,328,9,,68,46,79,53,18,17,1.0,1.6
2024-02-10T2300,1104A,123.4114,41.7653,沈阳市,文化路,细颗粒物(PM2.5),79,70,414,58,360,70,,81,76,19,47,9,16,0.7,1.2
2024-02-10T2300,1105A,123.4678,41.7867,沈阳市,小河沿,细颗粒物(PM2.5),134,127,518,102,422,33,,73,61,48,50,13,24,1.2,1.6
2024-02-10T2300,1106A,123.4017,41.7972,沈阳市,太原街,细颗粒物(PM2.5),74,77,214,54,180,62,,70,67,23,40,21,24,1.0,1.2
2024-02-10T2300,1108A,123.3783,41.9228,沈阳市,京沈街,细颗粒物(PM2.5),105,116,323,79,288,17,,88,58,68,35,51,26,1.0,1.1
2024-02-10T2300,2897A,123.2444,41.7347,沈阳市,沈辽西路,细颗粒物(PM2.5),155,157,430,118,362,56,,83,68,23,37,13,44,1.3,1.2
2024-02-10T2300,2900A,123.5953,41.9086,沈阳市,裕农路,细颗粒物(PM2.5),88,76,340,65,297,76,,72,72,15,38,14,29,0.7,1.2
2024-02-10T2300,2428A,111.0419,32.395,十堰市,武当山,"颗粒物(PM10),细颗粒物(PM2.5)",55,59,35,39,24,90,,89,89,5,6,17,14,0.7,0.8
2024-02-10T2300,2429A,110.78,32.6494,十堰市,滨河新村,细颗粒物(PM2.5),173,214,94,131,63,17,,79,46,47,27,9,9,1.0,0.8
2024-02-10T2300,2430A,110.7258,32.6389,十堰市,刘家沟,细颗粒物(PM2.5),72,76,70,52,48,48,,83,67,12,8,8,9,0.9,0.9
2024-02-10T2300,2431A,110.8839,32.5714,十堰市,铁二处,细颗粒物(PM2.5),156,156,86,119,68,22,,83,65,29,19,8,7,1.0,0.8
2024-02-10T2300,3545A,110.8054,32.8401,十堰市,郧阳区金沙路,颗粒物(PM10),76,102,76,47,73,58,,84,78,15,12,5,5,0.7,0.8
2024-02-10T2300,2709A,86.0497,44.2967,石河子市,艾青诗歌馆,细颗粒物(PM2.5),303,332,280,253,199,85,,112,111,46,36,12,10,2.2,1.9
2024-02-10T2300,2710A,86.0697,44.3075,石河子市,阳光学校,细颗粒物(PM2.5),282,268,274,232,214,55,,106,99,75,45,9,11,2.2,1.8
2024-02-10T2300,3442A,86.047,44.2331,石河子市,南区管委会,细颗粒物(PM2.5),202,207,205,152,159,105,,116,116,25,23,3,3,1.4,1.4
2024-02-10T2300,1029A,114.4422,38.0444,石家庄市,职工医院,细颗粒物(PM2.5),269,242,218,219,224,53,,101,91,40,35,14,17,1.1,0.9
2024-02-10T2300,1030A,114.6063,38.0266,石家庄市,高新区,细颗粒物(PM2.5),196,195,278,147,228,89,,99,99,19,31,12,17,1.0,0.9
2024-02-10T2300,1031A,114.4898,38.1328,石家庄市,西北水源,细颗粒物(PM2.5),213,186,175,163,146,62,,95,89,29,25,9,9,1.0,0.8
2024-02-10T2300,1032A,114.4586,38.0058,石家庄市,西南高教,细颗粒物(PM2.5),265,265,321,215,244,59,,100,92,33,35,19,20,1.0,0.9
2024-02-10T2300,1033A,114.5331,38.0178,石家庄市,世纪公园,细颗粒物(PM2.5),258,233,408,208,356,74,,99,94,23,35,15,17,1.0,1
2024-02-10T2300,1034A,114.509,38.0457,石家庄市,人民会堂,细颗粒物(PM2.5),227,198,301,177,277,98,,102,102,13,28,14,17,1.0,0.9
2024-02-10T2300,1035A,114.3524,37.8911,石家庄市,封龙山,颗粒物(PM10),69,87,101,40,67,84,,96,95,5,7,5,9,0.5,0.6
2024-02-10T2300,2862A,114.5481,38.0378,石家庄市,22中南校区,细颗粒物(PM2.5),239,233,348,189,297,76,,97,94,26,33,20,25,1.0,1
2024-02-10T2300,3456A,114.289,38.0906,石家庄市,鹿泉一中,细颗粒物(PM2.5),195,190,130,146,96,66,,100,84,20,20,6,8,0.8,0.7
2024-02-10T2300,3573A,114.8506765,38.0322033,石家庄市,藁城区实验学校,细颗粒物(PM2.5),162,151,315,123,269,97,,101,97,15,29,13,20,0.8,1.1
2024-02-10T2300,3574A,114.0504658,38.0591645,石家庄市,井陉矿区区委大楼,细颗粒物(PM2.5),155,169,134,118,98,46,,92,72,36,28,35,24,0.9,0.8
2024-02-10T2300,4024A,114.6549,37.9020,石家庄市,栾城区星河路,细颗粒物(PM2.5),241,231,394,191,348,63,,99,92,25,32,17,26,1.2,1.1
2024-02-10T2300,1947A,106.3394,38.817,石嘴山市,沙湖旅游区,颗粒物(PM10),52,54,86,18,19,55,,98,82,20,20,6,8,0.4,0.4
2024-02-10T2300,1948A,106.3668,39.0145,石嘴山市,大武口朝阳西街,,,278,139,,36,30,,93,73,54,12,40,18,0.9,0.5
2024-02-10T2300,1949A,106.7704,39.2282,石嘴山市,惠农南大街,颗粒物(PM10),62,73,137,32,30,41,,91,64,23,16,25,17,0.6,0.6
2024-02-10T2300,1950A,106.7099,39.1325,石嘴山市,红果子镇惠新街,细颗粒物(PM2.5),128,116,114,97,33,52,,94,75,32,15,34,30,0.7,0.3
2024-02-10T2300,3520A,106.3495,38.9836,石嘴山市,妇女儿童医院,"颗粒物(PM10),细颗粒物(PM2.5)",68,85,89,49,19,71,,94,86,21,11,20,11,0.5,0.4
2024-02-10T2300,3521A,106.7492,39.2069,石嘴山市,石大公路,细颗粒物(PM2.5),108,120,122,81,35,22,,92,60,52,18,19,10,0.7,0.6
2024-02-10T2300,2248A,131.1511,46.6937,双鸭山市,双合村,细颗粒物(PM2.5),158,161,256,120,176,105,,103,103,20,26,24,20,1.0,1.5
2024-02-10T2300,2249A,131.1652,46.6191,双鸭山市,南小市,细颗粒物(PM2.5),160,136,123,122,115,118,,111,111,13,18,16,18,0.9,0.8
2024-02-10T2300,2250A,131.1524,46.6554,双鸭山市,环保局,细颗粒物(PM2.5),166,140,145,126,120,111,,109,109,22,29,20,21,0.8,0.7
2024-02-10T2300,2251A,131.12,46.5656,双鸭山市,苗圃,细颗粒物(PM2.5),129,115,69,98,66,161,,165,165,15,15,14,9,0.7,0.6
2024-02-10T2300,2166A,112.4397,39.3522,朔州市,平朔,细颗粒物(PM2.5),128,126,284,97,305,53,,88,80,25,34,18,65,0.7,1.2
2024-02-10T2300,2167A,112.4575,39.3617,朔州市,朔唯,颗粒物(PM10),65,80,241,36,283,59,,88,83,16,28,18,50,0.7,1.1
2024-02-10T2300,2168A,112.4258,39.3197,朔州市,区政府,细颗粒物(PM2.5),98,113,407,73,349,63,,89,82,20,33,21,82,0.6,1.3
2024-02-10T2300,2169A,112.4072,39.3278,朔州市,市环保局,细颗粒物(PM2.5),155,156,325,118,296,48,,96,84,44,34,37,79,1.1,1.3
2024-02-10T2300,2170A,112.4272,39.3681,朔州市,市二中,细颗粒物(PM2.5),67,60,212,48,224,60,,93,87,16,29,16,50,0.6,1
2024-02-10T2300,3571A,112.2931,39.53,朔州市,一水厂,颗粒物(PM10),60,70,130,22,82,94,,102,101,4,14,8,37,0.4,1
2024-02-10T2300,2225A,124.4002,43.1713,四平市,一商场,细颗粒物(PM2.5),69,63,294,50,242,98,,106,102,10,22,6,23,0.4,0.8
2024-02-10T2300,2226A,124.388,43.193,四平市,境园,细颗粒物(PM2.5),75,75,238,55,215,77,,100,92,20,23,9,17,0.5,0.9
2024-02-10T2300,3486A,124.4036,43.1411,四平市,植物园,细颗粒物(PM2.5),102,94,214,76,192,68,,90,86,28,29,5,10,0.6,0.9
2024-02-10T2300,3713A,124.3419,43.1666,四平市,世纪城,细颗粒物(PM2.5),77,70,316,56,313,94,,105,100,6,21,8,27,0.4,0.8
2024-02-10T2300,2233A,124.8006,45.1214,松原市,江南,细颗粒物(PM2.5),55,44,246,39,185,67,,86,76,1,13,8,28,0.4,0.7
2024-02-10T2300,2234A,124.7965,45.1722,松原市,江北,,49,36,185,34,179,74,,85,80,8,18,9,9,0.4,0.9
2024-02-10T2300,1160A,120.561,31.2472,苏州市,上方山,细颗粒物(PM2.5),90,,150,67,128,73,,106,93,6,11,7,9,0.8,1
2024-02-10T2300,1162A,120.591,31.3019,苏州市,彩香,细颗粒物(PM2.5),259,225,227,209,213,2,,99,53,76,29,9,11,1.4,1.2
2024-02-10T2300,1163A,120.596,31.3264,苏州市,轧钢厂,细颗粒物(PM2.5),249,256,257,199,217,4,,103,45,62,33,11,12,1.8,1.3
2024-02-10T2300,1164A,120.613,31.2703,苏州市,吴中区,细颗粒物(PM2.5),186,173,183,140,155,15,,105,69,70,24,10,12,1.1,1
2024-02-10T2300,1165A,120.543,31.2994,苏州市,苏州新区,细颗粒物(PM2.5),207,184,189,157,170,16,,108,67,67,22,8,10,1.2,1
2024-02-10T2300,1166A,120.669,31.3097,苏州市,苏州工业园区,细颗粒物(PM2.5),163,145,186,124,162,37,,105,77,42,17,11,13,0.9,1
2024-02-10T2300,1167A,120.641,31.3708,苏州市,相城区,细颗粒物(PM2.5),165,140,200,125,167,43,,111,84,40,18,11,13,1.0,0.9
2024-02-10T2300,3289A,120.743,31.3188,苏州市,方洲路,细颗粒物(PM2.5),159,148,264,121,200,37,,106,71,29,22,7,10,0.9,1.1
2024-02-10T2300,3290A,120.5031,31.2774,苏州市,木渎中学,细颗粒物(PM2.5),85,78,130,63,128,72,,108,91,14,14,8,12,0.9,1
2024-02-10T2300,3425A,120.624,31.1733,苏州市,越秀幼儿园,细颗粒物(PM2.5),166,,276,126,232,40,,107,83,48,18,8,9,1.1,1
2024-02-10T2300,3431A,120.6505,31.416,苏州市,高铁新城,细颗粒物(PM2.5),114,103,166,86,140,72,,108,92,26,15,9,10,0.8,0.8
2024-02-10T2300,1220A,118.293,33.9528,宿迁市,宿迁学院,细颗粒物(PM2.5),385,416,335,335,273,44,,73,58,47,28,5,7,1.0,0.8
2024-02-10T2300,1221A,118.2442,33.9592,宿迁市,宿迁中学,细颗粒物(PM2.5),462,507,339,442,299,30,,67,49,39,27,8,9,1.3,1.1
2024-02-10T2300,2996A,118.283,33.965,宿迁市,市供电局,细颗粒物(PM2.5),430,444,322,394,283,24,,66,48,39,25,6,8,1.3,1.1
2024-02-10T2300,3191A,118.3225,33.9447,宿迁市,宿豫区政府,细颗粒物(PM2.5),413,410,320,369,283,45,,78,55,50,30,7,8,1.4,1.1
2024-02-10T2300,3187A,116.9509,33.666,宿州市,远航博物馆,细颗粒物(PM2.5),307,308,219,257,186,72,,107,93,27,16,13,12,1.0,0.9
2024-02-10T2300,3463A,116.9708,33.591,宿州市,社会福利中心,细颗粒物(PM2.5),260,274,218,210,180,62,,100,80,23,14,8,8,1.1,0.9
2024-02-10T2300,3634A,116.9884,33.6305,宿州市,宿州学院,细颗粒物(PM2.5),357,414,255,307,193,48,,98,72,37,17,14,12,1.2,1
2024-02-10T2300,3701A,116.9648,33.6252,宿州市,皖北煤电集团,细颗粒物(PM2.5),369,355,226,319,203,44,,98,70,35,18,11,11,1.2,1.1
2024-02-10T2300,2266A,126.9785,46.6365,绥化市,人和东街,细颗粒物(PM2.5),418,425,407,377,353,83,,115,101,37,35,12,29,2.0,1.7
2024-02-10T2300,2267A,126.964,46.6528,绥化市,党政办公中心,细颗粒物(PM2.5),404,374,344,355,324,101,,125,115,30,32,12,19,1.6,1.7
2024-02-10T2300,2451A,113.3583,31.7275,随州市,市委党校,细颗粒物(PM2.5),248,228,214,198,192,32,,76,63,30,13,8,10,1.3,1
2024-02-10T2300,2452A,113.3833,31.6908,随州市,市林业局,细颗粒物(PM2.5),238,208,211,188,194,62,,76,72,14,11,11,10,1.0,1
2024-02-10T2300,2453A,113.3983,31.7308,随州市,市立交桥水厂,细颗粒物(PM2.5),247,217,213,197,194,52,,76,68,18,16,11,12,1.1,1.1
2024-02-10T2300,2527A,105.5453,30.5678,遂宁市,石溪浩,细颗粒物(PM2.5),110,107,176,83,148,27,,92,75,21,13,7,8,0.9,0.9
2024-02-10T2300,2528A,105.5582,30.5232,遂宁市,市监测站,细颗粒物(PM2.5),134,109,161,102,130,8,,91,61,61,28,11,12,0.9,0.9
2024-02-10T2300,2529A,105.5861,30.5366,遂宁市,行政中心,细颗粒物(PM2.5),122,92,171,92,139,50,,94,76,25,17,8,10,0.9,0.9
2024-02-10T2300,2530A,105.5918,30.4728,遂宁市,美宁食品公司,细颗粒物(PM2.5),105,117,151,79,116,6,,91,57,46,17,9,9,1.0,0.8
2024-02-10T2300,2706A,82.9994,46.7432,塔城地区,东门外小游园,,30,,35,21,25,33,,49,41,6,7,4,4,0.9,0.2
2024-02-10T2300,1255A,121.273,28.6459,台州市,黄岩环保大楼,细颗粒物(PM2.5),109,98,131,82,113,57,,99,82,12,12,6,10,0.6,0.7
2024-02-10T2300,1256A,121.419,28.6542,台州市,台州环保大楼,细颗粒物(PM2.5),110,101,215,83,189,86,,104,100,8,11,6,10,0.5,0.7
2024-02-10T2300,1257A,121.377,28.5773,台州市,路桥田洋王,细颗粒物(PM2.5),102,81,180,76,171,65,,99,82,17,18,8,14,0.7,0.8
2024-02-10T2300,3564A,121.2568,28.6681,台州市,台州科技职业学院,细颗粒物(PM2.5),99,91,164,74,141,63,,101,92,18,14,6,10,0.5,0.6
2024-02-10T2300,1081A,112.522,37.8873,太原市,尖草坪,细颗粒物(PM2.5),97,142,371,72,292,60,,84,80,29,34,15,30,0.4,0.6
2024-02-10T2300,1083A,112.434,38.0108,太原市,上兰,,,,,,,,,,,,,,,,
2024-02-10T2300,1084A,112.469,37.7124,太原市,晋源,颗粒物(PM10),103,155,392,59,327,42,,80,67,34,44,14,32,0.7,1.4
2024-02-10T2300,1085A,112.5583,37.7394,太原市,小店,细颗粒物(PM2.5),123,158,371,93,253,60,,88,82,26,38,12,41,0.6,1.3
2024-02-10T2300,1086A,112.5369,37.8692,太原市,桃园,细颗粒物(PM2.5),139,191,505,106,367,66,,86,81,21,36,13,37,0.4,0.7
2024-02-10T2300,1087A,112.57,37.8195,太原市,坞城,细颗粒物(PM2.5),100,134,474,75,402,62,,85,78,25,38,13,47,0.5,0.9
2024-02-10T2300,1088A,112.549,37.9854,太原市,南寨,颗粒物(PM10),84,117,199,36,121,81,,88,84,11,22,10,11,0.8,1.1
2024-02-10T2300,3618A,112.4719,37.7831,太原市,金胜,颗粒物(PM10),64,78,175,34,102,73,,85,80,8,18,7,17,0.3,0.7
2024-02-10T2300,4010A,112.5608,37.8807,太原市,育英中学,颗粒物(PM10),75,99,462,54,368,84,,88,86,13,35,13,43,0.5,0.9
2024-02-10T2300,1656A,117.1437,36.1937,泰安市,监测站,细颗粒物(PM2.5),195,178,408,146,316,46,,110,75,40,43,28,29,1.2,1.8
2024-02-10T2300,1657A,117.0885,36.2017,泰安市,人口学校,细颗粒物(PM2.5),137,146,272,104,400,47,,105,74,32,42,18,25,1.0,1.7
2024-02-10T2300,1658A,117.1089,36.1758,泰安市,电力学校,细颗粒物(PM2.5),168,217,662,127,534,23,,111,70,78,56,39,35,1.0,1.8
2024-02-10T2300,3502A,117.1812,36.2275,泰安市,国网新校,细颗粒物(PM2.5),140,127,190,107,160,58,,128,99,28,20,18,19,1.2,1.5
2024-02-10T2300,3503A,117.0313,36.2018,泰安市,交通技校,细颗粒物(PM2.5),100,95,288,75,261,74,,118,96,14,25,11,14,0.8,1.2
2024-02-10T2300,3504A,117.0829,36.13,泰安市,山东第一医科大学,细颗粒物(PM2.5),98,102,348,73,301,77,,119,98,18,32,25,25,0.7,1.3
2024-02-10T2300,1206A,119.905,32.4878,泰州市,公园路,细颗粒物(PM2.5),175,163,199,132,159,73,,110,92,24,26,10,14,1.1,1.2
2024-02-10T2300,1207A,119.9189,32.4625,泰州市,莲花,细颗粒物(PM2.5),153,144,165,117,136,82,,113,99,20,27,9,13,0.9,1.1
2024-02-10T2300,1209A,119.888,32.4639,泰州市,留学生创业园,细颗粒物(PM2.5),162,172,201,123,149,75,,113,95,19,23,9,14,1.0,1.2
2024-02-10T2300,2997A,119.8767,32.3289,泰州市,王营,细颗粒物(PM2.5),163,173,170,124,147,82,,103,79,22,32,11,16,0.9,1.2
2024-02-10T2300,3295A,120.1259,32.5099,泰州市,姜堰区政府广场,细颗粒物(PM2.5),203,174,241,153,214,82,,118,104,19,22,15,18,1.0,1.2
2024-02-10T2300,3435A,119.9192,32.4322,泰州市,周山河街区,细颗粒物(PM2.5),150,143,185,115,154,88,,112,99,19,29,10,14,0.9,1.2
2024-02-10T2300,1037A,118.131,39.6363,唐山市,雷达站,细颗粒物(PM2.5),138,128,104,105,82,65,,95,83,24,16,11,9,1.2,0.8
2024-02-10T2300,1038A,118.1725,39.6334,唐山市,物资局,细颗粒物(PM2.5),142,122,83,108,64,60,,96,80,29,12,12,9,1.5,0.8
2024-02-10T2300,1040A,118.1705,39.6506,唐山市,十二中,细颗粒物(PM2.5),107,118,81,80,57,73,,97,86,14,6,12,9,1.4,0.7
2024-02-10T2300,1041A,118.1869,39.622,唐山市,小山,细颗粒物(PM2.5),138,123,82,105,56,64,,96,78,22,12,12,9,1.4,0.8
2024-02-10T2300,3457A,118.4359,39.2762,唐山市,冀东油田职工医院,细颗粒物(PM2.5),92,,149,68,134,86,,99,89,16,17,8,17,0.9,1.3
2024-02-10T2300,3575A,118.09279,39.58089,唐山市,正泰大街热力站,细颗粒物(PM2.5),142,142,114,108,88,65,,97,84,20,11,8,9,1.5,0.9
2024-02-10T2300,3576A,118.1562,39.8322,唐山市,丰润区政府,细颗粒物(PM2.5),203,186,84,153,63,50,,94,75,26,11,10,8,1.2,0.7
2024-02-10T2300,3577A,118.43673,39.73809,唐山市,金山小学,细颗粒物(PM2.5),183,177,167,138,121,35,,87,66,42,25,8,15,1.4,1.5
2024-02-10T2300,3578A,118.24498,39.66941,唐山市,政府服务中心,细颗粒物(PM2.5),145,,73,111,56,60,,93,82,22,8,13,10,1.3,0.8
2024-02-10T2300,3692A,118.2059,39.6585,唐山市,消防缸窑路中队,细颗粒物(PM2.5),93,98,76,69,50,73,,94,85,13,9,11,7,1.4,0.7
2024-02-10T2300,3693A,118.1436,39.6202,唐山市,路南电大,细颗粒物(PM2.5),124,109,95,94,73,66,,93,81,20,14,9,9,1.3,0.8
2024-02-10T2300,1015A,117.1444,39.1661,天津市,勤俭道,细颗粒物(PM2.5),168,166,68,127,49,65,,87,78,22,11,18,12,0.6,0.6
2024-02-10T2300,1017A,117.237,39.1082,天津市,大直沽八号路,细颗粒物(PM2.5),159,168,83,121,53,63,,83,76,25,14,16,11,0.7,0.5
2024-02-10T2300,1018A,117.202,39.0927,天津市,前进道,细颗粒物(PM2.5),143,142,58,109,40,53,,83,74,33,14,18,10,0.7,0.3
2024-02-10T2300,1019A,117.1837,39.2133,天津市,淮河道,细颗粒物(PM2.5),148,146,71,113,53,77,,94,82,20,12,11,11,0.5,0.5
2024-02-10T2300,1021A,117.307,39.0877,天津市,跃进路,细颗粒物(PM2.5),213,206,86,163,62,67,,96,85,22,11,16,12,1.1,0.7
2024-02-10T2300,1023A,117.707,39.0343,天津市,第四大街,细颗粒物(PM2.5),186,176,92,140,68,72,,88,83,23,16,7,11,1.2,0.7
2024-02-10T2300,1024A,117.457,38.8394,天津市,永明路,细颗粒物(PM2.5),192,164,90,144,70,58,,93,82,26,14,11,17,1.5,0.8
2024-02-10T2300,1026A,117.764,39.1587,天津市,汉北路,细颗粒物(PM2.5),149,160,89,114,54,65,,93,80,23,14,11,14,2.2,0.8
2024-02-10T2300,1027A,117.157,38.9194,天津市,团泊洼,细颗粒物(PM2.5),138,125,59,105,46,85,,95,94,18,13,10,10,1.2,0.8
2024-02-10T2300,2858A,117.7918,39.2474,天津市,河西一经路,细颗粒物(PM2.5),160,148,127,122,96,75,,98,88,19,14,15,23,1.8,1
2024-02-10T2300,2859A,117.3747,38.9846,天津市,津沽路,细颗粒物(PM2.5),163,152,84,124,61,67,,86,79,20,13,9,12,1.1,0.7
2024-02-10T2300,2860A,117.1589,39.0845,天津市,宾水西道,细颗粒物(PM2.5),147,158,60,112,41,56,,85,76,30,14,13,7,0.8,0.5
2024-02-10T2300,2922A,117.1941,39.1067,天津市,大理道,细颗粒物(PM2.5),132,134,59,100,43,61,,90,80,28,12,15,9,0.7,0.4
2024-02-10T2300,3020A,117.2101,39.1699,天津市,中山北路,细颗粒物(PM2.5),138,132,56,105,43,69,,87,79,25,17,14,10,0.5,0.4
2024-02-10T2300,3051A,117.3876,39.1488,天津市,西四道,细颗粒物(PM2.5),137,134,59,104,39,59,,94,83,28,6,12,8,1.1,0.6
2024-02-10T2300,3325A,117.0365,39.3828,天津市,雍阳西道,细颗粒物(PM2.5),88,92,54,65,35,82,,95,88,13,8,6,5,0.4,0.3
2024-02-10T2300,3326A,117.0296,39.0605,天津市,辛老路,细颗粒物(PM2.5),108,120,56,81,36,64,,85,75,22,13,14,9,0.6,0.4
2024-02-10T2300,3327A,116.9638,38.9375,天津市,地纬路,细颗粒物(PM2.5),188,178,92,141,69,58,,88,74,21,9,11,10,0.8,0.4
2024-02-10T2300,3460A,117.4067,40.0583,天津市,北环路,细颗粒物(PM2.5),63,65,40,45,27,61,,82,72,10,8,5,7,0.4,0.3
2024-02-10T2300,3461A,117.3045,39.7169,天津市,建设路,细颗粒物(PM2.5),104,105,60,78,40,64,,90,78,19,9,9,8,0.3,0.3
2024-02-10T2300,3462A,117.8199,39.3521,天津市,滨水东路,细颗粒物(PM2.5),148,153,116,113,85,83,,106,94,22,15,9,13,1.1,0.7
2024-02-10T2300,2649A,106.0055,34.343,天水市,麦积山,,,,,,,,,,,,,,,,
2024-02-10T2300,2650A,105.7205,34.5786,天水市,公园小学,颗粒物(PM10),102,153,101,73,40,41,,74,,17,14,19,19,0.8,0.6
2024-02-10T2300,2651A,105.8945,34.5538,天水市,麦积国土局,,,,269,,209,,,35,,,34,,46,,1.3
2024-02-10T2300,2216A,123.8139,42.3022,铁岭市,汇工街西,细颗粒物(PM2.5),90,95,447,67,341,51,,89,71,36,42,18,37,0.8,1.4
2024-02-10T2300,2217A,123.8649,42.2923,铁岭市,水上乐园,细颗粒物(PM2.5),113,97,261,85,204,75,,89,85,18,26,9,15,0.8,1
2024-02-10T2300,2218A,123.8486,42.2867,铁岭市,银州路东段,细颗粒物(PM2.5),127,101,303,96,261,69,,89,83,20,27,9,16,0.9,1.1
2024-02-10T2300,2219A,123.7153,42.2217,铁岭市,金沙江路北,细颗粒物(PM2.5),82,74,331,60,323,72,,93,86,23,36,16,13,0.5,1.1
2024-02-10T2300,2229A,125.9358,41.7173,通化市,光明,细颗粒物(PM2.5),189,182,362,142,299,46,,81,61,28,38,15,37,1.2,0.9
2024-02-10T2300,2230A,125.9446,41.7325,通化市,铁路,细颗粒物(PM2.5),94,91,290,70,239,47,,88,68,25,34,19,31,1.1,1.1
2024-02-10T2300,2191A,122.2532,43.6801,通辽市,艺术职业学校,颗粒物(PM10),55,59,57,17,32,79,,84,69,13,18,11,19,0.6,0.5
2024-02-10T2300,3706A,122.2584,43.6333,通辽市,老干部活动中心,,50,50,85,23,53,74,,78,74,15,21,11,15,0,0.1
2024-02-10T2300,3708A,122.2922,43.6189,通辽市,东方明珠社区,细颗粒物(PM2.5),63,71,119,45,81,71,,80,65,18,24,10,18,0.4,0.5
2024-02-10T2300,1922A,109.0656,35.0994,铜川市,党校,颗粒物(PM10),52,54,90,28,29,58,,92,76,7,8,7,7,0.4,0.4
2024-02-10T2300,1923A,109.0697,35.0697,铜川市,王益区政府,颗粒物(PM10),63,76,133,39,50,27,,90,57,30,24,8,7,0.8,0.6
2024-02-10T2300,1924A,108.9344,34.9058,铜川市,新区管委会,颗粒物(PM10),54,57,116,26,38,59,,86,72,13,12,7,9,0.3,0.4
2024-02-10T2300,3651A,108.9543,34.8732,铜川市,旺旺集团,颗粒物(PM10),61,72,127,31,48,61,,88,77,13,11,22,23,0.2,0.2
2024-02-10T2300,2285A,117.8177,30.9412,铜陵市,市第四中学,细颗粒物(PM2.5),95,99,136,71,110,70,,96,81,14,14,16,23,0.8,1
2024-02-10T2300,2286A,117.8059,30.9273,铜陵市,市公路局,细颗粒物(PM2.5),83,76,135,61,114,66,,88,72,14,16,8,12,0.7,0.9
2024-02-10T2300,2287A,117.7807,30.9413,铜陵市,市新民污水厂,细颗粒物(PM2.5),75,74,142,55,90,69,,100,88,29,22,42,37,0.6,0.8
2024-02-10T2300,2288A,117.7439,30.8792,铜陵市,市第九中学,细颗粒物(PM2.5),87,86,144,64,117,67,,98,84,20,21,5,14,0.6,0.8
2024-02-10T2300,2289A,117.846,30.9413,铜陵市,车站新区,颗粒物(PM10),75,99,118,53,85,77,,94,82,14,17,6,6,0.5,0.7
2024-02-10T2300,2290A,117.8483,30.97,铜陵市,市职教基地,细颗粒物(PM2.5),78,81,118,57,88,69,,88,81,19,15,6,7,0.6,0.8
2024-02-10T2300,2585A,109.1839,27.7344,铜仁市,铜仁卫校,细颗粒物(PM2.5),155,151,171,118,134,13,,47,36,22,16,6,10,0.9,0.9
2024-02-10T2300,2586A,109.1753,27.6944,铜仁市,铜仁七中,细颗粒物(PM2.5),223,,108,173,110,26,,55,42,11,9,6,7,0.7,0.8
2024-02-10T2300,2686A,89.1904,42.9418,吐鲁番市,市环保局,细颗粒物(PM2.5),147,236,194,112,90,22,,100,84,101,46,8,15,2.5,1.6
2024-02-10T2300,2687A,89.1673,42.9559,吐鲁番市,地区环保局,颗粒物(PM10),140,229,172,93,80,48,,103,90,49,36,7,12,1.7,1.3
2024-02-10T2300,1662A,122.1214,37.4236,威海市,华夏技校,细颗粒物(PM2.5),78,73,117,57,106,78,,97,85,28,23,5,5,0.5,0.7
2024-02-10T2300,1663A,122.0508,37.5236,威海市,山大分校,细颗粒物(PM2.5),123,115,150,93,129,66,,96,91,20,18,7,9,0.6,0.8
2024-02-10T2300,1664A,122.1067,37.5072,威海市,市监测站,细颗粒物(PM2.5),85,81,131,63,116,69,,92,85,21,21,7,7,0.6,0.8
2024-02-10T2300,1982A,122.0693,37.2174,威海市,文登开发区,细颗粒物(PM2.5),125,109,203,95,178,54,,110,84,26,24,8,10,1.1,1.4
2024-02-10T2300,3505A,122.1379,37.3414,威海市,临港区管委会,细颗粒物(PM2.5),90,80,135,67,114,76,,104,87,18,23,5,8,0.6,0.9
2024-02-10T2300,1650A,119.1437,36.7023,潍坊市,环保局,细颗粒物(PM2.5),217,200,362,167,235,66,,100,87,32,41,10,29,1.7,1.7
2024-02-10T2300,2877A,119.1641,36.6523,潍坊市,坊子邮政,细颗粒物(PM2.5),257,219,293,207,325,58,,100,81,30,35,10,23,1.7,1.5
2024-02-10T2300,3178A,119.0587,36.721,潍坊市,潍坊七中,细颗粒物(PM2.5),240,224,270,190,231,54,,90,71,30,32,7,25,1.7,1.6
2024-02-10T2300,3368A,119.1977,36.6872,潍坊市,高新实验学校,细颗粒物(PM2.5),223,,,173,288,65,,94,77,24,35,7,20,1.4,1.4
2024-02-10T2300,3416A,119.1755,36.7149,潍坊市,潍坊学院,细颗粒物(PM2.5),236,217,228,186,241,68,,93,80,27,32,8,28,1.7,1.6
2024-02-10T2300,3861A,119.2041,36.7699,潍坊市,寒亭区实验一小,细颗粒物(PM2.5),250,237,311,200,253,71,,98,86,29,37,10,31,1.6,1.7
2024-02-10T2300,1938A,109.5293,34.5101,渭南市,农科所,,,,,,,,,,,,,,,,
2024-02-10T2300,1939A,109.4974,34.4877,渭南市,日报社,颗粒物(PM10),78,105,159,46,77,46,,83,65,29,29,7,12,0.4,0.6
2024-02-10T2300,1940A,109.4636,34.493,渭南市,体育馆,颗粒物(PM10),78,105,168,29,76,66,,88,76,14,22,5,11,0.4,0.5
2024-02-10T2300,1941A,109.4259,34.5023,渭南市,高新一小,颗粒物(PM10),98,145,190,56,102,31,,88,70,39,19,10,15,0.6,0.4
2024-02-10T2300,1242A,120.634,28.0089,温州市,瓯海,细颗粒物(PM2.5),80,66,84,59,75,68,,92,85,17,15,8,8,0.6,0.6
2024-02-10T2300,1243A,120.6748,27.9939,温州市,南浦,细颗粒物(PM2.5),104,88,93,78,86,74,,97,93,17,13,7,7,0.7,0.7
2024-02-10T2300,1244A,120.76,27.9747,温州市,龙湾,细颗粒物(PM2.5),80,81,93,59,72,46,,100,84,22,13,6,6,0.6,0.7
2024-02-10T2300,1245A,120.6709,28.0167,温州市,市站,细颗粒物(PM2.5),93,84,109,69,99,67,,92,87,22,19,8,9,0.8,0.8
2024-02-10T2300,3561A,120.6985,27.9251,温州市,茶山,细颗粒物(PM2.5),75,57,77,55,73,54,,99,82,7,8,4,5,0.5,0.6
2024-02-10T2300,2610A,104.2533,23.3594,文山壮族苗族自治州,州水务局,细颗粒物(PM2.5),170,138,57,129,48,37,,71,58,14,8,5,9,0.9,0.8
2024-02-10T2300,2611A,104.2319,23.3892,文山壮族苗族自治州,市便民服务中心,细颗粒物(PM2.5),128,97,50,97,42,31,,67,55,15,11,6,10,0.9,0.8
2024-02-10T2300,2187A,106.8174,39.6973,乌海市,市林业局,细颗粒物(PM2.5),143,142,163,109,61,58,,96,78,27,12,15,13,0.7,0.6
2024-02-10T2300,2188A,106.7907,39.6667,乌海市,中海勃湾学校,细颗粒物(PM2.5),140,158,157,107,53,13,,96,66,68,16,30,14,1.2,0.6
2024-02-10T2300,3284A,106.813,39.7274,乌海市,海北新区,,48,48,146,9,32,39,,94,69,37,15,17,16,0.5,0.4
2024-02-10T2300,3621A,106.8288,39.6778,乌海市,聚英学校,细颗粒物(PM2.5),94,114,215,70,80,42,,92,68,35,14,18,21,0.6,0.4
2024-02-10T2300,2197A,113.1306,40.9923,乌兰察布市,集宁新区,细颗粒物(PM2.5),78,78,200,57,168,92,,96,96,12,46,9,61,0.6,1.6
2024-02-10T2300,3034A,113.1076,41.0385,乌兰察布市,光明街小学,细颗粒物(PM2.5),72,68,60,52,45,91,,95,94,17,42,9,39,0.6,1
2024-02-10T2300,3285A,113.1376,40.9509,乌兰察布市,北京八中,细颗粒物(PM2.5),125,106,645,95,580,93,,93,93,12,39,1,35,0.9,2
2024-02-10T2300,3421A,113.1775,40.9779,乌兰察布市,市委党校,细颗粒物(PM2.5),75,82,409,55,328,96,,98,98,12,33,11,29,0.7,1.3
2024-02-10T2300,1490A,87.5801,43.8303,乌鲁木齐市,监测站,细颗粒物(PM2.5),231,195,449,181,300,6,,92,61,114,72,4,10,1.7,2.2
2024-02-10T2300,1491A,87.6046,43.768,乌鲁木齐市,收费所,细颗粒物(PM2.5),190,177,484,143,411,4,,55,37,110,84,8,11,2.4,2.3
2024-02-10T2300,1492A,87.4754,43.9469,乌鲁木齐市,新疆农科院农场,细颗粒物(PM2.5),277,,247,227,255,90,,110,102,31,42,4,5,1.9,1.8
2024-02-10T2300,1493A,87.5525,43.8711,乌鲁木齐市,铁路局,细颗粒物(PM2.5),336,333,373,286,305,1,,98,62,131,70,7,9,1.8,1.9
2024-02-10T2300,1494A,87.6432,43.831,乌鲁木齐市,三十一中学,细颗粒物(PM2.5),208,204,412,158,334,45,,62,60,64,69,11,15,1.9,2.3
2024-02-10T2300,1496A,87.7216,44.1747,乌鲁木齐市,米东区环保局,细颗粒物(PM2.5),300,270,329,250,300,111,,121,121,30,33,7,10,1.8,1.9
2024-02-10T2300,3033A,87.4651,43.4569,乌鲁木齐市,培训基地,,35,,30,24,17,75,,85,80,8,10,4,6,0.5,0.6
2024-02-10T2300,3437A,88.3118,43.3658,乌鲁木齐市,达坂城区环保局,颗粒物(PM10),70,90,72,36,29,97,,100,100,13,12,8,7,0.5,0.4
2024-02-10T2300,3438A,87.6162,43.8801,乌鲁木齐市,红光山片区,细颗粒物(PM2.5),277,246,370,227,323,16,,77,59,111,73,7,7,2.0,2.1
2024-02-10T2300,3439A,87.7024,43.8004,乌鲁木齐市,新师大温泉校区,细颗粒物(PM2.5),211,213,347,161,270,73,,90,82,44,52,7,10,1.5,1.9
2024-02-10T2300,3440A,87.4921,43.8411,乌鲁木齐市,大绿谷,细颗粒物(PM2.5),212,212,304,162,228,1,,106,77,116,60,7,5,1.7,2.2
2024-02-10T2300,1188A,120.269,31.4867,无锡市,雪浪,细颗粒物(PM2.5),122,105,105,92,89,75,,108,94,18,11,7,8,0.8,0.9
2024-02-10T2300,1189A,120.275,31.6219,无锡市,黄巷,细颗粒物(PM2.5),149,139,106,114,86,67,,110,88,30,17,9,10,0.9,1
2024-02-10T2300,1190A,120.294,31.56,无锡市,曹张,细颗粒物(PM2.5),208,248,157,158,115,38,,103,62,57,28,14,13,1.1,1.1
2024-02-10T2300,1191A,120.242,31.5031,无锡市,漆塘,细颗粒物(PM2.5),67,61,103,48,88,66,,98,75,12,13,10,12,0.9,1
2024-02-10T2300,1192A,120.3489,31.5863,无锡市,东亭,细颗粒物(PM2.5),188,168,130,141,113,37,,102,70,57,25,8,9,1.3,1.1
2024-02-10T2300,1193A,120.354,31.5475,无锡市,旺庄,细颗粒物(PM2.5),199,168,141,149,125,30,,104,75,61,24,6,7,1.0,1
2024-02-10T2300,1194A,120.245,31.5631,无锡市,荣巷,细颗粒物(PM2.5),83,68,100,61,96,81,,104,83,25,22,9,10,0.7,0.8
2024-02-10T2300,1195A,120.299,31.6817,无锡市,堰桥,细颗粒物(PM2.5),168,151,128,127,105,32,,107,72,59,20,4,6,1.0,1
2024-02-10T2300,3428A,120.3142,31.4753,无锡市,华庄,细颗粒物(PM2.5),166,145,151,126,128,60,,110,94,30,15,12,11,0.7,0.7
2024-02-10T2300,2677A,106.1532,37.9648,吴忠市,教育园区,颗粒物(PM10),95,140,241,65,43,32,,92,63,35,14,16,11,1.0,0.4
2024-02-10T2300,2679A,106.1856,37.9956,吴忠市,新区二泵站,颗粒物(PM10),96,142,237,69,55,44,,90,67,29,12,11,10,0.6,0.4
2024-02-10T2300,3648A,106.2112,37.9768,吴忠市,文卫南街,颗粒物(PM10),92,134,202,55,50,42,,86,67,25,12,12,12,0.5,0.3
2024-02-10T2300,1794A,118.3606,31.3519,芜湖市,监测站,细颗粒物(PM2.5),155,169,128,118,101,37,,101,77,54,25,12,16,0.7,1.1
2024-02-10T2300,1795A,118.3714,31.4134,芜湖市,科创中心,细颗粒物(PM2.5),145,132,130,111,103,45,,103,64,54,34,12,16,0.8,1.1
2024-02-10T2300,1796A,118.3673,31.3131,芜湖市,四水厂,细颗粒物(PM2.5),155,145,124,118,102,34,,94,67,71,39,10,15,0.7,0.9
2024-02-10T2300,3328A,118.4209,31.3707,芜湖市,市气象局,细颗粒物(PM2.5),170,144,138,129,131,55,,97,77,38,27,14,17,0.6,1
2024-02-10T2300,3465A,118.4781,31.3225,芜湖市,清苑社区,细颗粒物(PM2.5),266,256,223,216,188,33,,106,70,44,22,12,17,0.9,1.1
2024-02-10T2300,3466A,118.2746,31.2326,芜湖市,扬子职业技术学院,细颗粒物(PM2.5),130,127,99,99,80,62,,108,88,32,21,16,13,1.0,0.8
2024-02-10T2300,2495A,111.3014,23.4832,梧州市,市逸夫小学,细颗粒物(PM2.5),127,144,129,96,93,23,,79,49,17,11,9,16,0.9,0.9
2024-02-10T2300,2496A,111.3239,23.4794,梧州市,市十一中,细颗粒物(PM2.5),82,76,102,60,85,21,,72,54,22,14,7,10,0.9,0.9
2024-02-10T2300,2497A,111.247,23.4189,梧州市,龙圩,细颗粒物(PM2.5),189,226,132,142,106,14,,77,51,22,10,9,12,1.3,1.1
2024-02-10T2300,2498A,111.2711,23.4835,梧州市,龙新,颗粒物(PM10),71,91,87,49,74,18,,75,46,19,11,6,8,1.0,0.9
2024-02-10T2300,2711A,87.5475,44.1756,五家渠市,农水大厦,细颗粒物(PM2.5),292,287,348,242,283,98,,101,101,28,30,9,12,2.0,2.1
2024-02-10T2300,3441A,87.546,44.1912,五家渠市,经开区管委会,细颗粒物(PM2.5),286,267,317,236,288,103,,105,105,24,28,15,13,2.1,2.3
2024-02-10T2300,1325A,114.3677,30.5584,武汉市,东湖梨园,细颗粒物(PM2.5),170,,136,129,127,43,,100,80,36,24,7,9,0.8,0.8
2024-02-10T2300,1326A,114.2529,30.558,武汉市,汉阳月湖,细颗粒物(PM2.5),203,175,120,153,107,24,,95,70,48,30,7,8,1.2,0.9
2024-02-10T2300,1327A,114.282,30.6189,武汉市,汉口花桥,细颗粒物(PM2.5),170,147,110,129,105,30,,92,67,56,30,7,8,1.2,1.1
2024-02-10T2300,1328A,114.3025,30.5332,武汉市,武昌紫阳,细颗粒物(PM2.5),137,115,112,104,105,36,,103,70,54,32,10,11,1.0,0.9
2024-02-10T2300,1329A,114.3646,30.6217,武汉市,青山钢花,细颗粒物(PM2.5),175,176,177,132,169,56,,100,71,30,31,9,10,1.0,1.1
2024-02-10T2300,1330A,114.1566,30.4825,武汉市,沌口新区,细颗粒物(PM2.5),134,115,111,102,100,54,,100,79,26,18,9,10,1.0,1
2024-02-10T2300,1331A,114.3014,30.5944,武汉市,汉口江滩,细颗粒物(PM2.5),189,169,113,142,105,31,,85,53,40,34,9,11,1.0,1
2024-02-10T2300,1333A,114.135,30.6319,武汉市,吴家山,细颗粒物(PM2.5),209,210,117,159,108,53,,101,76,39,25,10,11,1.0,0.9
2024-02-10T2300,1334A,113.8454,30.2917,武汉市,沉湖七壕,细颗粒物(PM2.5),114,109,108,86,89,60,,102,86,13,14,7,8,1.0,1
2024-02-10T2300,3153A,114.3877,30.4908,武汉市,民族大道182号,细颗粒物(PM2.5),143,115,123,109,118,62,,102,85,37,26,9,11,1.0,0.9
2024-02-10T2300,2652A,102.6201,37.9251,武威市,监测站,细颗粒物(PM2.5),114,144,149,86,64,27,,78,58,26,15,8,9,0.8,0.6
2024-02-10T2300,3201A,102.6486,37.9325,武威市,东关招商场,细颗粒物(PM2.5),138,149,174,105,81,21,,78,60,31,14,7,10,1.0,0.6
2024-02-10T2300,1462A,108.882,34.2749,西安市,高压开关厂,颗粒物(PM10),146,241,357,87,221,11,,93,68,77,32,15,22,0.7,0.8
2024-02-10T2300,1463A,108.993,34.2629,西安市,兴庆小区,颗粒物(PM10),137,223,257,86,170,45,,83,68,27,34,11,17,0.7,0.9
2024-02-10T2300,1464A,109.06,34.2572,西安市,纺织城,颗粒物(PM10),124,197,184,90,116,30,,82,60,32,25,7,9,0.6,0.5
2024-02-10T2300,1465A,108.9356,34.2173,西安市,小寨,颗粒物(PM10),116,182,255,82,200,9,,90,61,70,34,11,17,1.5,1
2024-02-10T2300,1466A,108.954,34.2713,西安市,市人民体育场,颗粒物(PM10),121,192,292,90,189,6,,83,50,86,46,10,10,1.5,1.1
2024-02-10T2300,1467A,108.8922,34.2322,西安市,高新西区,颗粒物(PM10),168,286,323,102,202,10,,90,59,71,30,11,15,1.4,1.2
2024-02-10T2300,1468A,108.935,34.3474,西安市,经开区,颗粒物(PM10),92,133,272,43,208,30,,84,71,38,24,8,14,0.5,0.7
2024-02-10T2300,1469A,108.906,34.1546,西安市,长安区,颗粒物(PM10),130,210,274,87,190,40,,90,74,24,21,13,15,0.6,0.7
2024-02-10T2300,1471A,109.2186,34.3731,西安市,临潼区,颗粒物(PM10),80,109,163,56,101,26,,87,57,52,28,9,14,1.0,0.7
2024-02-10T2300,1472A,108.869,34.378,西安市,草滩,颗粒物(PM10),78,105,223,52,119,53,,89,78,20,24,5,7,0,0.4
2024-02-10T2300,1473A,108.985,34.1978,西安市,曲江文化产业集团,颗粒物(PM10),138,225,313,85,239,52,,90,68,24,30,9,20,0.5,0.7
2024-02-10T2300,1474A,109.051,34.3213,西安市,广运潭,"颗粒物(PM10),细颗粒物(PM2.5)",92,133,188,68,129,51,,87,71,18,21,8,17,0.5,0.6
2024-02-10T2300,3524A,108.6116,34.1164,西安市,文体局,颗粒物(PM10),124,197,225,78,156,39,,86,66,45,29,10,15,0.6,0.8
2024-02-10T2300,3605A,109.09,34.5236,西安市,无线电监控中心,细颗粒物(PM2.5),145,194,262,111,176,45,,89,74,32,23,11,13,0.9,0.8
2024-02-10T2300,1483A,101.524,36.6867,西宁市,第五水厂,,,,,,,,,,,,,,,,
2024-02-10T2300,3055A,101.7775,36.6428,西宁市,城北区政府,细颗粒物(PM2.5),83,80,169,61,47,3,,79,53,60,27,19,36,2.2,1.1
2024-02-10T2300,3629A,101.8305,36.5786,西宁市,世纪职校,,29,28,106,20,73,40,,70,56,19,35,12,28,1.0,1
2024-02-10T2300,3630A,101.7413,36.6397,西宁市,师大城西校区,细颗粒物(PM2.5),90,91,167,67,136,5,,76,41,58,44,18,52,0.9,1.1
2024-02-10T2300,2612A,100.7939,22.0019,西双版纳傣族自治州,景洪市江南,,38,30,85,26,106,42,,45,42,8,12,6,13,0.7,0.7
2024-02-10T2300,2613A,100.8017,22.0225,西双版纳傣族自治州,景洪市江北,细颗粒物(PM2.5),52,52,50,36,35,41,,48,45,10,9,6,9,0.6,0.5
2024-02-10T2300,3606A,108.7108,34.46,西咸新区,北杜,颗粒物(PM10),69,88,160,45,68,53,,90,74,25,17,4,6,0.4,0.5
2024-02-10T2300,3607A,108.7096,34.2956,西咸新区,同德佳苑,,,,241,,167,,,90,86,,20,,7,,0.8
2024-02-10T2300,3608A,108.8558,34.4978,西咸新区,崇文塔,颗粒物(PM10),97,143,252,63,178,48,,86,76,25,24,9,9,0.4,0.7
2024-02-10T2300,2202A,116.1042,43.9317,锡林郭勒盟,市环保监测站,,25,20,53,16,42,80,,83,80,3,4,6,14,0.3,0.3
2024-02-10T2300,2203A,116.0781,43.9311,锡林郭勒盟,市政府,,31,31,87,20,73,83,,86,84,4,8,10,20,0.2,0.3
2024-02-10T2300,1286A,118.1608,24.8169,厦门市,溪东,,,,,,,,,,,,,,,,
2024-02-10T2300,1287A,118.1514,24.4767,厦门市,洪文,细颗粒物(PM2.5),70,71,134,51,102,84,,101,98,7,6,3,5,0.6,0.6
2024-02-10T2300,1288A,118.0661,24.4444,厦门市,鼓浪屿,细颗粒物(PM2.5),67,62,119,48,100,93,,102,101,3,6,4,8,0.1,0.3
2024-02-10T2300,2842A,118.0936,24.5058,厦门市,湖里中学,细颗粒物(PM2.5),74,64,120,54,104,70,,99,94,16,13,1,4,0.8,0.9
2024-02-10T2300,3527A,118.0958,24.5688,厦门市,集美中学,细颗粒物(PM2.5),73,64,125,53,110,89,,103,102,6,9,3,7,0.6,0.7
2024-02-10T2300,3528A,118.1493,24.7245,厦门市,同安二实小,细颗粒物(PM2.5),89,66,133,66,137,71,,96,93,8,9,4,7,0.9,0.9
2024-02-10T2300,2447A,114.3175,29.8142,咸宁市,森林公园,细颗粒物(PM2.5),88,79,59,65,51,96,,95,95,3,3,13,8,0.6,0.6
2024-02-10T2300,2448A,114.3107,29.8454,咸宁市,市发改委,细颗粒物(PM2.5),206,,149,156,132,45,,91,78,20,14,6,7,0.9,0.9
2024-02-10T2300,2449A,114.2936,29.8566,咸宁市,咸安区政府,细颗粒物(PM2.5),133,114,148,101,133,62,,94,84,20,18,11,12,1.0,1
2024-02-10T2300,3655A,114.3375,29.8683,咸宁市,长江产业园,细颗粒物(PM2.5),186,158,134,140,120,39,,95,84,28,16,8,9,0.9,0.8
2024-02-10T2300,1918A,108.7197,34.3956,咸阳市,气象站,,,,,,,,,,,,,,,,
2024-02-10T2300,1919A,108.673,34.3155,咸阳市,实验中学,颗粒物(PM10),121,191,274,71,203,31,,74,61,35,28,10,9,0.9,1.2
2024-02-10T2300,1920A,108.7233,34.3617,咸阳市,师范学院,颗粒物(PM10),82,114,230,33,153,41,,86,74,22,19,7,10,0.7,0.8
2024-02-10T2300,3165A,108.6594,34.2969,咸阳市,两寺渡,颗粒物(PM10),148,245,315,90,212,42,,82,71,22,22,9,8,0.6,1
2024-02-10T2300,3525A,108.6396,34.4078,咸阳市,奥体中心,细颗粒物(PM2.5),112,128,186,84,88,51,,88,80,22,12,8,8,0.8,0.7
2024-02-10T2300,1508A,112.9433,27.8614,湘潭市,板塘,细颗粒物(PM2.5),128,105,174,97,151,67,,81,79,22,22,11,12,1.1,1.1
2024-02-10T2300,1511A,112.9118,27.8403,湘潭市,市监测站,细颗粒物(PM2.5),132,127,185,100,203,72,,80,78,16,21,10,11,1.2,1.4
2024-02-10T2300,1512A,112.8937,27.8728,湘潭市,江麓,细颗粒物(PM2.5),153,138,319,117,267,68,,85,81,19,23,19,24,1.1,1.5
2024-02-10T2300,1513A,112.9227,27.8159,湘潭市,岳塘,细颗粒物(PM2.5),179,174,266,135,214,52,,91,84,25,17,5,10,1.0,1
2024-02-10T2300,1514A,112.9074,27.9119,湘潭市,科大,细颗粒物(PM2.5),140,137,312,107,262,80,,94,93,17,29,9,18,1.0,1.6
2024-02-10T2300,1562A,113.0048,27.9153,湘潭市,昭山,细颗粒物(PM2.5),114,95,186,86,171,80,,69,,8,11,8,11,0.6,0.8
2024-02-10T2300,1564A,112.4876,27.9164,湘潭市,韶山,细颗粒物(PM2.5),134,175,288,102,160,28,,67,49,11,20,5,13,0.7,0.9
2024-02-10T2300,2492A,109.6414,28.2558,湘西土家族苗族自治州,跃进水库,细颗粒物(PM2.5),88,,64,65,62,0,,24,14,3,2,7,7,0.8,0.9
2024-02-10T2300,2493A,109.7325,28.3169,湘西土家族苗族自治州,州政府,细颗粒物(PM2.5),153,155,134,117,112,4,,45,32,15,11,9,11,0.9,0.7
2024-02-10T2300,2494A,109.6958,28.2675,湘西土家族苗族自治州,吉首市计生局,细颗粒物(PM2.5),127,108,144,96,117,9,,43,33,16,12,5,7,0.9,0.9
2024-02-10T2300,2432A,112.155,32.0197,襄阳市,襄城运动路,细颗粒物(PM2.5),255,244,178,205,144,50,,85,70,20,17,12,16,1.3,1.2
2024-02-10T2300,2433A,112.1392,32.0564,襄阳市,樊城新华路,细颗粒物(PM2.5),247,197,152,197,137,49,,79,68,28,23,10,13,0.9,0.9
2024-02-10T2300,2434A,112.1825,32.1142,襄阳市,高新管委会,细颗粒物(PM2.5),254,241,163,204,144,44,,78,67,20,11,10,13,1.1,1.3
2024-02-10T2300,2435A,112.2106,32.0903,襄阳市,襄州航空路,,,,156,,138,39,,82,67,24,17,10,13,1.4,1.2
2024-02-10T2300,3396A,112.0828,32.0067,襄阳市,襄城隆中路,细颗粒物(PM2.5),222,214,177,172,154,62,,75,71,15,13,11,13,1.3,1.3
2024-02-10T2300,3397A,112.1214,32.1008,襄阳市,高新台子湾,细颗粒物(PM2.5),221,221,166,171,141,35,,84,70,37,20,12,15,1.1,1
2024-02-10T2300,2443A,113.9153,30.9285,孝感市,文化路,细颗粒物(PM2.5),285,320,203,235,172,19,,84,48,54,22,9,11,1.8,1.3
2024-02-10T2300,2444A,113.942,30.9075,孝感市,东城区,细颗粒物(PM2.5),252,284,196,202,155,41,,87,65,36,22,9,12,1.3,1.1
2024-02-10T2300,2181A,112.7383,38.4519,忻州市,开发区,细颗粒物(PM2.5),125,148,188,95,140,59,,96,82,21,23,10,19,0.6,0.9
2024-02-10T2300,2182A,112.7003,38.4928,忻州市,会展中心,细颗粒物(PM2.5),137,142,193,104,149,53,,89,79,17,19,12,16,0.5,0.9
2024-02-10T2300,3208A,112.7283,38.4153,忻州市,市政府,颗粒物(PM10),72,94,177,45,120,77,,93,85,10,22,11,26,0.7,1.1
2024-02-10T2300,2389A,113.836,35.311,新乡市,环保西院,细颗粒物(PM2.5),312,295,488,262,369,49,,87,75,31,30,14,58,1.4,1.5
2024-02-10T2300,2390A,113.884,35.272,新乡市,开发区,细颗粒物(PM2.5),377,,296,327,298,39,,98,76,44,27,18,41,1.5,1.3
2024-02-10T2300,2391A,113.883,35.303,新乡市,环保东院,细颗粒物(PM2.5),468,468,358,452,321,44,,91,73,52,43,21,48,1.5,1.4
2024-02-10T2300,3054A,113.9194,35.2847,新乡市,市委党校,细颗粒物(PM2.5),335,327,297,285,262,71,,104,87,25,21,14,28,1.3,1.1
2024-02-10T2300,3475A,113.9188,35.3045,新乡市,市政府,细颗粒物(PM2.5),308,305,404,258,343,56,,100,75,31,32,14,32,1.4,1.2
2024-02-10T2300,3476A,113.9135,35.3327,新乡市,河师大,细颗粒物(PM2.5),282,334,447,232,339,74,,102,91,25,32,14,45,1.5,1.5
2024-02-10T2300,3689A,113.9003,35.372,新乡市,行政服务中心,细颗粒物(PM2.5),277,240,388,227,352,61,,100,88,18,27,12,52,1.2,1.2
2024-02-10T2300,2352A,115.0861,27.9317,新余市,北岗,细颗粒物(PM2.5),95,72,114,71,102,29,,85,65,9,9,3,20,1.0,1
2024-02-10T2300,2353A,114.9886,27.8431,新余市,飞宇,细颗粒物(PM2.5),93,97,135,69,96,39,,80,67,19,17,12,23,0.7,1.2
2024-02-10T2300,2354A,114.9231,27.8246,新余市,第二水厂,细颗粒物(PM2.5),79,65,100,58,75,26,,82,54,27,15,10,12,1.1,1.1
2024-02-10T2300,2355A,114.9308,27.8036,新余市,市气象局,细颗粒物(PM2.5),90,88,110,67,85,49,,83,68,22,27,12,22,0.3,1
2024-02-10T2300,3206A,114.9149,27.807,新余市,新钢沁园村,细颗粒物(PM2.5),80,93,104,59,78,31,,85,56,23,18,11,14,1.0,1
2024-02-10T2300,2054A,114.1099,32.1059,信阳市,平桥分局,细颗粒物(PM2.5),205,191,127,155,112,57,,90,72,14,12,6,7,1.0,0.8
2024-02-10T2300,2064A,113.9956,32.1271,信阳市,南湾水厂,细颗粒物(PM2.5),205,160,123,155,112,57,,95,80,10,10,3,5,1.1,0.9
2024-02-10T2300,2065A,114.0775,32.1195,信阳市,市酿酒公司,细颗粒物(PM2.5),256,,123,206,125,30,,89,53,34,20,5,6,1.3,0.9
2024-02-10T2300,2066A,114.0609,32.1399,信阳市,审计局,细颗粒物(PM2.5),287,243,126,237,123,15,,94,62,55,18,6,7,1.7,1
2024-02-10T2300,2200A,122.0392,46.0656,兴安盟,胜华新制药厂,,26,25,112,17,94,81,,78,77,4,10,4,14,0.2,0.4
2024-02-10T2300,2201A,121.9504,46.0741,兴安盟,科右前旗环保局,,31,31,113,14,125,88,,83,83,3,8,4,21,0.3,0.4
2024-02-10T2300,3035A,122.0931,46.0707,兴安盟,北滨河,,35,35,142,18,108,90,,84,84,6,20,1,13,0.5,1
2024-02-10T2300,1077A,114.4704,37.0886,邢台市,达活泉,细颗粒物(PM2.5),304,348,282,254,213,88,,112,98,26,23,16,19,1.5,1.3
2024-02-10T2300,1078A,114.5062,37.0349,邢台市,邢师高专,细颗粒物(PM2.5),331,345,296,281,248,63,,115,93,34,24,22,26,1.4,1.1
2024-02-10T2300,1079A,114.5237,37.0851,邢台市,路桥公司,细颗粒物(PM2.5),321,310,271,271,235,63,,107,90,46,26,20,25,1.4,1.3
2024-02-10T2300,1080A,114.4725,37.0719,邢台市,市环保局,细颗粒物(PM2.5),298,327,296,248,216,85,,104,97,24,20,18,23,1.2,1
2024-02-10T2300,3584A,115.8844,39.0341,雄安新区,容城县环境保护局,细颗粒物(PM2.5),100,119,87,75,53,78,,99,89,17,18,11,11,0.5,0.3
2024-02-10T2300,3585A,115.8665,39.0645,雄安新区,河北容城中学,细颗粒物(PM2.5),104,98,96,78,78,71,,88,81,21,22,11,12,0.5,0.5
2024-02-10T2300,3586A,115.923,38.9405,雄安新区,安新县民政局,细颗粒物(PM2.5),115,125,101,87,75,72,,91,86,11,9,12,13,0.5,0.4
2024-02-10T2300,3587A,115.9324,38.9338,雄安新区,安新县电力局,细颗粒物(PM2.5),105,112,99,79,73,66,,92,83,17,12,14,14,0.5,0.4
2024-02-10T2300,3588A,116.0901,38.9816,雄安新区,雄县环境保护局,细颗粒物(PM2.5),119,127,104,90,67,66,,92,86,21,15,11,18,0.5,0.4
2024-02-10T2300,3589A,116.1105,39.0046,雄安新区,雄县国土资源局,细颗粒物(PM2.5),100,103,82,75,55,80,,97,90,14,11,13,14,0.2,0.2
2024-02-10T2300,1177A,117.179,34.2761,徐州市,黄河新村,"颗粒物(PM10),细颗粒物(PM2.5)",500,610,425,597,412,20,,81,46,43,34,8,13,1.3,1.1
2024-02-10T2300,1178A,117.1918,34.2384,徐州市,淮塔,细颗粒物(PM2.5),425,393,376,387,345,66,,85,65,18,27,10,13,1.2,1.1
2024-02-10T2300,1180A,117.256,34.2153,徐州市,新城区,细颗粒物(PM2.5),429,408,352,393,311,54,,81,64,30,27,10,13,1.1,1.1
2024-02-10T2300,1181A,117.244,34.2911,徐州市,桃园路,细颗粒物(PM2.5),493,552,393,489,334,14,,85,51,53,31,9,13,1.3,1.1
2024-02-10T2300,1182A,117.2933,34.2778,徐州市,农科院,细颗粒物(PM2.5),445,439,323,417,298,42,,87,64,31,23,10,12,1.1,1
2024-02-10T2300,3005A,117.1814,34.29,徐州市,鼓楼区政府,细颗粒物(PM2.5),475,496,361,462,372,25,,74,49,47,33,8,18,1.1,0.9
2024-02-10T2300,3006A,117.1694,34.1781,徐州市,铜山区招生办,细颗粒物(PM2.5),414,476,375,370,304,32,,97,68,40,29,14,21,1.4,1.3
2024-02-10T2300,3288A,117.4754,34.4422,徐州市,大泉街道,细颗粒物(PM2.5),410,506,420,364,312,47,,62,57,25,17,13,18,1.7,1.3
2024-02-10T2300,2396A,113.8276,34.0159,许昌市,监测站,颗粒物(PM10),165,280,313,116,259,52,,81,77,30,32,13,18,0.5,1
2024-02-10T2300,2398A,113.7906,33.9953,许昌市,开发区,颗粒物(PM10),106,162,255,40,217,82,,85,85,10,19,6,12,0.4,0.9
2024-02-10T2300,3134A,113.8172,34.0339,许昌市,市一中,颗粒物(PM10),177,304,362,93,307,60,,84,77,26,30,12,16,0.5,1
2024-02-10T2300,3337A,113.8614,34.0442,许昌市,许昌学院,颗粒物(PM10),119,188,283,53,214,74,,97,89,13,21,11,17,0.4,0.8
2024-02-10T2300,3338A,113.843,34.0823,许昌市,芙蓉广场,颗粒物(PM10),115,180,205,54,155,68,,94,83,14,17,10,16,0.5,0.8
2024-02-10T2300,3597A,113.8134,34.1251,许昌市,建安区兴业大厦,颗粒物(PM10),105,160,192,56,129,80,,99,91,9,14,6,14,0.4,0.7
2024-02-10T2300,2316A,118.7581,30.9454,宣城市,鳌峰子站,细颗粒物(PM2.5),102,97,91,76,76,60,,101,82,15,8,5,5,0.7,0.7
2024-02-10T2300,2317A,118.7385,30.9743,宣城市,敬亭山子站,细颗粒物(PM2.5),80,78,76,59,58,87,,102,94,10,8,7,5,0.6,0.8
2024-02-10T2300,2318A,118.7173,30.9427,宣城市,开发区子站,细颗粒物(PM2.5),94,79,78,70,67,71,,105,94,12,8,6,6,0.8,0.8
2024-02-10T2300,3470A,118.7724,30.9141,宣城市,夏渡子站,细颗粒物(PM2.5),99,94,90,74,71,74,,99,89,16,14,6,5,0.7,0.7
2024-02-10T2300,2554A,103.0475,30.02,雅安市,建安厂,细颗粒物(PM2.5),112,94,104,84,93,28,,76,63,28,15,6,7,0.7,0.6
2024-02-10T2300,2555A,103.0111,29.9833,雅安市,市政府,细颗粒物(PM2.5),115,103,84,87,76,32,,78,63,19,14,7,10,0.7,0.5
2024-02-10T2300,2556A,102.9905,29.9775,雅安市,川农大,细颗粒物(PM2.5),98,86,68,73,61,47,,82,76,16,11,7,6,0.7,0.6
2024-02-10T2300,3700A,103.0456,29.9956,雅安市,康养中心,,,,,,,,,,,,,,,,
2024-02-10T2300,1642A,121.2514,37.5639,烟台市,开发区,细颗粒物(PM2.5),113,90,270,85,248,63,,84,73,15,29,6,12,1.0,1.8
2024-02-10T2300,1643A,121.3719,37.5433,烟台市,轴承厂,细颗粒物(PM2.5),129,112,191,98,173,56,,93,74,32,28,8,13,1.2,1.4
2024-02-10T2300,1644A,121.3181,37.5436,烟台市,西郊化工站,细颗粒物(PM2.5),113,90,218,85,209,63,,91,71,24,29,8,17,0.9,1.3
2024-02-10T2300,1645A,121.4478,37.4822,烟台市,莱山环保局,细颗粒物(PM2.5),110,102,219,83,189,83,,88,88,15,24,14,15,0.7,1.2
2024-02-10T2300,1646A,121.2611,37.4967,烟台市,福山环保局,细颗粒物(PM2.5),175,156,334,132,291,27,,89,62,37,37,5,9,1.6,1.8
2024-02-10T2300,3057A,121.5992,37.4014,烟台市,牟平检察院,细颗粒物(PM2.5),140,134,204,107,169,63,,98,81,18,22,9,14,1.4,1.7
2024-02-10T2300,3366A,121.5206,37.4336,烟台市,中国农业大学,细颗粒物(PM2.5),156,136,208,119,188,64,,93,84,24,23,10,12,1.1,1.3
2024-02-10T2300,1926A,109.4131,36.6275,延安市,枣园,颗粒物(PM10),61,71,127,32,50,35,,87,64,13,10,3,4,0.7,0.6
2024-02-10T2300,1927A,109.4761,36.6028,延安市,延大医附院,颗粒物(PM10),83,115,187,60,91,18,,79,46,34,22,6,6,0.9,0.7
2024-02-10T2300,1929A,109.5056,36.6106,延安市,百米大道,细颗粒物(PM2.5),85,116,193,63,90,5,,79,45,58,32,6,8,1.2,0.8
2024-02-10T2300,3652A,109.4809,36.5786,延安市,西北局旧址,颗粒物(PM10),80,110,206,45,106,26,,77,49,27,27,8,10,1.1,1.1
2024-02-10T2300,2237A,129.47,42.8883,延边朝鲜族自治州,妇幼医院,细颗粒物(PM2.5),69,65,72,50,52,47,,92,68,20,19,12,22,0.8,0.6
2024-02-10T2300,2238A,129.5055,42.9108,延边朝鲜族自治州,延边医院,细颗粒物(PM2.5),165,257,254,125,219,51,,97,71,21,22,14,34,0.9,0.7
2024-02-10T2300,2239A,129.3964,42.8881,延边朝鲜族自治州,朝阳川镇医院,细颗粒物(PM2.5),55,51,69,39,51,52,,101,72,8,11,7,12,0.8,0.7
2024-02-10T2300,1215A,120.118,33.4022,盐城市,盐城电厂,细颗粒物(PM2.5),235,224,228,185,205,64,,112,94,24,20,8,15,1.3,1.2
2024-02-10T2300,1216A,120.156,33.3942,盐城市,市监测站,细颗粒物(PM2.5),313,287,245,263,218,54,,89,75,32,18,4,8,2.0,1.3
2024-02-10T2300,1218A,120.2144,33.38,盐城市,开发区管委会,细颗粒物(PM2.5),258,222,206,208,204,55,,105,85,21,21,5,9,1.4,1.2
2024-02-10T2300,3004A,120.1544,33.3663,盐城市,宝龙广场,细颗粒物(PM2.5),255,237,223,205,195,57,,100,85,28,21,7,11,1.1,1
2024-02-10T2300,3293A,120.1501,33.3367,盐城市,月亮广场,细颗粒物(PM2.5),255,241,259,205,222,56,,99,82,25,20,5,7,1.5,1.2
2024-02-10T2300,3436A,120.4279,33.205,盐城市,大丰高级中学,细颗粒物(PM2.5),233,212,218,183,198,51,,100,85,19,15,4,11,1.0,1
2024-02-10T2300,1186A,119.389,32.3761,扬州市,邗江监测站,细颗粒物(PM2.5),129,127,173,98,148,84,,107,95,24,31,7,14,1.0,1.3
2024-02-10T2300,2869A,119.447,32.4155,扬州市,五台山医院,细颗粒物(PM2.5),148,129,148,113,135,69,,99,87,28,29,8,12,1.1,1.3
2024-02-10T2300,3164A,119.4686,32.3942,扬州市,广陵建设局,细颗粒物(PM2.5),148,142,164,113,134,73,,107,91,26,26,6,11,1.1,1.3
2024-02-10T2300,3195A,119.3633,32.3972,扬州市,市体育局,细颗粒物(PM2.5),122,119,156,92,131,86,,108,100,19,25,8,15,0.9,1.1
2024-02-10T2300,3294A,119.5653,32.4222,扬州市,引江管理处,细颗粒物(PM2.5),152,153,179,116,139,78,,110,90,25,28,11,11,1.0,1.2
2024-02-10T2300,1699A,111.9797,21.8593,阳江市,鸳鸯湖,细颗粒物(PM2.5),59,53,40,42,33,70,,84,81,13,7,13,12,0.6,0.7
2024-02-10T2300,1701A,111.9491,21.8658,阳江市,马南垌,细颗粒物(PM2.5),123,128,46,93,41,33,,77,64,38,14,8,7,1.1,0.7
2024-02-10T2300,3317A,111.9765,21.8947,阳江市,两阳中学,细颗粒物(PM2.5),68,68,33,49,25,56,,77,73,34,14,11,9,0.5,0.7
2024-02-10T2300,3453A,112.0125,21.8749,阳江市,阳东陶然,细颗粒物(PM2.5),72,75,38,52,31,56,,80,75,19,12,8,8,0.4,0.4
2024-02-10T2300,1738A,113.5758,37.8572,阳泉市,市中心,颗粒物(PM10),99,147,187,46,102,62,,89,80,28,36,12,22,0.7,0.9
2024-02-10T2300,1739A,113.4894,37.8731,阳泉市,赛鱼,颗粒物(PM10),82,113,152,52,80,68,,84,78,21,26,13,18,0.5,0.6
2024-02-10T2300,1740A,113.5819,37.8486,阳泉市,南庄,颗粒物(PM10),91,131,313,54,133,79,,88,84,13,33,9,33,0.6,0.9
2024-02-10T2300,1742A,113.5614,37.8703,阳泉市,平坦,颗粒物(PM10),94,137,178,60,118,66,,86,76,23,34,13,26,0.6,0.8
2024-02-10T2300,1743A,113.5158,37.8392,阳泉市,大阳泉,颗粒物(PM10),71,92,107,39,61,82,,92,88,17,21,9,15,0.5,0.6
2024-02-10T2300,3619A,113.617,37.8571,阳泉市,龙柱,颗粒物(PM10),82,113,138,55,84,68,,88,79,23,30,12,21,0.6,0.9
2024-02-10T2300,2252A,128.5159,47.4311,伊春市,环保局,细颗粒物(PM2.5),89,117,135,66,165,102,,92,92,15,16,8,28,0.9,0.7
2024-02-10T2300,2253A,128.9102,47.7412,伊春市,电力嘉园,细颗粒物(PM2.5),125,117,108,95,86,102,,89,89,9,17,11,24,1.0,0.8
2024-02-10T2300,2254A,129.5029,48.471,伊春市,汤旺河国家公园,,19,13,11,7,7,58,,83,74,8,7,4,5,0.7,0.7
2024-02-10T2300,3342A,128.4741,47.4346,伊春市,中心小学,细颗粒物(PM2.5),158,,160,120,144,96,,85,85,12,10,10,25,1.0,0.8
2024-02-10T2300,3343A,128.6871,47.7369,伊春市,检察院,细颗粒物(PM2.5),190,,116,143,97,102,,88,88,14,13,13,25,0.8,0.5
2024-02-10T2300,3344A,128.8431,47.8474,伊春市,双子河社区,细颗粒物(PM2.5),69,,55,50,41,92,,95,95,11,8,9,9,0.7,0.7
2024-02-10T2300,3480A,129.1368,47.6417,伊春市,美溪镇,细颗粒物(PM2.5),84,,129,62,122,78,,78,78,9,15,10,25,0.6,0.8
2024-02-10T2300,2703A,81.2815,43.9404,伊犁哈萨克自治州,市环保局,细颗粒物(PM2.5),89,86,130,66,109,27,,74,65,59,38,14,20,1.9,2.1
2024-02-10T2300,2704A,81.2996,43.9174,伊犁哈萨克自治州,新政府片区,细颗粒物(PM2.5),202,190,92,152,73,10,,70,52,95,45,14,9,4.0,1.9
2024-02-10T2300,2705A,81.3364,43.941,伊犁哈萨克自治州,第二水厂,细颗粒物(PM2.5),117,144,106,88,86,9,,72,57,75,37,12,12,2.9,1.9
2024-02-10T2300,1882A,104.563,28.793,宜宾市,石马中学,,,,,,,,,,,,,,,,
2024-02-10T2300,1883A,104.6201,28.7728,宜宾市,市委,细颗粒物(PM2.5),123,107,107,93,91,28,,90,68,43,22,7,9,1.0,0.9
2024-02-10T2300,1884A,104.6055,28.793,宜宾市,宜宾四中,细颗粒物(PM2.5),120,109,108,91,96,31,,87,70,35,18,9,10,1.0,0.9
2024-02-10T2300,1885A,104.639,28.7562,宜宾市,市政府,细颗粒物(PM2.5),156,121,100,119,92,5,,91,64,63,26,9,12,1.4,0.9
2024-02-10T2300,1886A,104.5742,28.7199,宜宾市,黄金嘴,细颗粒物(PM2.5),122,114,146,92,124,21,,85,69,35,18,9,12,0.9,0.8
2024-02-10T2300,3728A,104.68,28.8071,宜宾市,白酒学院,细颗粒物(PM2.5),93,80,94,69,79,69,,102,96,16,10,9,9,0.7,0.8
2024-02-10T2300,1840A,111.2992,30.6981,宜昌市,白龙岗,细颗粒物(PM2.5),122,107,107,92,94,51,,81,72,19,19,8,7,1.0,0.9
2024-02-10T2300,1841A,111.3549,30.6465,宜昌市,伍家岗,细颗粒物(PM2.5),125,116,119,95,103,33,,88,72,28,19,7,7,0.8,0.8
2024-02-10T2300,1842A,111.2628,30.6961,宜昌市,点军区,细颗粒物(PM2.5),128,107,136,97,122,48,,78,71,17,20,6,6,0.9,0.9
2024-02-10T2300,1843A,111.3275,30.7819,宜昌市,夷陵区,细颗粒物(PM2.5),145,139,172,111,149,39,,92,77,23,17,5,5,0.7,0.7
2024-02-10T2300,3546A,111.4606,30.552,宜昌市,猇亭区张家湾站,细颗粒物(PM2.5),109,101,95,82,79,65,,83,76,16,17,7,6,1.0,0.9
2024-02-10T2300,3653A,111.3119,30.7273,宜昌市,云深路,细颗粒物(PM2.5),139,120,115,106,104,46,,88,77,16,14,7,7,0.8,0.7
2024-02-10T2300,2371A,114.3408,27.8064,宜春市,槟榔水业,,,,,,,,,,,,,,,,
2024-02-10T2300,2373A,114.3956,27.7844,宜春市,市石油公司,细颗粒物(PM2.5),115,98,124,87,100,44,,95,75,10,10,5,7,1.6,1.5
2024-02-10T2300,2374A,114.3703,27.7914,宜春市,市气象局,细颗粒物(PM2.5),144,122,134,110,114,45,,97,81,17,14,11,12,1.6,1.4
2024-02-10T2300,2375A,114.4013,27.8074,宜春市,市广电局,细颗粒物(PM2.5),206,158,151,156,129,30,,84,62,39,23,10,13,1.2,1.3
2024-02-10T2300,3151A,114.375,27.8097,宜春市,宜春学院北校区,细颗粒物(PM2.5),333,347,183,283,149,28,,91,66,35,19,12,14,1.5,1.4
2024-02-10T2300,3415A,114.4519,28.0828,宜春市,万载县环保局,细颗粒物(PM2.5),160,153,146,122,120,40,,84,68,14,12,11,20,1.1,1.1
2024-02-10T2300,2467A,112.4067,28.6428,益阳市,甘溪港,细颗粒物(PM2.5),192,172,301,144,241,59,,90,82,16,21,13,26,0.7,1
2024-02-10T2300,2468A,112.3458,28.5808,益阳市,市环保局,细颗粒物(PM2.5),214,197,208,164,175,55,,98,87,11,7,11,12,1.2,1.2
2024-02-10T2300,2469A,112.3437,28.5531,益阳市,市特殊教育学校,细颗粒物(PM2.5),218,196,176,168,157,62,,100,91,17,13,10,10,1.2,1.1
2024-02-10T2300,2470A,112.3347,28.6047,益阳市,资阳区政务中心,细颗粒物(PM2.5),242,202,244,192,244,51,,98,87,16,10,8,10,1.1,1.2
2024-02-10T2300,2471A,112.3744,28.5819,益阳市,赫山环保分局,细颗粒物(PM2.5),245,225,269,195,232,29,,94,76,26,16,8,16,1.5,1.6
2024-02-10T2300,1484A,105.9512,38.6016,银川市,贺兰山马莲口,,28,28,83,9,14,81,,88,83,14,14,6,6,0.2,0.2
2024-02-10T2300,1488A,106.2328,38.4975,银川市,贺兰山东路,颗粒物(PM10),62,74,117,31,36,67,,91,80,17,16,4,7,0.5,0.5
2024-02-10T2300,1489A,106.1358,38.5036,银川市,学院路,颗粒物(PM10),55,59,109,27,29,45,,94,79,32,15,9,10,0.7,0.5
2024-02-10T2300,2924A,106.2266,38.4418,银川市,水乡路,颗粒物(PM10),69,87,118,31,29,72,,92,83,18,14,11,13,0.3,0.3
2024-02-10T2300,2925A,106.2757,38.4842,银川市,上海东路,颗粒物(PM10),67,84,120,41,49,71,,91,80,19,14,11,14,0.3,0.3
2024-02-10T2300,2926A,106.1015,38.497,银川市,文昌北街,颗粒物(PM10),61,71,110,39,30,10,,93,74,68,12,7,6,0.5,0.3
2024-02-10T2300,3523A,106.5105,38.3856,银川市,滨河新区,颗粒物(PM10),55,60,105,18,21,43,,89,73,28,16,28,11,0.6,0.4
2024-02-10T2300,2357A,116.9822,28.1136,鹰潭市,龙虎山,,,,,,,,,,,,,,,,
2024-02-10T2300,2358A,117.0564,28.2642,鹰潭市,新监测站,细颗粒物(PM2.5),90,88,108,67,81,50,,104,79,20,15,6,18,0.4,0.7
2024-02-10T2300,2359A,117.0311,28.2475,鹰潭市,财苑宾馆,细颗粒物(PM2.5),145,127,110,111,93,23,,108,75,41,16,8,15,0.7,0.7
2024-02-10T2300,2360A,117.0222,28.2264,鹰潭市,体育馆,细颗粒物(PM2.5),153,117,94,117,88,30,,111,84,18,6,6,16,0.8,0.7
2024-02-10T2300,2361A,117.0017,28.2131,鹰潭市,三川水表,细颗粒物(PM2.5),77,65,86,56,77,48,,111,82,1,2,5,11,0.7,0.6
2024-02-10T2300,1597A,122.2703,40.7094,营口市,大庆路,颗粒物(PM10),77,103,409,49,328,75,,95,84,17,30,8,17,0.5,1.8
2024-02-10T2300,1598A,122.2150,40.6511,营口市,镜湖西路,细颗粒物(PM2.5),104,101,395,78,362,73,,86,80,20,30,9,23,0.7,1.4
2024-02-10T2300,1599A,122.1658,40.6789,营口市,西炮台,细颗粒物(PM2.5),123,115,257,93,233,65,,81,69,22,26,8,11,0.6,1.1
2024-02-10T2300,3379A,122.1139,40.2278,营口市,鲅鱼圈市民活动中心,细颗粒物(PM2.5),180,153,504,136,375,57,,59,59,21,42,14,40,1.5,2
2024-02-10T2300,3866A,122.2469,40.66302,营口市,三高中,细颗粒物(PM2.5),79,78,415,58,378,82,,86,83,19,32,11,28,0.5,1.3
2024-02-10T2300,4006A,122.3622,40.6762,营口市,老边实验小学,细颗粒物(PM2.5),204,,405,154,248,30,,88,66,56,41,12,27,1.2,2
2024-02-10T2300,2477A,111.6217,26.2081,永州市,零陵南津渡,细颗粒物(PM2.5),73,70,96,53,90,55,,100,87,9,8,7,9,0.8,0.7
2024-02-10T2300,2478A,111.6156,26.4214,永州市,市环境监测站,细颗粒物(PM2.5),260,225,173,210,160,10,,96,74,46,20,7,9,1.3,0.9
2024-02-10T2300,2479A,111.6236,26.2331,永州市,零陵区环保局,细颗粒物(PM2.5),119,97,100,90,95,45,,87,62,13,13,9,8,0.9,0.9
2024-02-10T2300,2480A,111.5992,26.4364,永州市,永州市环保局,细颗粒物(PM2.5),189,168,147,142,114,23,,95,77,34,15,9,11,1.1,0.9
2024-02-10T2300,2481A,111.5989,26.4519,永州市,冷水滩区环保局,细颗粒物(PM2.5),220,181,169,170,166,38,,91,72,24,17,12,8,1.2,1
2024-02-10T2300,2638A,109.7414,38.3344,榆林市,红石峡森林公园,颗粒物(PM10),71,92,116,35,42,24,,93,68,34,15,7,7,0.8,0.7
2024-02-10T2300,2639A,109.7456,38.2911,榆林市,世纪广场,颗粒物(PM10),82,114,155,57,76,7,,85,51,69,34,12,10,1.0,0.8
2024-02-10T2300,2640A,109.7289,38.2839,榆林市,实验中学,细颗粒物(PM2.5),70,83,136,51,61,19,,87,65,59,24,15,12,1.1,0.8
2024-02-10T2300,2641A,109.7336,38.2478,榆林市,环保监测大楼,细颗粒物(PM2.5),127,149,157,96,76,9,,89,61,68,24,11,9,0.9,0.6
2024-02-10T2300,2509A,110.1106,22.7019,玉林市,寒山水库,细颗粒物(PM2.5),65,,137,47,117,30,,43,41,5,6,1,1,0.8,0.8
2024-02-10T2300,2510A,110.1675,22.6411,玉林市,市监测站,细颗粒物(PM2.5),212,201,126,162,112,32,,78,65,25,10,7,7,0.8,0.5
2024-02-10T2300,2511A,110.1433,22.6164,玉林市,南江一中,细颗粒物(PM2.5),251,242,131,201,118,25,,78,60,32,13,6,8,0.9,0.6
2024-02-10T2300,3532A,110.1945,22.6831,玉林市,玉林师范学院东校区,细颗粒物(PM2.5),109,,122,82,100,65,,83,76,8,9,5,13,0.4,0.4
2024-02-10T2300,3533A,110.0527,22.5893,玉林市,福绵环保局,细颗粒物(PM2.5),166,138,117,126,130,66,,81,74,8,9,5,16,0.7,0.7
2024-02-10T2300,2675A,97,33.0014,玉树藏族自治州,玉树县结古镇,,20,18,21,13,16,63,,90,83,15,9,18,16,0.6,0.5
2024-02-10T2300,1715A,102.575,24.3711,玉溪市,东风水库,细颗粒物(PM2.5),68,58,43,49,41,65,,85,82,10,8,10,11,0.9,0.9
2024-02-10T2300,2882A,102.5389,24.3703,玉溪市,玉溪一中,颗粒物(PM10),76,101,51,49,35,64,,91,83,11,6,11,13,1.0,1
2024-02-10T2300,2883A,102.5381,24.3389,玉溪市,文体中心,细颗粒物(PM2.5),72,77,50,52,38,65,,86,80,15,11,12,13,1.0,1.1
2024-02-10T2300,1847A,113.1094,29.3578,岳阳市,南湖风景区,细颗粒物(PM2.5),178,140,165,134,159,56,,94,80,28,16,7,12,1.2,1.2
2024-02-10T2300,1848A,113.1493,29.4251,岳阳市,城陵矶,细颗粒物(PM2.5),137,131,169,104,136,35,,95,75,38,15,7,13,0.9,1
2024-02-10T2300,1849A,113.1497,29.3575,岳阳市,开发区,细颗粒物(PM2.5),159,138,154,121,138,38,,96,80,40,21,6,10,1.0,0.9
2024-02-10T2300,1850A,113.2621,29.4758,岳阳市,云溪区,细颗粒物(PM2.5),148,157,149,113,121,16,,93,67,35,16,11,12,1.3,1
2024-02-10T2300,1851A,112.9943,29.4402,岳阳市,君山区,细颗粒物(PM2.5),172,139,177,130,157,53,,98,86,24,13,7,12,0.8,0.9
2024-02-10T2300,1852A,113.2117,29.355,岳阳市,金凤水库,细颗粒物(PM2.5),93,69,195,69,165,94,,102,100,10,12,4,9,0.6,0.9
2024-02-10T2300,1712A,112.0392,22.9169,云浮市,新市府,,38,35,34,26,31,31,,68,54,4,4,3,4,0.6,0.8
2024-02-10T2300,1714A,112.0539,22.9539,云浮市,牧羊,细颗粒物(PM2.5),52,37,64,36,54,53,,80,70,6,6,8,11,0.6,0.7
2024-02-10T2300,3628A,112.0336,22.9374,云浮市,文笔,细颗粒物(PM2.5),208,172,58,158,54,16,,71,52,23,6,10,10,0.6,0.5
2024-02-10T2300,2175A,110.9956,35.0147,运城市,运城中学,颗粒物(PM10),127,203,285,78,194,59,,86,75,19,26,10,16,0.3,0.9
2024-02-10T2300,2178A,110.9686,35.0303,运城市,地区技校,颗粒物(PM10),127,204,303,84,207,43,,80,68,31,29,14,21,0.6,0.9
2024-02-10T2300,2179A,111.0414,35.1147,运城市,空港新区,颗粒物(PM10),104,157,277,58,178,54,,83,75,16,26,12,17,0.9,1.5
2024-02-10T2300,3667A,111.0283,35.0547,运城市,水利职院,颗粒物(PM10),129,207,322,70,207,62,,86,78,19,30,26,19,0.7,1
2024-02-10T2300,3670A,111.0522,35.0439,运城市,禹都公园,颗粒物(PM10),125,200,285,68,196,62,,85,78,21,31,15,17,0.7,1
2024-02-10T2300,1637A,117.558,34.8438,枣庄市,市中区政府,细颗粒物(PM2.5),453,490,375,429,291,29,,100,65,54,41,16,39,1.8,1.7
2024-02-10T2300,1638A,117.2852,34.7837,枣庄市,薛城环保局,细颗粒物(PM2.5),466,513,381,448,324,46,,78,62,40,30,18,17,2.0,1.5
2024-02-10T2300,1639A,117.5852,34.7745,枣庄市,峄城区政府,细颗粒物(PM2.5),323,334,356,273,324,60,,92,70,41,38,20,46,1.2,1.3
2024-02-10T2300,1640A,117.7276,34.5578,枣庄市,台儿庄区环保局,细颗粒物(PM2.5),387,398,326,337,279,43,,72,61,40,31,9,9,1.8,1.5
2024-02-10T2300,1641A,117.4518,35.0992,枣庄市,山亭区环保局,细颗粒物(PM2.5),424,434,371,386,291,17,,112,68,54,37,14,38,2.0,1.5
2024-02-10T2300,3364A,117.3152,34.8103,枣庄市,市环保局,细颗粒物(PM2.5),394,403,356,344,309,65,,70,67,34,36,10,14,1.4,1.4
2024-02-10T2300,1680A,110.3539,21.2706,湛江市,湛江影剧院,细颗粒物(PM2.5),202,169,129,152,112,33,,61,53,22,12,19,27,1.0,0.9
2024-02-10T2300,1681A,110.3928,21.2228,湛江市,市环境监测站,细颗粒物(PM2.5),198,148,101,148,91,39,,57,50,22,13,14,16,1.0,1.1
2024-02-10T2300,1682A,110.4019,21.1997,湛江市,环保局宿舍,细颗粒物(PM2.5),206,,95,156,95,43,,58,54,22,12,17,14,1.1,0.9
2024-02-10T2300,1683A,110.4111,21.2028,湛江市,霞山游泳场,细颗粒物(PM2.5),183,144,102,138,88,32,,50,40,32,17,10,13,1.1,1.2
2024-02-10T2300,1684A,110.3316,21.2679,湛江市,麻章区环保局,细颗粒物(PM2.5),149,122,142,114,123,50,,60,58,11,8,10,26,0.9,0.8
2024-02-10T2300,1685A,110.4558,21.2567,湛江市,坡头区环保局,细颗粒物(PM2.5),185,,98,139,95,21,,59,50,40,14,6,12,1.0,0.8
2024-02-10T2300,1858A,110.5319,29.1217,张家界市,永定新区,细颗粒物(PM2.5),100,92,149,75,112,22,,70,55,18,10,3,7,0.7,0.7
2024-02-10T2300,1859A,110.4697,29.1242,张家界市,电业局,细颗粒物(PM2.5),147,174,155,112,132,3,,72,50,44,16,6,5,1.0,0.9
2024-02-10T2300,1860A,110.5594,29.3547,张家界市,未央路,细颗粒物(PM2.5),90,89,65,67,50,25,,64,41,10,9,3,3,0.6,0.6
2024-02-10T2300,1861A,110.4417,29.315,张家界市,袁家界,细颗粒物(PM2.5),54,45,37,38,33,67,,72,68,5,6,5,5,0.8,0.8
2024-02-10T2300,1057A,114.8883,40.8336,张家口市,人民公园,颗粒物(PM10),54,57,66,23,38,70,,90,83,13,12,8,7,0.6,0.4
2024-02-10T2300,1059A,114.8687,40.8042,张家口市,五金库,细颗粒物(PM2.5),118,115,72,89,50,67,,86,77,11,6,12,9,0.3,0.2
2024-02-10T2300,1060A,114.8902,40.762,张家口市,世纪豪园,颗粒物(PM10),62,73,65,41,47,76,,89,84,14,10,10,8,0.5,0.4
2024-02-10T2300,1061A,114.8916,40.8661,张家口市,北泵房,颗粒物(PM10),52,54,60,23,36,71,,95,84,10,9,8,9,0.7,0.6
2024-02-10T2300,3131A,114.879,40.7993,张家口市,烟厂,细颗粒物(PM2.5),77,75,64,56,40,66,,85,77,14,10,10,9,0.6,0.5
2024-02-10T2300,3323A,115.2773,40.9724,张家口市,青少年活动中心,细颗粒物(PM2.5),270,307,168,220,122,44,,90,71,35,18,17,14,0.6,0.5
2024-02-10T2300,2654A,100.4698,38.9524,张掖市,润泉湖,颗粒物(PM10),77,103,158,30,79,27,,83,62,11,12,5,16,0.4,0.5
2024-02-10T2300,2655A,100.4154,38.9422,张掖市,区工会,细颗粒物(PM2.5),82,97,138,60,68,16,,86,70,34,11,9,13,1.5,0.6
2024-02-10T2300,2075A,117.6336,24.4674,漳州市,九湖,,,,,,,,,,,,,,,,
2024-02-10T2300,2920A,117.7116,24.506,漳州市,蓝田镇,细颗粒物(PM2.5),85,74,61,63,52,78,,86,86,8,7,4,5,0.7,0.7
2024-02-10T2300,3216A,114.6622,24.5183,漳州市,漳州党校,细颗粒物(PM2.5),83,77,52,61,43,82,,89,89,13,9,5,5,0.8,0.8
2024-02-10T2300,3530A,117.6296,24.5314,漳州市,西洋坪路,细颗粒物(PM2.5),79,69,50,58,44,58,,87,84,11,5,3,4,0.7,0.7
2024-02-10T2300,2596A,103.7667,27.3736,昭通市,监测站,细颗粒物(PM2.5),52,40,53,36,44,80,,97,90,7,8,10,13,0.5,0.7
2024-02-10T2300,2597A,103.7225,27.3361,昭通市,环保局,细颗粒物(PM2.5),114,101,80,86,63,58,,98,82,20,13,27,19,1.0,0.9
2024-02-10T2300,1397A,112.4267,23.0706,肇庆市,睦岗子站,细颗粒物(PM2.5),54,46,36,38,32,31,,78,59,22,17,5,7,0.6,0.7
2024-02-10T2300,1398A,112.4645,23.0475,肇庆市,城中子站,细颗粒物(PM2.5),82,78,36,60,33,39,,97,76,28,14,8,6,0.7,0.6
2024-02-10T2300,1399A,112.5544,23.1522,肇庆市,坑口子站,,26,21,31,18,28,56,,81,68,14,14,5,5,0.6,0.8
2024-02-10T2300,1400A,112.4753,23.1,肇庆市,七星岩子站,,,,,,,,,,,,,,,,
2024-02-10T2300,3313A,112.4575,23.0166,肇庆市,高要湖西,,,,51,,41,19,,95,64,32,11,11,10,0.9,0.9
2024-02-10T2300,3451A,112.5617,23.2083,肇庆市,鼎湖凤凰,,48,38,31,33,27,44,,88,72,9,8,6,7,0.4,0.7
2024-02-10T2300,1203A,119.6707,32.1875,镇江市,新区办事处,细颗粒物(PM2.5),186,212,162,140,115,6,,99,43,99,36,5,10,0.9,1
2024-02-10T2300,1204A,119.4974,32.1968,镇江市,职教中心,细颗粒物(PM2.5),139,139,130,106,94,63,,104,76,36,25,8,10,0.7,1
2024-02-10T2300,1205A,119.4303,32.1328,镇江市,丹徒区监测站,细颗粒物(PM2.5),140,131,147,107,125,67,,106,88,34,20,6,9,0.7,0.9
2024-02-10T2300,2870A,119.4424,32.1873,镇江市,市疾控中心,细颗粒物(PM2.5),137,132,127,104,102,50,,105,68,30,26,4,8,0.8,1
2024-02-10T2300,3287A,119.3842,32.1976,镇江市,富润路1号,细颗粒物(PM2.5),175,140,142,132,125,50,,97,63,42,27,8,13,0.6,0.9
2024-02-10T2300,1316A,113.69031,34.76122,郑州市,烟厂,颗粒物(PM10),87,123,313,33,199,84,,97,88,6,26,11,34,0.6,0.9
2024-02-10T2300,1317A,113.65724,34.77134,郑州市,郑纺机,颗粒物(PM10),86,121,313,43,203,80,,82,78,9,37,9,37,0.4,0.7
2024-02-10T2300,1318A,113.67526,34.80246,郑州市,银行学校,颗粒物(PM10),80,110,289,42,234,79,,93,85,7,28,9,33,0.3,0.6
2024-02-10T2300,1319A,113.56746,34.81334,郑州市,供水公司,颗粒物(PM10),78,105,214,40,146,83,,94,85,6,16,11,23,0.4,0.7
2024-02-10T2300,1320A,113.7329,34.7178,郑州市,经开区管委,颗粒物(PM10),82,114,310,43,231,79,,92,84,10,26,13,31,0.4,0.7
2024-02-10T2300,1321A,113.73961,34.77172,郑州市,四十七中,颗粒物(PM10),82,114,378,50,277,76,,90,82,11,29,14,42,0.5,0.8
2024-02-10T2300,1322A,113.60532,34.74838,郑州市,市监测站,颗粒物(PM10),79,107,244,44,168,83,,97,89,6,19,3,19,0.5,0.7
2024-02-10T2300,1323A,113.64164,34.7525,郑州市,河医大,颗粒物(PM10),115,180,264,66,177,80,,93,85,10,23,46,37,0.3,0.6
2024-02-10T2300,1324A,113.51488,34.91089,郑州市,岗李水库,,,,,,,,,,,,,,,,
2024-02-10T2300,3471A,113.616563,34.86783,郑州市,惠济区政府,颗粒物(PM10),72,93,215,24,148,84,,96,88,4,17,6,18,0.2,0.5
2024-02-10T2300,3590A,113.8374,34.5589,郑州市,北区建设指挥部,颗粒物(PM10),79,108,133,43,73,77,,99,89,16,17,6,14,0.4,0.5
2024-02-10T2300,3591A,113.30952,34.803229,郑州市,上街区政府,颗粒物(PM10),106,161,234,46,155,76,,95,82,15,21,7,36,0.4,0.7
2024-02-10T2300,1379A,113.3769,22.5211,中山市,华柏园,细颗粒物(PM2.5),95,98,64,71,51,24,,94,64,43,17,5,6,0.9,0.8
2024-02-10T2300,1380A,113.3881,22.5497,中山市,张溪,细颗粒物(PM2.5),156,156,66,119,58,16,,103,77,53,14,6,7,1.0,0.6
2024-02-10T2300,1381A,113.4075,22.5111,中山市,紫马岭,细颗粒物(PM2.5),83,88,60,61,51,47,,95,78,16,11,6,8,0.7,0.8
2024-02-10T2300,1382A,113.4411,22.4853,中山市,长江旅游区,,,,,,,,,,,,,,,,
2024-02-10T2300,3454A,113.3528,22.478,中山市,中山南区,细颗粒物(PM2.5),83,68,54,61,49,38,,102,80,16,12,4,6,0.8,0.9
2024-02-10T2300,2680A,105.0025,37.4635,中卫市,沙坡头消防站,,,,,,,,,,,,,,,,
2024-02-10T2300,2682A,105.1971,37.5002,中卫市,环保局站,细颗粒物(PM2.5),158,,374,120,73,52,,83,72,27,12,10,7,0.8,0.3
2024-02-10T2300,3650A,105.1698,37.5162,中卫市,沙坡头区政府站,细颗粒物(PM2.5),113,128,363,85,67,53,,91,76,27,13,11,7,0.6,0.2
2024-02-10T2300,1414A,106.3787,29.8279,重庆市,缙云山,细颗粒物(PM2.5),57,49,59,40,47,100,,103,102,6,12,12,10,0,0.2
2024-02-10T2300,1416A,106.4213,29.8253,重庆市,天生,细颗粒物(PM2.5),128,111,165,97,138,45,,102,91,19,23,8,10,1.0,1
2024-02-10T2300,1417A,106.6263,29.7228,重庆市,两路,细颗粒物(PM2.5),124,109,91,94,78,71,,89,73,25,36,12,11,1.1,1.2
2024-02-10T2300,1418A,106.2953,29.5983,重庆市,虎溪,细颗粒物(PM2.5),129,113,93,98,74,32,,104,83,27,17,4,6,0.8,0.8
2024-02-10T2300,1419A,106.5777,29.5102,重庆市,南坪,细颗粒物(PM2.5),124,114,96,94,76,78,,107,100,22,23,19,12,1.3,1.2
2024-02-10T2300,1420A,106.6556,29.6277,重庆市,唐家沱,细颗粒物(PM2.5),129,118,88,98,77,56,,104,95,19,15,10,10,1.0,0.9
2024-02-10T2300,1421A,106.6349,29.4906,重庆市,茶园,细颗粒物(PM2.5),147,124,113,112,94,76,,104,101,19,21,13,9,1.3,1.3
2024-02-10T2300,1422A,106.3754,29.4572,重庆市,白市驿,细颗粒物(PM2.5),123,96,80,93,63,82,,110,107,24,20,14,6,1.0,0.8
2024-02-10T2300,1425A,106.6205,29.7166,重庆市,空港,细颗粒物(PM2.5),128,107,94,97,76,82,,97,86,17,38,14,11,0.9,1.1
2024-02-10T2300,1426A,106.4782,29.4875,重庆市,新山村,细颗粒物(PM2.5),124,118,102,94,76,59,,100,87,47,36,14,8,0.9,0.9
2024-02-10T2300,1427A,106.5616,29.6453,重庆市,礼嘉,细颗粒物(PM2.5),133,120,92,101,67,62,,102,90,34,30,17,10,1.0,1.1
2024-02-10T2300,1428A,106.4522,29.7091,重庆市,蔡家,细颗粒物(PM2.5),138,116,89,105,73,44,,96,81,15,16,5,7,0.8,0.8
2024-02-10T2300,1429A,106.5093,29.3917,重庆市,鱼新街,细颗粒物(PM2.5),132,126,109,100,87,21,,105,84,57,26,9,9,1.7,1.2
2024-02-10T2300,3014A,106.4958,29.5346,重庆市,歇台子,细颗粒物(PM2.5),110,101,95,83,68,71,,108,99,35,37,16,11,0.9,1
2024-02-10T2300,3015A,106.4037,29.5728,重庆市,龙井湾,细颗粒物(PM2.5),120,105,78,91,69,85,,108,104,13,20,13,8,0.8,0.9
2024-02-10T2300,3016A,106.5507,29.4153,重庆市,龙洲湾,细颗粒物(PM2.5),122,109,91,92,71,71,,96,91,20,18,9,8,1.1,1
2024-02-10T2300,3133A,106.5468,29.5654,重庆市,上清寺,细颗粒物(PM2.5),125,106,100,95,87,4,,89,59,85,42,7,9,1.3,1.1
2024-02-10T2300,3346A,108.3872,31.1628,重庆市,安康,细颗粒物(PM2.5),104,93,145,78,137,31,,64,55,20,18,12,14,0.9,1
2024-02-10T2300,3347A,105.9017,29.3569,重庆市,北山路,细颗粒物(PM2.5),133,,113,101,116,75,,107,104,21,16,12,10,0.8,0.7
2024-02-10T2300,3348A,105.839,30.1946,重庆市,春阳街,细颗粒物(PM2.5),216,201,173,166,162,8,,89,71,68,21,8,11,1.8,1.2
2024-02-10T2300,3349A,107.7983,30.6758,重庆市,人民东路,细颗粒物(PM2.5),176,155,173,133,147,30,,89,70,33,19,10,13,1.2,1.1
2024-02-10T2300,3350A,106.6479,29.0244,重庆市,滩子口,细颗粒物(PM2.5),173,143,140,131,123,14,,80,66,44,20,12,15,1.1,0.8
2024-02-10T2300,3351A,105.7167,29.7076,重庆市,棠香,细颗粒物(PM2.5),193,169,220,145,160,20,,109,88,42,17,6,8,1.3,1.1
2024-02-10T2300,3352A,107.0732,29.8617,重庆市,桃源西路,细颗粒物(PM2.5),182,140,232,137,211,58,,84,81,20,19,3,4,0.6,0.8
2024-02-10T2300,3353A,107.3535,29.7287,重庆市,迎宾大道,细颗粒物(PM2.5),215,,210,165,233,14,,68,53,42,24,11,19,0.9,0.8
2024-02-10T2300,3354A,108.815,29.5081,重庆市,舟白,细颗粒物(PM2.5),206,169,166,156,155,13,,64,57,32,16,8,10,1.0,0.9
2024-02-10T2300,3355A,108.3679,30.8426,重庆市,周家坝,细颗粒物(PM2.5),179,145,157,135,141,6,,68,49,61,29,13,14,1.3,0.9
2024-02-10T2300,3356A,108.4319,30.7555,重庆市,百安坝,细颗粒物(PM2.5),113,99,105,85,103,61,,86,81,15,16,10,10,0.6,0.7
2024-02-10T2300,3482A,107.7541,29.3277,重庆市,芙蓉中路,细颗粒物(PM2.5),78,59,102,57,90,38,,82,70,16,10,7,10,0.8,0.9
2024-02-10T2300,3483A,108.7661,29.5368,重庆市,西山,细颗粒物(PM2.5),145,,138,111,136,15,,57,45,22,13,10,11,0.8,0.7
2024-02-10T2300,3484A,106.2628,29.32,重庆市,行政中心,细颗粒物(PM2.5),135,113,136,103,130,40,,98,84,30,21,11,18,1.0,1
2024-02-10T2300,3485A,107.0944,29.1608,重庆市,高寺路,细颗粒物(PM2.5),165,134,210,125,220,28,,81,69,26,16,10,22,0.9,0.9
2024-02-10T2300,3599A,106.2649,29.9851,重庆市,书院路,细颗粒物(PM2.5),211,184,153,161,150,17,,85,61,19,13,8,10,1.1,1
2024-02-10T2300,3600A,106.2339,29.5559,重庆市,虎峰,细颗粒物(PM2.5),150,138,115,115,94,65,,114,108,30,20,12,11,0.9,0.9
2024-02-10T2300,3601A,106.0499,29.8342,重庆市,龙门街,细颗粒物(PM2.5),185,163,202,139,168,18,,96,63,41,28,10,11,1.5,1.3
2024-02-10T2300,3610A,105.5933,29.4105,重庆市,昌元,细颗粒物(PM2.5),256,237,249,206,214,34,,96,80,52,22,8,10,1.3,1.2
2024-02-10T2300,1258A,122.122,30.0203,舟山市,定海檀枫,细颗粒物(PM2.5),120,108,140,91,119,30,,95,64,45,28,7,8,0.7,0.8
2024-02-10T2300,1259A,122.3094,29.9558,舟山市,普陀东港,细颗粒物(PM2.5),73,69,121,53,99,82,,93,82,28,41,8,9,0.8,1
2024-02-10T2300,1260A,122.19,29.9944,舟山市,临城新区,细颗粒物(PM2.5),105,82,122,79,108,53,,93,73,24,24,8,9,0.7,0.8
2024-02-10T2300,2067A,114.6613,33.6128,周口市,市环境监测站,细颗粒物(PM2.5),415,431,331,372,310,32,,73,53,46,26,10,31,1.3,1.2
2024-02-10T2300,2068A,114.6758,33.6347,周口市,周口师范,细颗粒物(PM2.5),289,314,254,239,218,48,,78,63,38,26,10,17,0.8,0.8
2024-02-10T2300,2069A,114.6546,33.5979,周口市,市运管处,细颗粒物(PM2.5),304,297,285,254,271,57,,79,70,30,24,11,23,1.0,1
2024-02-10T2300,2070A,114.6369,33.6406,周口市,川汇区环保局,细颗粒物(PM2.5),259,320,275,209,266,64,,79,70,22,19,10,23,1.0,1.1
2024-02-10T2300,1515A,113.135,27.8244,株洲市,天台山庄,细颗粒物(PM2.5),145,146,321,111,253,53,,82,78,24,19,11,22,1.0,1.1
2024-02-10T2300,1518A,113.095,27.8867,株洲市,株冶医院,细颗粒物(PM2.5),179,155,347,135,276,61,,78,74,19,23,12,20,0.8,1.1
2024-02-10T2300,1519A,113.167,27.8667,株洲市,市四中,细颗粒物(PM2.5),147,141,294,112,256,62,,77,74,17,17,6,17,0.8,1
2024-02-10T2300,1520A,113.143,27.8381,株洲市,火车站,细颗粒物(PM2.5),138,129,320,105,262,58,,84,81,12,12,11,32,1.0,1.2
2024-02-10T2300,1524A,113.13,27.8528,株洲市,市监测站,细颗粒物(PM2.5),207,197,370,157,288,54,,84,79,22,20,10,17,1.0,1.2
2024-02-10T2300,1559A,113.251,27.8336,株洲市,大京风景区,细颗粒物(PM2.5),98,74,173,73,141,11,,71,49,7,10,8,12,0.9,0.9
2024-02-10T2300,2031A,113.1817,27.9958,株洲市,云田中学,细颗粒物(PM2.5),117,110,234,88,168,73,,91,85,7,11,8,14,0.8,1
2024-02-10T2300,1367A,113.5814,22.2618,珠海市,吉大,细颗粒物(PM2.5),87,72,53,64,49,67,,87,81,19,13,5,6,0.7,0.7
2024-02-10T2300,1368A,113.4881,22.2335,珠海市,前山,细颗粒物(PM2.5),93,91,66,69,49,38,,82,64,18,11,10,11,0.8,0.8
2024-02-10T2300,1369A,113.628,22.4251,珠海市,唐家,细颗粒物(PM2.5),87,68,47,64,50,56,,96,88,12,10,5,7,0.8,0.8
2024-02-10T2300,1370A,113.299,22.2281,珠海市,斗门,细颗粒物(PM2.5),119,106,58,90,47,59,,96,82,20,11,6,6,0.7,0.7
2024-02-10T2300,3308A,113.3494,22.0569,珠海市,金湾,细颗粒物(PM2.5),119,109,74,90,46,40,,84,72,19,12,6,6,0.3,0.4
2024-02-10T2300,3448A,113.5433,22.1163,珠海市,横琴,细颗粒物(PM2.5),64,56,54,46,49,52,,83,75,11,10,7,8,0.6,0.6
2024-02-10T2300,2420A,114.0189,32.9656,驻马店市,市一纸厂,细颗粒物(PM2.5),250,346,276,200,189,43,,91,74,34,22,13,13,0.6,0.8
2024-02-10T2300,2421A,114.0114,33.015,驻马店市,市彩印厂,细颗粒物(PM2.5),180,253,213,136,145,66,,92,82,15,13,13,14,0.4,0.6
2024-02-10T2300,2422A,113.9976,32.9771,驻马店市,天方二分厂,细颗粒物(PM2.5),226,286,327,176,266,41,,89,71,33,28,11,22,0.6,0.8
2024-02-10T2300,3339A,114.0012,33.0412,驻马店市,小管楼,颗粒物(PM10),114,178,146,70,106,74,,91,83,8,9,10,14,0.2,0.4
2024-02-10T2300,2561A,104.6617,30.1372,资阳市,莲花山,细颗粒物(PM2.5),100,90,154,75,140,94,,98,96,14,17,8,9,0.5,0.5
2024-02-10T2300,2562A,104.6356,30.1506,资阳市,资阳中学,细颗粒物(PM2.5),143,126,112,109,105,50,,107,94,29,13,7,7,1.1,1
2024-02-10T2300,2563A,104.6295,30.1383,资阳市,四三一厂,细颗粒物(PM2.5),319,324,251,269,198,15,,102,84,57,24,10,11,1.4,1.1
2024-02-10T2300,2564A,104.6463,30.1146,资阳市,师范校,细颗粒物(PM2.5),412,438,328,368,278,8,,97,74,62,23,11,9,1.3,1.2
2024-02-10T2300,2565A,104.6296,30.1256,资阳市,区法院,细颗粒物(PM2.5),221,185,238,171,198,9,,107,82,71,29,6,8,1.6,1.2
2024-02-10T2300,1631A,118.0414,36.8103,淄博市,人民公园,细颗粒物(PM2.5),195,168,398,146,348,36,,92,76,44,43,20,27,1.7,1.3
2024-02-10T2300,1633A,117.8525,36.4847,淄博市,双山,细颗粒物(PM2.5),109,97,211,82,189,51,,101,76,27,30,18,26,0.7,1.1
2024-02-10T2300,1634A,117.9592,36.6331,淄博市,气象站,细颗粒物(PM2.5),125,127,292,95,260,38,,98,72,34,35,24,30,0.9,1.3
2024-02-10T2300,1635A,118.3092,36.8194,淄博市,莆田园,细颗粒物(PM2.5),185,175,223,139,187,54,,104,85,30,27,22,24,2.0,1.6
2024-02-10T2300,3363A,117.9883,36.8372,淄博市,新区,细颗粒物(PM2.5),201,175,349,151,305,27,,95,72,35,27,11,23,1.6,1.2
2024-02-10T2300,3644A,117.8661,36.805,淄博市,三金集团,细颗粒物(PM2.5),228,217,340,178,290,36,,99,84,53,36,30,46,1.6,1.4
2024-02-10T2300,3645A,118.0253,36.8406,淄博市,东风化工厂,细颗粒物(PM2.5),216,191,368,166,317,52,,100,82,41,38,18,23,2.0,1.2
2024-02-10T2300,3027A,104.72,29.3427,自贡市,青杠林路,细颗粒物(PM2.5),148,133,221,113,196,52,,103,89,34,29,5,6,0.7,0.7
2024-02-10T2300,3028A,104.776,29.3627,自贡市,檀木林体育馆,细颗粒物(PM2.5),129,112,157,98,138,80,,103,97,13,14,8,9,0.5,0.6
2024-02-10T2300,3360A,104.7894,29.3194,自贡市,南湖救助站,细颗粒物(PM2.5),124,122,158,94,144,61,,101,92,35,25,4,6,0.6,0.6
2024-02-10T2300,3638A,104.7636,29.3338,自贡市,轻化工大学,细颗粒物(PM2.5),112,112,208,84,165,62,,95,82,28,34,6,6,0.6,0.8
2024-02-10T2300,1911A,106.9222,27.6869,遵义市,丁字口,细颗粒物(PM2.5),138,137,233,105,193,12,,45,33,54,32,77,49,1.3,1.1
2024-02-10T2300,1912A,106.9242,27.7019,遵义市,凤凰山,细颗粒物(PM2.5),90,73,126,67,118,94,,103,103,7,11,22,19,0.7,0.9
2024-02-10T2300,1913A,106.8906,27.6486,遵义市,忠庄,细颗粒物(PM2.5),128,115,261,97,212,21,,92,80,40,18,42,22,1.1,0.9
2024-02-10T2300,1914A,106.9231,27.6506,遵义市,舟水桥,细颗粒物(PM2.5),98,101,267,73,194,17,,55,48,25,17,17,20,0.8,1
2024-02-10T2300,1915A,106.9178,27.72,遵义市,干田坝,细颗粒物(PM2.5),103,100,189,77,187,18,,71,58,36,23,28,27,0.9,1
2024-02-10T2300,3536A,106.8547,27.5919,遵义市,第十二小学,细颗粒物(PM2.5),249,219,243,199,213,5,,84,63,44,19,129,45,1.6,0.8
2024-02-10T2300,2566A,102.1879,31.914,阿坝藏族羌族自治州,州农科所,,24,24,21,9,10,19,,30,26,2,5,6,7,0.7,0.8
2024-02-10T2300,2568A,102.2502,31.8896,阿坝藏族羌族自治州,马师校,,28,,12,19,11,56,,81,71,4,2,3,3,0.6,0.5
2024-02-10T2300,3994A,102.2165,31.9024,阿坝藏族羌族自治州,马尔康中学西区,,19,16,12,13,9,55,,78,69,3,2,4,4,0.4,0.4
2024-02-10T2300,2695A,80.292,41.1694,阿克苏地区,电视台,细颗粒物(PM2.5),112,128,178,84,113,17,,87,78,73,41,17,36,2.0,1.6
2024-02-10T2300,2696A,80.2613,41.1551,阿克苏地区,艺术中心,细颗粒物(PM2.5),201,217,157,151,107,11,,80,71,77,42,14,23,1.2,1.6
2024-02-10T2300,2204A,105.6467,38.8363,阿拉善盟,西城区西花园,,36,36,155,11,43,88,,95,90,4,6,8,10,0.5,0.5
2024-02-10T2300,2205A,105.6985,38.8411,阿拉善盟,蒙二幼,颗粒物(PM10),51,51,179,18,51,80,,91,83,8,9,7,10,0.5,0.4
2024-02-10T2300,2206A,105.724,38.8516,阿拉善盟,环保局新楼,,28,23,149,8,39,89,,93,88,5,7,6,8,0.5,0.5
2024-02-10T2300,2708A,88.1264,47.8517,阿勒泰地区,市站,,21,12,48,11,35,65,,79,74,13,15,5,9,0.2,0.2
2024-02-10T2300,2630A,80.1161,32.5,阿里地区,阿里监测站,,19,6,16,4,6,59,,81,78,14,8,16,19,0.6,0.5
2024-02-10T2300,3192A,80.0903,32.5028,阿里地区,阿里藏医院,,25,6,19,1,9,79,,89,88,2,8,5,14,0.4,0.5
2024-02-10T2300,2642A,109.0318,32.6537,安康市,香溪洞,细颗粒物(PM2.5),92,76,133,68,107,76,,90,89,7,10,8,12,0.8,0.9
2024-02-10T2300,2643A,109.0281,32.6939,安康市,安康市监测站,细颗粒物(PM2.5),211,183,235,161,199,16,,66,44,38,26,12,20,1.6,1.3
2024-02-10T2300,2644A,109.0072,32.6975,安康市,汉滨区检察院,细颗粒物(PM2.5),129,106,183,98,156,45,,77,69,13,15,8,12,0.9,1
2024-02-10T2300,2291A,117.0809,30.5177,安庆市,环科院,细颗粒物(PM2.5),158,162,132,120,109,60,,98,80,16,12,15,17,1.0,1
2024-02-10T2300,2292A,117.0331,30.5119,安庆市,马山宾馆,细颗粒物(PM2.5),173,156,165,131,143,75,,96,83,13,21,10,16,0.8,0.9
2024-02-10T2300,2294A,116.9896,30.6145,安庆市,安庆大学,细颗粒物(PM2.5),148,134,152,113,133,73,,102,91,14,16,10,16,0.9,1
2024-02-10T2300,3173A,117.0598,30.5351,安庆市,市人大,细颗粒物(PM2.5),155,151,140,118,117,64,,97,83,15,16,15,13,0.9,1
2024-02-10T2300,3122A,105.9606,26.2611,安顺市,伍家关,,,,,,,,,,,,,,,,
2024-02-10T2300,3123A,105.9408,26.2431,安顺市,凤凰山,,,,144,,130,8,,98,68,70,26,170,58,2.0,0.8
2024-02-10T2300,3124A,105.9439,26.2564,安顺市,金钟山,细颗粒物(PM2.5),74,58,80,54,69,81,,98,93,12,12,41,39,0.5,0.6
2024-02-10T2300,3125A,105.8983,26.2481,安顺市,娄家坡,细颗粒物(PM2.5),59,53,100,42,89,88,,98,94,7,11,22,31,0.5,0.7
2024-02-10T2300,1818A,114.4839,36.0621,安阳市,棉研所,,,,,,,,,,,,,,,,
2024-02-10T2300,1819A,114.3551,36.1017,安阳市,红庙街,细颗粒物(PM2.5),438,515,339,406,276,24,,110,74,52,29,11,27,1.9,1.7
2024-02-10T2300,1820A,114.361,36.0681,安阳市,银杏小区,细颗粒物(PM2.5),449,435,369,423,345,48,,111,80,28,25,11,30,2.2,2.1
2024-02-10T2300,3141A,114.3922,36.0878,安阳市,信访局,"颗粒物(PM10),细颗粒物(PM2.5)",500,717,351,566,330,31,,117,83,63,31,14,29,1.6,1.5
2024-02-10T2300,3669A,114.4705,36.0637,安阳市,左辅环卫站,细颗粒物(PM2.5),408,430,349,362,306,46,,102,83,37,29,10,26,1.7,1.6
2024-02-10T2300,3703A,114.2917,36.0949,安阳市,安钢职工学校,细颗粒物(PM2.5),424,460,412,385,330,51,,112,82,34,34,14,39,1.8,1.6
2024-02-10T2300,1748A,123.044,41.1196,鞍山市,深沟寺,细颗粒物(PM2.5),108,106,508,81,412,67,,70,64,17,42,13,48,0.7,1.7
2024-02-10T2300,1749A,123.011,41.0931,鞍山市,太阳城,细颗粒物(PM2.5),132,144,573,100,477,63,,74,68,21,39,13,81,0.6,1.5
2024-02-10T2300,1750A,123.0485,41.1442,鞍山市,太平,细颗粒物(PM2.5),224,230,462,174,376,34,,72,46,39,41,17,96,1.5,2.1
2024-02-10T2300,1751A,122.9642,41.0971,鞍山市,铁西三道街,细颗粒物(PM2.5),127,147,751,96,598,41,,71,52,43,47,16,89,1.4,2.1
2024-02-10T2300,1752A,122.9341,41.0833,鞍山市,铁西工业园区,细颗粒物(PM2.5),104,113,495,78,450,65,,77,52,19,45,9,40,1.0,2.3
2024-02-10T2300,1753A,123.022,41.0821,鞍山市,明达新区,细颗粒物(PM2.5),153,170,558,117,519,66,,66,62,18,40,16,73,0.7,1.8
2024-02-10T2300,1754A,123.1289,41.0228,鞍山市,千山,,,,,,,,,,,,,,,,
2024-02-10T2300,2195A,107.4212,40.761,巴彦淖尔市,附二中,颗粒物(PM10),53,56,132,35,46,61,,91,82,15,8,6,6,0.4,0.5
2024-02-10T2300,2196A,107.37,40.7372,巴彦淖尔市,市环保大楼,,,,145,,42,,,75,,,7,,5,,0.4
2024-02-10T2300,1956A,86.1472,41.7538,巴音郭楞蒙古自治州,孔雀公园,颗粒物(PM10),98,146,117,49,40,10,,88,71,68,20,6,8,1.1,0.6
2024-02-10T2300,1957A,86.1972,41.7166,巴音郭楞蒙古自治州,棉纺厂,颗粒物(PM10),117,184,148,30,42,65,,88,82,6,20,3,8,0.4,0.6
2024-02-10T2300,1958A,86.2357,41.7173,巴音郭楞蒙古自治州,经济开发区,颗粒物(PM10),94,137,122,33,32,68,,90,84,17,12,6,6,0.4,0.5
2024-02-10T2300,2914A,106.7677,31.8794,巴中市,苏山坪,细颗粒物(PM2.5),89,79,120,66,96,99,,97,97,7,10,5,7,0.7,0.8
2024-02-10T2300,3182A,106.7656,31.8545,巴中市,丽阳花园,细颗粒物(PM2.5),158,143,166,120,145,9,,70,49,41,24,5,5,1.3,1.2
2024-02-10T2300,3183A,106.7418,31.8654,巴中市,圣泉水务公司,细颗粒物(PM2.5),160,134,147,122,136,21,,77,54,31,22,6,6,1.1,1.1
2024-02-10T2300,3616A,106.7616,31.8344,巴中市,市中心医院,细颗粒物(PM2.5),180,151,176,136,144,8,,76,52,38,20,6,6,1.2,1.1
2024-02-10T2300,2235A,122.7911,45.6077,白城市,洮北区环保局,,32,32,99,13,87,91,,84,76,6,10,6,11,0.3,0.5
2024-02-10T2300,2236A,122.8738,45.5725,白城市,市环保局,,29,29,132,15,117,78,,80,70,5,15,4,9,0.4,0.7
2024-02-10T2300,2231A,126.4219,41.9171,白山市,喜丰,细颗粒物(PM2.5),92,101,436,68,323,46,,79,62,32,32,18,62,1.4,1.4
2024-02-10T2300,2232A,126.4077,41.9419,白山市,环保局,细颗粒物(PM2.5),148,150,395,113,307,35,,73,45,33,35,19,45,1.5,1.5
2024-02-10T2300,2647A,104.1724,36.5446,白银市,第三小学,颗粒物(PM10),141,231,360,59,67,45,,84,67,27,20,58,41,0.9,0.6
2024-02-10T2300,2648A,104.1465,36.5482,白银市,动力公司,颗粒物(PM10),77,104,314,35,64,55,,90,71,18,17,31,26,0.7,0.6
2024-02-10T2300,2512A,106.6103,23.9011,百色市,市监测站,细颗粒物(PM2.5),88,94,86,65,64,36,,67,52,12,11,8,10,1.0,1
2024-02-10T2300,2513A,106.6538,23.8859,百色市,市中心血站,细颗粒物(PM2.5),118,99,127,89,108,22,,75,55,28,16,9,19,1.1,1
2024-02-10T2300,3406A,106.6085,23.8798,百色市,祈福高中,细颗粒物(PM2.5),97,76,81,72,74,25,,72,55,14,10,8,10,0.9,0.8
2024-02-10T2300,2270A,117.396,32.939,蚌埠市,工人疗养院,细颗粒物(PM2.5),277,253,126,227,112,39,,99,67,47,16,12,11,1.1,0.8
2024-02-10T2300,2271A,117.3605,32.9427,蚌埠市,百货大楼,细颗粒物(PM2.5),310,272,134,260,120,52,,100,64,38,23,8,7,1.2,1.1
2024-02-10T2300,2273A,117.4185,32.8911,蚌埠市,蚌埠学院,细颗粒物(PM2.5),210,193,141,160,123,53,,100,79,22,13,8,11,1.1,1
2024-02-10T2300,2274A,117.3533,32.9673,蚌埠市,淮上区政府,细颗粒物(PM2.5),279,259,127,229,109,66,,101,80,27,17,11,10,1.1,0.9
2024-02-10T2300,2275A,117.3145,32.8977,蚌埠市,高新区,细颗粒物(PM2.5),255,234,138,205,124,32,,103,68,31,14,5,10,1.2,1
2024-02-10T2300,3715A,117.3092,32.9314,蚌埠市,蚌埠田家炳中学,细颗粒物(PM2.5),261,230,138,211,120,50,,97,75,34,24,39,14,0.9,0.8
2024-02-10T2300,1585A,109.8756,40.6532,包头市,市环境监测站,细颗粒物(PM2.5),145,143,415,111,304,23,,83,53,56,46,14,52,0.7,1.3
2024-02-10T2300,1587A,109.9991,40.5842,包头市,包头八中,颗粒物(PM10),85,120,493,53,411,32,,81,53,42,52,10,51,0.9,1.9
2024-02-10T2300,1588A,109.8538,40.6821,包头市,青山宾馆,细颗粒物(PM2.5),79,83,204,58,147,14,,85,55,61,36,13,19,1.1,1.1
2024-02-10T2300,1589A,109.8642,40.6288,包头市,惠龙物流,细颗粒物(PM2.5),84,101,453,62,333,30,,81,57,47,51,18,37,0.8,1.7
2024-02-10T2300,1590A,110.0377,40.5546,包头市,东河鸿龙湾,细颗粒物(PM2.5),137,120,366,104,292,11,,84,54,84,50,22,25,2.0,1.7
2024-02-10T2300,3283A,109.9154,40.5685,包头市,滨河大厦,细颗粒物(PM2.5),74,87,350,54,297,50,,89,73,31,39,11,27,0.8,1.7
2024-02-10T2300,3419A,109.9447,40.6261,包头市,包头市委党校,细颗粒物(PM2.5),122,98,348,92,300,57,,83,67,19,44,14,32,0.5,1.5
2024-02-10T2300,3683A,109.8331,40.6576,包头市,昆区政府,细颗粒物(PM2.5),132,211,316,100,280,6,,78,47,67,42,29,57,1.0,1.5
2024-02-10T2300,1930A,107.185,34.3063,宝鸡市,庙沟村,颗粒物(PM10),77,103,86,36,38,64,,83,78,7,5,5,6,0.6,0.6
2024-02-10T2300,1931A,107.0708,34.3017,宝鸡市,竹园沟,颗粒物(PM10),68,85,102,33,67,59,,91,78,14,18,6,7,0.5,0.6
2024-02-10T2300,1932A,107.1906,34.3672,宝鸡市,三陆医院,细颗粒物(PM2.5),213,206,148,163,112,26,,90,54,41,34,9,9,0.9,0.7
2024-02-10T2300,1933A,107.1431,34.3547,宝鸡市,监测站,颗粒物(PM10),111,172,166,72,129,35,,81,62,26,24,8,10,0.6,0.7
2024-02-10T2300,1934A,107.1186,34.3739,宝鸡市,技工学校,细颗粒物(PM2.5),153,171,178,117,142,39,,88,68,28,26,10,15,0.7,0.7
2024-02-10T2300,1935A,107.3906,34.3528,宝鸡市,陈仓区环保局家属楼,细颗粒物(PM2.5),160,223,180,122,122,15,,90,68,69,38,13,23,1.2,1
2024-02-10T2300,1936A,107.2058,34.3497,宝鸡市,文理学院,颗粒物(PM10),136,222,177,99,126,34,,89,56,40,33,11,13,0.7,0.7
2024-02-10T2300,1937A,107.2386,34.3622,宝鸡市,三迪小学,颗粒物(PM10),149,247,181,109,128,21,,88,55,55,36,13,13,0.8,0.7
2024-02-10T2300,1051A,115.493,38.8632,保定市,游泳馆,细颗粒物(PM2.5),117,130,185,88,130,74,,89,82,12,18,6,7,0.7,0.8
2024-02-10T2300,1052A,115.5213,38.8959,保定市,华电二区,细颗粒物(PM2.5),120,102,127,91,127,70,,84,78,6,13,8,8,0.3,0.4
2024-02-10T2300,1053A,115.4713,38.9108,保定市,接待中心,细颗粒物(PM2.5),125,133,138,95,120,65,,80,77,6,10,10,10,0.5,0.5
2024-02-10T2300,1054A,115.4612,38.8416,保定市,地表水厂,细颗粒物(PM2.5),99,120,159,74,125,70,,85,81,10,16,7,8,0.9,1
2024-02-10T2300,3581A,115.31981,38.95208,保定市,满城区生态环境分局,细颗粒物(PM2.5),132,122,132,100,116,78,,84,77,4,19,10,10,0.7,0.7
2024-02-10T2300,3582A,115.47694,38.76408,保定市,清苑区第二中学,细颗粒物(PM2.5),99,112,155,74,113,68,,91,83,10,11,9,11,0.5,0.6
2024-02-10T2300,3583A,115.62909,39.02311,保定市,徐水物探局,细颗粒物(PM2.5),110,119,128,83,96,63,,83,75,18,21,7,10,0.5,0.5
2024-02-10T2300,4004A,115.4202,38.8656,保定市,双鹰农机,细颗粒物(PM2.5),128,112,138,97,123,73,,88,82,14,22,10,8,0.5,0.6
2024-02-10T2300,4034A,115.5150,38.8590,保定市,植保所站,细颗粒物(PM2.5),104,81,151,78,156,79,,89,83,11,21,11,9,0.4,0.5
2024-02-10T2300,2594A,99.1678,25.1081,保山市,市环境监测站,颗粒物(PM10),66,82,83,45,56,48,,87,72,8,8,7,17,0.6,0.4
2024-02-10T2300,2595A,99.1711,25.1328,保山市,市环保局,颗粒物(PM10),52,54,68,33,39,59,,90,79,4,5,7,14,0.6,0.5
2024-02-10T2300,1866A,109.2262,21.588,北海市,牛尾岭水库,,,,,,,,,,,,,,,,
2024-02-10T2300,1867A,109.1436,21.4086,北海市,海滩公园,细颗粒物(PM2.5),272,278,109,222,93,35,,75,64,47,14,15,14,0.8,0.8
2024-02-10T2300,1868A,109.0981,21.4661,北海市,新市环保局,细颗粒物(PM2.5),149,124,92,114,85,61,,79,71,22,11,12,13,0.9,0.8
2024-02-10T2300,1869A,109.1778,21.5233,北海市,北海工业园,细颗粒物(PM2.5),248,222,102,198,88,43,,82,70,25,11,11,15,0.9,0.8
2024-02-10T2300,3400A,109.1911,21.4415,北海市,龙潭自来水厂,细颗粒物(PM2.5),204,191,99,154,85,22,,76,63,27,10,11,14,0.9,0.6
2024-02-10T2300,1001A,116.3621,39.8784,北京市,万寿西宫,细颗粒物(PM2.5),78,80,35,57,26,57,,75,67,26,13,4,2,0.3,0.2
2024-02-10T2300,1002A,116.2202,40.2915,北京市,定陵,,35,35,29,22,20,63,,79,75,5,5,3,2,0.3,0.2
2024-02-10T2300,1003A,116.4174,39.9289,北京市,东四,细颗粒物(PM2.5),82,77,37,60,25,56,,71,64,16,11,5,3,0.5,0.3
2024-02-10T2300,1004A,116.4072,39.8863,北京市,天坛,细颗粒物(PM2.5),75,71,35,55,25,64,,80,71,14,10,2,2,0.3,0.2
2024-02-10T2300,1005A,116.462,39.9365,北京市,农展馆,细颗粒物(PM2.5),73,73,35,53,25,60,,74,65,16,11,4,2,0.3,0.2
2024-02-10T2300,1006A,116.3392,39.9295,北京市,官园,细颗粒物(PM2.5),77,77,38,56,26,70,,83,76,18,12,5,2,0.4,0.3
2024-02-10T2300,1007A,116.2878,39.9611,北京市,海淀万柳,细颗粒物(PM2.5),79,80,42,58,27,64,,77,69,19,14,1,2,0.3,0.2
2024-02-10T2300,1008A,116.6636,40.135,北京市,顺义新城,细颗粒物(PM2.5),80,72,34,59,23,50,,83,63,25,9,4,2,0.5,0.3
2024-02-10T2300,1009A,116.6275,40.3275,北京市,怀柔镇,细颗粒物(PM2.5),54,53,33,38,22,49,,80,65,15,6,6,5,0.4,0.3
2024-02-10T2300,1010A,116.2296,40.217,北京市,昌平镇,颗粒物(PM10),52,53,37,32,23,65,,89,84,11,7,3,3,0.3,0.2
2024-02-10T2300,1011A,116.3966,39.9821,北京市,奥体中心,细颗粒物(PM2.5),77,72,34,56,24,58,,78,68,20,6,6,4,0.4,0.3
2024-02-10T2300,1012A,116.184,39.9136,北京市,古城,细颗粒物(PM2.5),97,99,46,72,29,58,,77,68,11,6,3,2,0.5,0.3
2024-02-10T2300,3281A,115.9718,40.4529,北京市,延庆夏都,,38,38,52,23,34,73,,78,77,4,6,2,3,0.2,0.3
2024-02-10T2300,3417A,117.0709,40.1465,北京市,平谷新城,细颗粒物(PM2.5),75,69,28,55,21,39,,89,64,7,3,3,3,0.7,0.3
2024-02-10T2300,3418A,116.8336,40.4095,北京市,密云新城,细颗粒物(PM2.5),58,62,31,41,20,44,,88,70,18,4,2,2,0.3,0.2
2024-02-10T2300,3671A,116.088,39.9726,北京市,门头沟三家店,,,,,,,,,,,,,,,,
2024-02-10T2300,3672A,116.1541,39.8204,北京市,丰台云岗,细颗粒物(PM2.5),114,120,48,86,33,56,,81,71,15,8,3,2,0.4,0.2
2024-02-10T2300,3673A,116.6804,39.9081,北京市,通州东关,细颗粒物(PM2.5),68,69,33,49,23,66,,79,70,9,4,3,2,0.4,0.3
2024-02-10T2300,3674A,115.9577,39.7603,北京市,房山燕山,细颗粒物(PM2.5),104,88,46,78,37,51,,86,66,16,12,3,2,0.4,0.3
2024-02-10T2300,3675A,116.4672,39.7733,北京市,大兴旧宫,细颗粒物(PM2.5),69,69,33,50,23,64,,75,70,11,10,2,2,0.3,0.2
2024-02-10T2300,3694A,115.986,40.4563,北京市,延庆石河营,,38,38,47,23,33,80,,85,84,4,6,2,2,0.2,0.3
2024-02-10T2300,3695A,116.6151,40.3053,北京市,怀柔新城,,45,42,27,31,21,58,,81,72,8,6,1,2,0.3,0.2
2024-02-10T2300,3696A,116.2545,39.8768,北京市,丰台小屯,细颗粒物(PM2.5),87,89,42,64,26,64,,76,71,18,14,4,2,0.3,0.2
2024-02-10T2300,3697A,116.84,40.3844,北京市,密云镇,细颗粒物(PM2.5),142,137,48,108,37,42,,84,54,19,9,5,3,0.4,0.2
2024-02-10T2300,1761A,123.8275,41.3064,本溪市,大峪,细颗粒物(PM2.5),138,149,333,105,275,32,,74,62,55,50,15,39,2.8,2.4
2024-02-10T2300,1762A,123.7567,41.3325,本溪市,溪湖,细颗粒物(PM2.5),137,148,360,104,262,43,,84,73,29,36,22,42,1.5,2
2024-02-10T2300,1763A,123.7169,41.3094,本溪市,彩屯,细颗粒物(PM2.5),113,94,605,85,550,62,,84,73,22,43,11,78,1.2,2.2
2024-02-10T2300,1764A,123.7669,41.2864,本溪市,东明,细颗粒物(PM2.5),329,421,533,279,505,12,,64,41,66,55,22,137,1.9,2.3
2024-02-10T2300,1765A,123.7992,41.2664,本溪市,新立屯,细颗粒物(PM2.5),149,135,297,114,233,42,,64,56,31,44,15,56,1.5,2
2024-02-10T2300,1766A,123.8142,41.3472,本溪市,威宁,细颗粒物(PM2.5),160,162,324,122,254,33,,71,56,42,43,5,11,1.4,1.6
2024-02-10T2300,2587A,105.2864,27.3125,毕节市,八中,细颗粒物(PM2.5),100,85,127,75,109,46,,87,68,12,12,14,13,0.5,0.6
2024-02-10T2300,2588A,105.31,27.2944,毕节市,师专,细颗粒物(PM2.5),186,159,155,140,140,16,,88,69,37,16,16,13,1.0,0.8
2024-02-10T2300,3537A,105.3631,27.3533,毕节市,长征村,细颗粒物(PM2.5),54,51,122,38,95,67,,100,92,8,9,10,10,0.7,0.8
2024-02-10T2300,1629A,118.0018,37.3617,滨州市,第二水厂,细颗粒物(PM2.5),165,158,154,125,120,62,,94,79,28,23,8,15,1.6,1.4
2024-02-10T2300,1630A,117.9776,37.393,滨州市,北中新校,细颗粒物(PM2.5),180,178,188,136,149,58,,93,77,31,25,10,20,1.6,1.4
2024-02-10T2300,3514A,117.9378,37.3956,滨州市,中海酒店,细颗粒物(PM2.5),170,160,172,129,122,57,,100,85,28,22,10,21,1.8,1.3
2024-02-10T2300,3515A,117.9378,37.3553,滨州市,开发区一中,细颗粒物(PM2.5),200,177,161,150,133,64,,96,84,22,18,16,24,1.5,1.2
2024-02-10T2300,3516A,118.0917,37.694,滨州市,金海六路,细颗粒物(PM2.5),160,151,174,122,130,56,,94,79,33,21,9,14,1.7,1.5
2024-02-10T2300,4028A,117.9956,37.3753,滨州市,滨州市西街道办事处,细颗粒物(PM2.5),178,161,161,134,128,51,,90,74,27,20,12,20,1.7,1.3
2024-02-10T2300,2311A,115.8072,33.8399,亳州市,污水处理厂,细颗粒物(PM2.5),334,311,247,284,224,30,,87,64,33,18,9,16,1.3,1.1
2024-02-10T2300,2312A,115.7789,33.8518,亳州市,三国揽胜宫,细颗粒物(PM2.5),339,398,323,289,247,37,,86,62,28,21,11,18,1.4,1.3
2024-02-10T2300,3332A,115.7633,33.8034,亳州市,亳州学院,细颗粒物(PM2.5),283,284,269,233,224,53,,87,73,15,14,10,19,1.5,1.4
2024-02-10T2300,2693A,82.0485,44.8556,博尔塔拉蒙古自治州,市党校,细颗粒物(PM2.5),130,144,140,99,96,82,,91,90,28,21,16,24,1.3,1
2024-02-10T2300,2694A,82.0806,44.8969,博尔塔拉蒙古自治州,市环保局,细颗粒物(PM2.5),104,133,140,78,82,70,,82,81,36,32,20,17,1.7,1.7
2024-02-10T2300,1071A,116.8842,38.2991,沧州市,沧县城建局,细颗粒物(PM2.5),370,,131,320,120,46,,94,75,50,26,21,11,2.0,1
2024-02-10T2300,1072A,116.8584,38.3254,沧州市,电视转播站,细颗粒物(PM2.5),350,313,144,300,123,43,,98,78,46,18,26,19,2.1,0.9
2024-02-10T2300,1073A,116.8709,38.3228,沧州市,市环保局,细颗粒物(PM2.5),357,,143,307,127,42,,92,72,49,22,20,15,2.0,0.8
2024-02-10T2300,3324A,116.8136,38.3004,沧州市,河北水利电力学院,细颗粒物(PM2.5),326,305,112,276,95,45,,93,73,42,14,25,17,2.0,0.6
2024-02-10T2300,2622A,97.1806,31.1273,昌都市,昌都监测站,,45,38,44,31,24,42,,70,60,17,9,8,10,0.5,0.6
2024-02-10T2300,3719A,97.1714,31.1406,昌都市,昌都会议中心,,22,,11,15,13,64,,82,76,6,4,5,5,0.3,0.3
2024-02-10T2300,2690A,88.1236,43.8886,昌吉回族自治州,天山天池,,21,,4,10,3,66,,70,67,5,4,8,8,0.4,0.4
2024-02-10T2300,2692A,87.2717,44.0297,昌吉回族自治州,新区政务中心,细颗粒物(PM2.5),277,308,276,227,216,71,,112,104,51,31,4,6,2.4,2.1
2024-02-10T2300,3613A,87.3095,44.0142,昌吉回族自治州,亚心广场,细颗粒物(PM2.5),321,322,276,271,233,89,,115,111,39,27,5,8,2.1,1.8
2024-02-10T2300,1119A,125.3325,43.9166,长春市,食品厂,细颗粒物(PM2.5),92,89,264,68,246,68,,83,78,30,33,30,30,0.5,0.9
2024-02-10T2300,1120A,125.2863,43.9027,长春市,客车厂,细颗粒物(PM2.5),92,94,281,68,227,76,,84,82,20,27,18,27,0.6,1
2024-02-10T2300,1121A,125.2841,43.8463,长春市,邮电学院,细颗粒物(PM2.5),94,95,304,70,253,77,,86,84,22,38,31,30,0.6,1
2024-02-10T2300,1122A,125.3716,43.8772,长春市,劳动公园,细颗粒物(PM2.5),104,112,331,78,280,66,,75,71,31,45,11,13,0.5,1
2024-02-10T2300,1123A,125.3297,43.8805,长春市,园林处,细颗粒物(PM2.5),78,76,247,57,214,80,,84,75,22,35,25,27,0.7,1.1
2024-02-10T2300,1124A,125.4605,43.79,长春市,净月潭,细颗粒物(PM2.5),67,72,267,48,241,83,,89,84,4,16,9,14,0.5,1
2024-02-10T2300,1125A,125.7194,43.515,长春市,甩湾子,,,,,,,,,,,,,,,,
2024-02-10T2300,1126A,125.3863,43.8447,长春市,经开区环卫处,细颗粒物(PM2.5),89,106,403,66,354,79,,83,,15,33,11,19,0.5,1.3
2024-02-10T2300,1127A,125.245,43.7783,长春市,高新区管委会,细颗粒物(PM2.5),158,123,272,120,271,52,,92,81,32,29,11,13,0.9,1.4
2024-02-10T2300,1128A,125.1761,43.8325,长春市,岱山公园,细颗粒物(PM2.5),102,92,250,76,223,84,,95,89,16,21,9,13,0.6,1.2
2024-02-10T2300,1335A,113.0833,28.2325,长沙市,经开区环保局,细颗粒物(PM2.5),148,131,252,113,191,47,,95,90,26,12,7,11,0.9,0.9
2024-02-10T2300,1336A,112.8872,28.2189,长沙市,高开区环保局,细颗粒物(PM2.5),152,157,491,116,355,61,,91,86,16,26,15,23,1.2,1.5
2024-02-10T2300,1337A,113.0792,28.2053,长沙市,马坡岭,细颗粒物(PM2.5),168,183,326,127,267,54,,83,79,11,12,9,18,0.7,0.8
2024-02-10T2300,1338A,112.9394,28.19,长沙市,湖南师范大学,细颗粒物(PM2.5),147,126,346,112,265,58,,83,73,15,21,10,20,0.9,1.3
2024-02-10T2300,1339A,113.0178,28.1322,长沙市,雨花区环保局,细颗粒物(PM2.5),159,,377,121,293,68,,85,80,9,18,9,18,0.8,1.2
2024-02-10T2300,1340A,112.9792,28.2597,长沙市,伍家岭,颗粒物(PM10),256,389,480,185,307,24,,70,54,24,26,9,17,1.1,1.4
2024-02-10T2300,1341A,113.0014,28.1944,长沙市,火车新站,细颗粒物(PM2.5),262,257,456,212,351,21,,86,66,55,25,9,22,1.0,1.2
2024-02-10T2300,1342A,112.9844,28.1178,长沙市,天心区环保局,细颗粒物(PM2.5),129,141,418,98,345,73,,92,85,8,21,12,28,0.2,0.6
2024-02-10T2300,1343A,112.8908,28.1308,长沙市,湖南中医药大学,细颗粒物(PM2.5),216,182,278,166,217,11,,78,61,39,23,7,10,1.4,1.5
2024-02-10T2300,1344A,112.9581,28.3611,长沙市,沙坪,细颗粒物(PM2.5),124,100,230,94,183,40,,53,51,5,9,8,14,0.9,1.1
2024-02-10T2300,1727A,113.1147,36.1547,长治市,清华站,颗粒物(PM10),75,99,133,39,81,73,,86,79,13,18,12,20,0.4,0.7
2024-02-10T2300,1728A,113.1031,36.1989,长治市,监测站,颗粒物(PM10),84,118,141,41,89,69,,86,79,20,24,14,21,0.3,0.7
2024-02-10T2300,1730A,113.0886,36.2125,长治市,审计局,颗粒物(PM10),70,89,126,39,86,71,,87,81,14,18,14,22,0.4,0.9
2024-02-10T2300,1731A,113.0844,36.1856,长治市,长治八中,颗粒物(PM10),74,98,159,41,106,72,,87,81,13,21,8,17,0.5,0.9
2024-02-10T2300,2845A,113.1569,36.1911,长治市,德盛苑,颗粒物(PM10),80,110,89,44,51,71,,91,81,15,16,16,18,0.6,1
2024-02-10T2300,3568A,113.06,36.0464,长治市,向阳小学,颗粒物(PM10),80,110,153,42,109,83,,99,90,17,24,13,30,0.5,0.9
2024-02-10T2300,3569A,112.8792,36.3144,长治市,屯留一中,颗粒物(PM10),72,93,96,40,70,69,,92,82,14,14,13,19,0.6,0.9
2024-02-10T2300,3570A,113.235,36.3489,长治市,潞城四中,颗粒物(PM10),87,123,134,40,79,78,,90,85,11,18,16,22,0.5,0.9
2024-02-10T2300,1854A,111.6975,28.9703,常德市,市二中,细颗粒物(PM2.5),78,63,90,57,85,71,,78,73,9,11,7,9,0.7,0.8
2024-02-10T2300,1857A,111.7158,29.1456,常德市,白鹤山,细颗粒物(PM2.5),70,70,98,51,56,39,,54,52,1,2,2,3,0.6,0.7
2024-02-10T2300,3138A,111.7153,29.0289,常德市,武陵区永安,细颗粒物(PM2.5),75,63,102,55,85,61,,76,72,10,8,8,10,0.8,0.8
2024-02-10T2300,3139A,111.6892,28.9881,常德市,鼎城区玉霞,细颗粒物(PM2.5),83,74,125,61,111,64,,76,70,10,12,8,12,0.8,0.9
2024-02-10T2300,3140A,111.6625,29.0531,常德市,武陵区长庚,细颗粒物(PM2.5),83,67,107,61,86,58,,73,70,12,8,5,8,0.8,0.8
2024-02-10T2300,1196A,119.9633,31.762,常州市,市监测站,细颗粒物(PM2.5),224,180,178,174,149,17,,112,62,72,25,12,13,1.3,1.1
2024-02-10T2300,1200A,119.9468,31.7069,常州市,武进监测站,细颗粒物(PM2.5),147,127,175,112,142,64,,107,87,29,17,12,13,1.0,1
2024-02-10T2300,1201A,119.9255,31.9087,常州市,安家,细颗粒物(PM2.5),201,160,206,151,190,64,,119,97,23,17,12,14,1.0,1.1
2024-02-10T2300,3002A,119.9805,31.8174,常州市,行政中心,细颗粒物(PM2.5),156,,141,119,128,51,,107,91,45,17,11,12,1.0,1.1
2024-02-10T2300,3003A,120.0522,31.7748,常州市,经开区,细颗粒物(PM2.5),140,124,144,107,122,72,,114,99,23,16,11,13,0.8,0.9
2024-02-10T2300,3010A,119.9025,31.7964,常州市,钟楼,细颗粒物(PM2.5),138,114,175,105,150,73,,109,97,20,16,10,13,0.9,1
2024-02-10T2300,3429A,119.8598,31.7066,常州市,武进经发区,细颗粒物(PM2.5),132,119,187,100,161,92,,114,102,11,15,9,12,1.3,1.4
2024-02-10T2300,3430A,119.5826,31.7245,常州市,金坛城区,细颗粒物(PM2.5),159,129,183,121,147,85,,120,110,20,13,11,13,0.9,0.9
2024-02-10T2300,2220A,120.4318,41.5881,朝阳市,西梁,细颗粒物(PM2.5),241,,320,191,243,61,,53,,31,23,40,56,1.6,1.3
2024-02-10T2300,2221A,120.4521,41.5646,朝阳市,河畔小区,细颗粒物(PM2.5),102,85,449,76,393,72,,82,80,10,25,11,61,0.9,1.4
2024-02-10T2300,2222A,120.4176,41.5648,朝阳市,八里堡,细颗粒物(PM2.5),124,,452,94,489,63,,80,77,16,25,17,90,1.0,1.6
2024-02-10T2300,2223A,120.3806,41.5969,朝阳市,农业园区,细颗粒物(PM2.5),125,,173,95,134,58,,83,75,14,18,18,30,1.0,0.9
2024-02-10T2300,1705A,116.6367,23.6719,潮州市,西园路,细颗粒物(PM2.5),113,109,47,85,41,37,,81,75,13,7,5,5,0.5,0.4
2024-02-10T2300,3026A,116.6183,23.6608,潮州市,市政府,细颗粒物(PM2.5),103,102,40,77,34,40,,81,77,22,10,6,6,1.0,0.7
2024-02-10T2300,4036A,116.6461,23.6761,潮州市,金山,细颗粒物(PM2.5),122,106,45,92,45,29,,77,69,14,8,6,6,0.7,0.6
2024-02-10T2300,2472A,113.0073,25.9061,郴州市,马头岭,颗粒物(PM10),65,80,90,34,56,52,,88,78,10,9,7,13,0.5,0.7
2024-02-10T2300,2473A,113.0116,25.8226,郴州市,市职中,细颗粒物(PM2.5),133,111,141,101,121,21,,83,61,11,10,4,8,1.1,1
2024-02-10T2300,2474A,113.0161,25.8001,郴州市,兴隆步行街,细颗粒物(PM2.5),264,247,170,214,133,3,,82,52,37,18,4,6,1.1,0.9
2024-02-10T2300,2475A,113.0383,25.8071,郴州市,市审计局,细颗粒物(PM2.5),200,176,140,150,118,13,,82,59,32,16,5,7,1.0,0.9
2024-02-10T2300,2476A,113.0348,25.7759,郴州市,市环保局,细颗粒物(PM2.5),130,171,151,99,120,28,,78,54,21,16,3,5,0.6,0.8
2024-02-10T2300,1431A,103.9728,30.7236,成都市,金泉两河,细颗粒物(PM2.5),159,,134,121,144,0,,92,56,62,27,1,3,1.5,0.9
2024-02-10T2300,1432A,104.176,30.6872,成都市,十里店,细颗粒物(PM2.5),112,90,115,84,107,81,,114,104,12,16,2,4,0.7,0.7
2024-02-10T2300,1433A,104.079,30.5706,成都市,三瓦窑,细颗粒物(PM2.5),137,132,112,104,90,42,,106,92,38,20,2,4,0.7,0.7
2024-02-10T2300,1434A,104.1114,30.63,成都市,沙河铺,细颗粒物(PM2.5),149,124,124,114,115,39,,102,80,32,21,1,3,0.7,0.7
2024-02-10T2300,1437A,104.0786,30.6531,成都市,君平街,细颗粒物(PM2.5),128,106,102,97,96,34,,111,92,54,27,5,7,0.9,0.7
2024-02-10T2300,1438A,103.613,31.0283,成都市,灵岩寺,细颗粒物(PM2.5),92,89,67,68,50,129,,118,118,14,14,3,3,0.9,0.8
2024-02-10T2300,2880A,104.0239,30.65639,成都市,大石西路,细颗粒物(PM2.5),110,99,104,83,96,24,,108,82,48,28,2,4,1.1,0.9
2024-02-10T2300,3136A,104.2725,30.5589,成都市,龙泉驿区区政府,细颗粒物(PM2.5),83,68,85,61,75,94,,105,102,6,11,3,4,0.7,0.8
2024-02-10T2300,3357A,104.0106,30.6931,成都市,金博路,细颗粒物(PM2.5),206,180,124,156,112,0,,97,61,81,29,2,3,1.3,0.9
2024-02-10T2300,3359A,104.0578,30.5225,成都市,华阳,细颗粒物(PM2.5),110,83,97,83,93,48,,100,80,24,15,2,3,0.8,0.8
2024-02-10T2300,3487A,104.2394,30.5319,成都市,车城东七路,细颗粒物(PM2.5),84,75,93,62,80,93,,108,104,11,14,2,6,0.7,0.7
2024-02-10T2300,3488A,104.3853,30.7453,成都市,青白江技师分院,细颗粒物(PM2.5),92,72,92,68,75,92,,114,109,12,15,7,10,0.9,0.9
2024-02-10T2300,3489A,104.0789,30.4072,成都市,科学城,细颗粒物(PM2.5),113,93,95,85,85,53,,112,100,14,6,4,6,0.9,0.8
2024-02-10T2300,4011A,103.8506,30.6947,成都市,光华大道三段,细颗粒物(PM2.5),229,199,173,179,152,0,,72,43,51,19,3,5,1.3,0.9
2024-02-10T2300,1062A,117.9531,40.9081,承德市,铁路,细颗粒物(PM2.5),124,122,76,94,56,34,,80,50,33,18,21,18,1.0,0.6
2024-02-10T2300,1063A,117.9392,40.9763,承德市,中国银行,细颗粒物(PM2.5),93,107,78,69,55,27,,85,55,36,16,10,11,0.6,0.4
2024-02-10T2300,1064A,117.9503,40.928,承德市,开发区,细颗粒物(PM2.5),103,118,57,77,40,25,,83,56,38,18,11,11,0.8,0.5
2024-02-10T2300,1065A,117.8051,40.9655,承德市,文化中心,细颗粒物(PM2.5),87,91,65,64,35,45,,87,63,26,15,10,16,0.6,0.4
2024-02-10T2300,1066A,117.9268,41.0026,承德市,离宫,颗粒物(PM10),52,54,34,34,30,57,,82,74,11,6,6,5,0.4,0.3
2024-02-10T2300,2314A,117.47,30.6618,池州市,池州学院,细颗粒物(PM2.5),143,128,98,109,84,64,,100,82,20,15,10,11,0.8,0.9
2024-02-10T2300,3237A,117.4918,30.6617,池州市,展览馆,细颗粒物(PM2.5),159,143,101,121,82,43,,101,78,21,11,6,7,1.0,0.8
2024-02-10T2300,3333A,117.5627,30.695,池州市,第八中学,细颗粒物(PM2.5),117,108,96,88,82,66,,104,85,13,11,7,11,0.8,0.8
2024-02-10T2300,3334A,117.5038,30.6243,池州市,第十二中学,细颗粒物(PM2.5),147,121,105,112,91,61,,102,83,15,10,9,10,0.9,0.7
2024-02-10T2300,1744A,118.9233,42.2816,赤峰市,松山一中,,27,27,164,7,113,82,,82,82,8,16,8,38,0.5,0.6
2024-02-10T2300,1745A,118.9576,42.2728,赤峰市,哈达街,细颗粒物(PM2.5),55,50,136,39,104,77,,78,76,8,14,10,35,0.5,0.7
2024-02-10T2300,1746A,118.8788,42.2554,赤峰市,天义路,,24,22,63,7,50,75,,82,80,5,9,6,15,0.4,0.4
2024-02-10T2300,3058A,119.2658,42.0353,赤峰市,银河街,细颗粒物(PM2.5),57,40,193,40,142,77,,75,74,11,18,12,44,0.4,0.8
2024-02-10T2300,3286A,118.9359,42.3147,赤峰市,桥北物流园区,,29,,68,20,63,80,,86,84,7,10,14,18,0.7,0.7
2024-02-10T2300,2521A,107.3476,22.4136,崇左市,市环保局江州分局,细颗粒物(PM2.5),89,75,96,66,76,42,,83,72,23,10,10,13,0.7,0.4
2024-02-10T2300,2522A,107.3702,22.3707,崇左市,城南新区,细颗粒物(PM2.5),110,,85,83,81,57,,82,76,17,10,11,11,0.6,0.5
2024-02-10T2300,2298A,118.3093,32.3153,滁州市,老年大学,细颗粒物(PM2.5),124,114,128,94,118,72,,100,81,17,23,8,9,1.0,1
2024-02-10T2300,2299A,118.3244,32.2786,滁州市,人大宾馆,细颗粒物(PM2.5),127,106,131,96,116,81,,100,87,20,16,8,10,0.8,0.9
2024-02-10T2300,3207A,118.3118,32.3038,滁州市,市政府原办公楼,细颗粒物(PM2.5),102,91,119,76,107,76,,98,82,22,25,6,7,0.8,0.8
2024-02-10T2300,3331A,118.3267,32.2634,滁州市,图书馆,细颗粒物(PM2.5),110,112,124,83,98,80,,98,87,18,16,8,10,0.9,0.9
2024-02-10T2300,2605A,101.5482,25.0441,楚雄彝族自治州,州环境监测站,细颗粒物(PM2.5),69,56,51,50,46,61,,86,80,7,8,8,11,0.9,1
2024-02-10T2300,2606A,101.538,25.0492,楚雄彝族自治州,市经济开发区,细颗粒物(PM2.5),82,72,67,60,57,55,,79,73,12,11,9,17,1.0,1
2024-02-10T2300,2548A,107.5277,31.2827,达州市,达州职业技术学院,细颗粒物(PM2.5),112,104,127,84,98,15,,84,56,26,18,6,8,1.1,1
2024-02-10T2300,2549A,107.5086,31.2186,达州市,市环境监测站,细颗粒物(PM2.5),110,107,117,83,99,20,,72,47,42,31,6,7,1.3,1.3
2024-02-10T2300,2550A,107.4988,31.2132,达州市,凤凰小区,细颗粒物(PM2.5),119,117,122,90,101,14,,71,44,48,33,6,7,1.3,1.2
2024-02-10T2300,2551A,107.5082,31.1986,达州市,达县机关宾馆,细颗粒物(PM2.5),105,100,112,79,87,10,,61,30,42,32,4,5,1.2,1.3
2024-02-10T2300,2552A,107.4644,31.2124,达州市,市政中心,细颗粒物(PM2.5),170,153,120,129,101,4,,73,42,71,38,7,7,1.9,1.5
2024-02-10T2300,2614A,100.1542,25.7054,大理白族自治州,大理市环境监测站,细颗粒物(PM2.5),87,76,51,64,42,46,,84,71,17,9,9,11,1.0,0.7
2024-02-10T2300,2615A,100.2171,25.5811,大理白族自治州,大理古城,细颗粒物(PM2.5),149,,67,114,55,43,,80,65,24,13,8,20,1.0,0.8
2024-02-10T2300,1109A,121.612,38.9741,大连市,甘井子,细颗粒物(PM2.5),59,52,379,42,367,81,,87,62,15,31,11,36,0.5,0.9
2024-02-10T2300,1110A,121.565,38.9511,大连市,周水子,细颗粒物(PM2.5),90,76,393,67,390,70,,86,59,20,34,16,39,0.9,1.7
2024-02-10T2300,1111A,121.5637,38.8845,大连市,星海三站,细颗粒物(PM2.5),95,,418,71,416,83,,89,74,14,37,15,70,0.8,1.4
2024-02-10T2300,1112A,121.6302,38.9117,大连市,青泥洼桥,细颗粒物(PM2.5),144,115,404,110,402,55,,88,66,35,41,28,40,0.7,1.3
2024-02-10T2300,1113A,121.6251,38.8638,大连市,傅家庄,细颗粒物(PM2.5),80,,265,59,236,78,,98,90,15,29,30,38,0.7,1.1
2024-02-10T2300,1114A,121.5213,38.8661,大连市,七贤岭,,45,40,195,31,178,88,,84,78,8,23,12,24,0.6,1
2024-02-10T2300,1115A,121.2529,38.8061,大连市,旅顺,细颗粒物(PM2.5),113,91,172,85,157,68,,80,74,24,27,15,14,1.1,1.5
2024-02-10T2300,1116A,121.7485,39.1311,大连市,金州,细颗粒物(PM2.5),202,154,292,152,276,88,,69,69,22,31,19,15,1.4,1.9
2024-02-10T2300,1117A,121.7811,39.0496,大连市,开发区,细颗粒物(PM2.5),199,178,436,149,385,73,,83,83,25,40,17,34,1.3,1.9
2024-02-10T2300,1118A,121.9762,39.0631,大连市,双D港,细颗粒物(PM2.5),63,61,138,45,116,85,,102,85,17,18,15,15,0.7,1.1
2024-02-10T2300,1789A,124.81117,46.03138,大庆市,大同区,细颗粒物(PM2.5),72,67,192,52,163,64,,84,71,12,21,8,14,0.7,1.1
2024-02-10T2300,1790A,125.129,46.533,大庆市,龙凤区,细颗粒物(PM2.5),73,65,391,53,329,72,,86,80,12,41,4,30,0.6,1.6
2024-02-10T2300,1791A,124.902,46.408,大庆市,红岗区,细颗粒物(PM2.5),63,60,189,45,166,68,,84,74,16,25,11,23,0.4,1
2024-02-10T2300,1792A,125.153,46.586,大庆市,萨尔图区,细颗粒物(PM2.5),83,70,272,61,248,71,,84,78,13,30,10,16,0.6,1.3
2024-02-10T2300,1793A,124.9042,46.6215,大庆市,让胡路区,颗粒物(PM10),61,71,184,32,133,62,,77,65,18,28,12,13,0.6,1.1
2024-02-10T2300,3481A,125.141,46.634,大庆市,萨区政府监测点,细颗粒物(PM2.5),68,67,228,49,146,71,,86,80,15,34,14,16,0.6,1.2
2024-02-10T2300,1721A,113.3819,40.1097,大同市,果树场,,,,,,,,,,,,,,,,
2024-02-10T2300,1723A,113.2994,40.0758,大同市,云冈宾馆,"颗粒物(PM10),细颗粒物(PM2.5)",60,69,283,43,241,84,,99,96,14,35,18,33,0.7,1.4
2024-02-10T2300,1724A,113.3444,40.0917,大同市,大同大学,细颗粒物(PM2.5),72,88,224,52,204,77,,94,91,21,34,16,32,0.8,1.2
2024-02-10T2300,1725A,113.2661,40.1269,大同市,安家小村,颗粒物(PM10),61,72,278,40,224,88,,98,96,6,28,18,34,0.7,1.7
2024-02-10T2300,1726A,113.2711,40.0844,大同市,教育学院,颗粒物(PM10),67,83,359,39,180,78,,91,89,17,43,13,37,0.9,2
2024-02-10T2300,3282A,113.3397,40.0597,大同市,大同市卫生学校,细颗粒物(PM2.5),94,116,240,70,224,84,,96,92,13,30,16,30,0.6,1.1
2024-02-10T2300,3565A,113.1367,40.1122,大同市,云冈站,颗粒物(PM10),61,72,154,43,116,80,,104,99,9,17,11,29,0.6,1
2024-02-10T2300,3566A,113.1186,40.2556,大同市,图书馆,细颗粒物(PM2.5),82,80,223,60,188,60,,88,81,16,24,14,20,0.6,0.9
2024-02-10T2300,3567A,113.5931,40.0461,大同市,区一中,细颗粒物(PM2.5),79,99,301,58,160,72,,91,87,17,28,20,73,1.1,1.4
2024-02-10T2300,3676A,113.2802,40.0995,大同市,第二人民医院,颗粒物(PM10),68,85,377,44,195,85,,99,97,11,37,13,33,0.7,1.8
2024-02-10T2300,2269A,124.1069,50.4097,大兴安岭地区,科技局,细颗粒物(PM2.5),55,44,40,39,102,49,,76,69,15,6,12,10,0.6,0.4
2024-02-10T2300,3663A,124.1164,50.4278,大兴安岭地区,红旗社区,细颗粒物(PM2.5),118,,50,89,115,29,,75,47,22,20,12,49,0.6,0.4
2024-02-10T2300,1600A,124.3303,40.0625,丹东市,江湾东路,细颗粒物(PM2.5),117,99,360,88,306,60,,90,67,19,23,17,38,1.4,1.7
2024-02-10T2300,1601A,124.4256,40.1503,丹东市,临江后街,细颗粒物(PM2.5),140,134,333,107,278,47,,91,58,26,30,16,40,2.1,1.7
2024-02-10T2300,1602A,124.3933,40.1461,丹东市,元宝山,细颗粒物(PM2.5),189,149,320,142,270,37,,87,76,35,25,21,33,2.0,1.2
2024-02-10T2300,1603A,124.3633,40.1092,丹东市,民主桥,细颗粒物(PM2.5),124,135,317,94,279,49,,79,50,24,33,22,48,1.5,1.4
2024-02-10T2300,3541A,109.5726,19.5167,儋州市,第一中学子站,,50,43,49,35,42,56,,43,43,5,7,6,6,0.7,0.9
2024-02-10T2300,3542A,109.5567,19.5187,儋州市,东坡学校子站,,48,43,47,33,41,56,,41,41,6,8,4,4,0.7,0.9
2024-02-10T2300,2616A,98.5842,24.428,德宏傣族景颇族自治州,德宏州监测站,细颗粒物(PM2.5),153,122,131,117,114,51,,98,81,20,29,6,34,0.9,0.8
2024-02-10T2300,3677A,98.5881,24.4368,德宏傣族景颇族自治州,芒市人民政府综合楼,细颗粒物(PM2.5),129,113,99,98,76,48,,96,83,17,20,8,22,0.9,0.8
2024-02-10T2300,1901A,104.4239,31.1208,德阳市,东山公园,细颗粒物(PM2.5),97,78,100,72,95,94,,108,106,8,11,2,3,0.8,0.8
2024-02-10T2300,1902A,104.3826,31.1317,德阳市,西小区,细颗粒物(PM2.5),195,,154,146,158,2,,96,72,83,32,3,4,1.4,1.1
2024-02-10T2300,1904A,104.3553,31.1091,德阳市,耐火材料厂,细颗粒物(PM2.5),159,130,157,121,155,36,,104,85,34,18,3,6,0.9,0.5
2024-02-10T2300,3639A,104.4019,31.1244,德阳市,市教育局,细颗粒物(PM2.5),133,108,126,101,125,22,,96,70,60,32,2,4,1.2,0.9
2024-02-10T2300,1622A,116.3032,37.4674,德州市,儿童乐园,细颗粒物(PM2.5),247,251,170,197,150,63,,102,90,32,21,29,23,1.0,1.2
2024-02-10T2300,1624A,116.2991,37.4451,德州市,监理站,细颗粒物(PM2.5),243,240,236,193,192,67,,103,90,35,25,29,25,1.0,1.1
2024-02-10T2300,3066A,116.2721,37.4379,德州市,九衢泉纯净水厂,细颗粒物(PM2.5),265,260,228,215,185,60,,99,87,31,28,35,25,1.0,1.1
2024-02-10T2300,3371A,116.3728,37.4403,德州市,开发区人民医院,细颗粒物(PM2.5),170,178,179,129,160,69,,101,92,26,20,19,20,0.8,1
2024-02-10T2300,3372A,116.3572,37.4094,德州市,太阳城中学,细颗粒物(PM2.5),236,215,199,186,150,75,,101,94,17,17,28,20,1.0,1.1
2024-02-10T2300,3511A,116.5652,37.3319,德州市,陵城艺术中心,细颗粒物(PM2.5),252,259,273,202,261,46,,99,78,43,29,26,33,1.2,1.4
2024-02-10T2300,2621A,99.7056,27.8317,迪庆藏族自治州,迪庆州站,,42,40,36,29,26,72,,92,88,10,8,8,10,0.5,0.4
2024-02-10T2300,3180A,99.7136,27.8094,迪庆藏族自治州,质量技术监督局,,27,23,38,13,35,85,,91,87,4,7,8,10,0.5,0.5
2024-02-10T2300,2663A,104.6241,35.5734,定西市,东关小学,颗粒物(PM10),103,156,131,67,55,32,,74,60,21,15,24,23,0.9,0.7
2024-02-10T2300,2664A,104.6194,35.5934,定西市,供电公司,颗粒物(PM10),109,167,128,81,57,26,,83,64,23,12,21,17,1.1,0.6
2024-02-10T2300,1389A,113.7547,23.0494,东莞市,莞城梨川,细颗粒物(PM2.5),124,103,57,94,47,36,,91,68,38,14,11,10,1.0,0.8
2024-02-10T2300,1390A,113.7944,23.0128,东莞市,东城石井,,50,43,47,35,40,57,,88,72,11,10,7,8,0.8,0.8
2024-02-10T2300,1391A,113.7383,22.9658,东莞市,南城西平,细颗粒物(PM2.5),64,60,49,46,40,66,,91,82,12,8,10,10,0.8,0.8
2024-02-10T2300,3319A,113.7338,23.0381,东莞市,万江金泰,,,,72,,65,2,,82,51,45,10,15,11,1.5,0.9
2024-02-10T2300,3626A,113.7533,23.0202,东莞市,南城元岭,细颗粒物(PM2.5),97,94,50,72,40,20,,82,57,32,7,11,11,1.1,0.9
2024-02-10T2300,3627A,113.7875,23.0457,东莞市,东城主山,细颗粒物(PM2.5),134,110,54,102,48,21,,92,71,34,7,12,11,1.1,0.9
2024-02-10T2300,1666A,118.6614,37.4309,东营市,市环保局,细颗粒物(PM2.5),192,166,186,144,161,74,,101,90,28,24,13,21,1.3,1.3
2024-02-10T2300,3036A,118.6904,37.4338,东营市,开发区管委会,细颗粒物(PM2.5),238,212,202,188,175,61,,94,84,38,28,5,15,1.4,1.4
2024-02-10T2300,3365A,118.5719,37.565,东营市,垦利区民丰路,细颗粒物(PM2.5),168,153,190,127,162,66,,94,87,28,21,10,14,1.5,1.5
2024-02-10T2300,3498A,118.5055,37.8612,东营市,河口城区,细颗粒物(PM2.5),132,129,175,100,139,65,,99,88,20,20,2,4,1.5,1.6
2024-02-10T2300,3646A,118.4978,37.4623,东营市,胜利站,细颗粒物(PM2.5),156,146,245,119,171,68,,91,84,35,26,11,19,1.4,1.4
2024-02-10T2300,3734A,118.35,37.26,东营市,理想之城,细颗粒物(PM2.5),206,183,194,156,159,47,,91,78,34,26,5,16,1.3,1.3
2024-02-10T2300,1591A,110.0023,39.8129,鄂尔多斯市,综合楼,细颗粒物(PM2.5),94,114,121,70,84,66,,89,82,25,13,7,9,0.6,0.5
2024-02-10T2300,1592A,109.9486,39.8261,鄂尔多斯市,巴音孟克林场办事处,颗粒物(PM10),59,68,142,34,67,75,,84,78,12,13,8,17,0.5,0.7
2024-02-10T2300,1593A,109.7736,39.5986,鄂尔多斯市,康泽苑,细颗粒物(PM2.5),70,78,117,51,60,62,,91,80,13,15,5,8,0.5,0.7
2024-02-10T2300,1594A,109.8119,39.5989,鄂尔多斯市,华泰汽车城,细颗粒物(PM2.5),70,83,115,51,60,46,,94,72,22,16,5,8,0.4,0.5
2024-02-10T2300,1595A,109.9734,39.7884,鄂尔多斯市,奥林花园,颗粒物(PM10),60,70,113,29,45,44,,88,71,38,17,6,9,0.6,0.6
2024-02-10T2300,2436A,114.8938,30.3994,鄂州市,市政府,细颗粒物(PM2.5),230,201,256,180,219,29,,77,60,61,34,10,15,1.3,1.3
2024-02-10T2300,2437A,114.8989,30.3714,鄂州市,赵家坝,细颗粒物(PM2.5),189,152,168,142,169,66,,95,81,32,20,9,12,1.0,1
2024-02-10T2300,3654A,114.8094,30.4089,鄂州市,精准医疗中心,细颗粒物(PM2.5),188,187,253,141,179,68,,100,88,22,19,9,16,1.2,1.4
2024-02-10T2300,2454A,109.4978,30.2981,恩施土家族苗族自治州,湖北民院,细颗粒物(PM2.5),129,112,156,98,130,24,,61,56,31,16,7,7,1.4,1.3
2024-02-10T2300,2455A,109.4707,30.2798,恩施土家族苗族自治州,州电力总公司,细颗粒物(PM2.5),166,158,168,126,145,13,,50,42,24,16,6,6,1.4,1.3
2024-02-10T2300,3549A,109.5061,30.3772,恩施土家族苗族自治州,龙凤新区,细颗粒物(PM2.5),115,89,121,87,122,17,,46,40,16,16,7,7,1.2,1.1
2024-02-10T2300,2499A,108.3411,21.6158,防城港市,沙万,细颗粒物(PM2.5),79,62,68,58,55,65,,77,76,14,9,7,8,0.5,0.4
2024-02-10T2300,2500A,108.3514,21.7731,防城港市,防城档案局,细颗粒物(PM2.5),89,82,82,66,70,34,,79,66,18,11,6,11,0.8,0.5
2024-02-10T2300,2501A,108.3506,21.6414,防城港市,大海花园,细颗粒物(PM2.5),70,67,69,51,56,70,,77,77,9,6,6,8,0.6,0.6
2024-02-10T2300,1371A,113.1294,23.0067,佛山市,湾梁,细颗粒物(PM2.5),112,102,59,84,41,38,,98,74,33,9,9,10,0.8,0.7
2024-02-10T2300,1372A,113.1083,23.0478,佛山市,华材职中,颗粒物(PM10),106,161,50,76,41,9,,96,62,48,15,6,8,1.0,0.8
2024-02-10T2300,1373A,113.144,23.0453,佛山市,南海气象局,细颗粒物(PM2.5),84,115,52,62,39,39,,96,79,34,10,9,7,0.9,0.9
2024-02-10T2300,1374A,113.2881,22.8094,佛山市,顺德苏岗,细颗粒物(PM2.5),134,112,51,102,47,53,,99,84,22,10,11,12,0.7,0.6
2024-02-10T2300,1376A,112.8383,22.8678,佛山市,高明孔堂,细颗粒物(PM2.5),134,153,51,102,47,40,,92,75,18,5,5,6,0.6,0.7
2024-02-10T2300,1377A,112.8836,23.1588,佛山市,三水监测站,细颗粒物(PM2.5),70,68,75,51,37,18,,85,51,47,21,6,5,0.8,0.8
2024-02-10T2300,1378A,112.867,23.185,佛山市,三水云东海,细颗粒物(PM2.5),64,61,38,46,36,39,,84,66,17,10,17,4,0.6,0.7
2024-02-10T2300,3625A,113.2544,22.7642,佛山市,容桂街道办,细颗粒物(PM2.5),138,119,54,105,44,57,,97,86,22,9,10,9,0.8,0.7
2024-02-10T2300,1280A,119.3903,26.0543,福州市,鼓山,,,,,,,,,,,,,,,,
2024-02-10T2300,1282A,119.2681,26.0504,福州市,师大,细颗粒物(PM2.5),142,119,104,108,101,81,,97,94,14,8,10,12,0.6,0.6
2024-02-10T2300,1283A,119.2984,26.1028,福州市,五四北路,细颗粒物(PM2.5),200,177,145,150,93,52,,92,78,20,10,7,7,0.7,0.7
2024-02-10T2300,1284A,119.2648,26.0768,福州市,杨桥西路,细颗粒物(PM2.5),132,127,86,100,89,60,,98,91,20,9,7,7,0.6,0.6
2024-02-10T2300,1285A,119.317,26.0746,福州市,紫阳,细颗粒物(PM2.5),138,116,103,105,103,70,,90,84,17,9,10,12,0.8,0.8
2024-02-10T2300,3048A,119.5799,26.0936,福州市,九龙,,45,34,75,31,75,58,,99,82,7,9,2,5,0.6,0.8
2024-02-10T2300,3526A,119.5189,25.9664,福州市,吴航,细颗粒物(PM2.5),64,54,67,46,57,58,,91,77,12,11,4,8,0.5,0.6
2024-02-10T2300,1755A,123.7977,41.8491,抚顺市,望花区,细颗粒物(PM2.5),220,,549,170,491,30,,82,59,50,46,15,53,1.4,1.7
2024-02-10T2300,1756A,123.9161,41.8822,抚顺市,顺城区,细颗粒物(PM2.5),240,236,477,190,362,24,,86,58,52,47,8,32,1.9,1.6
2024-02-10T2300,1757A,124.0436,41.8611,抚顺市,东洲区,细颗粒物(PM2.5),221,193,515,171,425,59,,92,78,15,30,8,33,1.4,1.6
2024-02-10T2300,1758A,123.9247,41.8642,抚顺市,新抚区,细颗粒物(PM2.5),206,248,421,156,363,22,,94,54,50,46,6,16,1.6,1.9
2024-02-10T2300,1759A,124.0972,41.8961,抚顺市,大伙房水库,细颗粒物(PM2.5),162,132,257,123,215,84,,98,92,13,24,9,14,0.9,1.3
2024-02-10T2300,1760A,123.7086,41.8391,抚顺市,沈抚新城,细颗粒物(PM2.5),145,147,492,111,335,41,,90,75,38,40,11,28,1.5,1.7
2024-02-10T2300,2376A,116.2127,28.0814,抚州市,桐源党溪,细颗粒物(PM2.5),144,134,280,110,183,21,,68,52,6,8,5,33,0.5,0.7
2024-02-10T2300,2377A,116.3544,27.9831,抚州市,市站,细颗粒物(PM2.5),362,368,196,312,164,6,,83,48,57,25,14,15,1.1,0.8
2024-02-10T2300,2378A,116.3565,27.963,抚州市,血防站,细颗粒物(PM2.5),222,260,158,172,127,14,,91,64,48,12,9,7,1.4,1.1
2024-02-10T2300,2379A,116.3564,28.0007,抚州市,采茶剧团,细颗粒物(PM2.5),232,212,184,182,163,10,,86,66,53,16,8,10,1.9,1.3
2024-02-10T2300,2380A,116.385,27.9647,抚州市,医学分院,细颗粒物(PM2.5),162,166,178,123,132,30,,96,80,30,12,10,15,1.1,1.1
2024-02-10T2300,2207A,121.6094,41.998,阜新市,工业园区,细颗粒物(PM2.5),118,,150,89,123,75,,88,77,15,17,13,20,0.8,0.8
2024-02-10T2300,2208A,121.6697,42.0279,阜新市,长青街,细颗粒物(PM2.5),163,,98,124,102,70,,86,76,19,18,16,30,0.7,0.8
2024-02-10T2300,2209A,121.6673,42.0705,阜新市,农业园区,细颗粒物(PM2.5),104,105,78,78,59,79,,86,82,17,12,22,19,0.7,0.5
2024-02-10T2300,2210A,121.6717,42.0224,阜新市,东苑,细颗粒物(PM2.5),100,86,333,75,89,80,,90,82,19,22,18,41,1.3,1.6
2024-02-10T2300,2211A,121.6506,42.0498,阜新市,玉龙新城,细颗粒物(PM2.5),122,,169,92,130,75,,89,75,14,18,19,18,0.7,0.7
2024-02-10T2300,2301A,115.8277,32.8929,阜阳市,市监测站,细颗粒物(PM2.5),349,317,123,299,115,25,,96,60,36,14,15,11,1.3,0.8
2024-02-10T2300,2303A,115.8554,32.8605,阜阳市,开发区,细颗粒物(PM2.5),240,314,145,190,99,45,,94,70,28,14,19,10,1.0,0.6
2024-02-10T2300,2875A,115.784,32.8892,阜阳市,阜阳职业技术学院,细颗粒物(PM2.5),373,370,143,323,123,28,,96,67,37,14,13,12,1.3,0.9
2024-02-10T2300,3468A,115.7901,32.8613,阜阳市,市规划展馆,细颗粒物(PM2.5),335,379,146,285,129,42,,95,70,27,14,21,14,1.2,0.9
2024-02-10T2300,3469A,115.836,32.9183,阜阳市,枣园社区,细颗粒物(PM2.5),345,336,136,295,122,34,,98,68,34,14,26,11,1.2,0.8
2024-02-10T2300,2669A,102.9099,34.9841,甘南藏族自治州,州政府,颗粒物(PM10),59,68,85,33,51,30,,84,63,25,18,22,19,1.2,0.9
2024-02-10T2300,3380A,102.8914,34.9617,甘南藏族自治州,甘肃民族师范学院,,30,30,53,14,28,40,,80,65,9,9,6,15,0.8,0.8
2024-02-10T2300,2570A,101.9603,30.0475,甘孜藏族自治州,水桥子,,16,13,16,1,10,49,,86,68,9,6,9,9,0.3,0.2
2024-02-10T2300,3065A,101.9533,29.9972,甘孜藏族自治州,州环保局,,23,9,12,8,4,72,,90,81,2,2,7,8,0.2,0.2
2024-02-10T2300,3414A,115.8347,28.932,赣江新区,桑海产业园,细颗粒物(PM2.5),117,107,111,88,94,38,,89,78,20,15,4,7,1.0,1
2024-02-10T2300,2362A,114.9017,25.9149,赣州市,通天岩,,,,,,,,,,,,,,,,
2024-02-10T2300,2363A,114.9367,25.8664,赣州市,地委,颗粒物(PM10),98,146,80,71,65,23,,90,61,28,17,9,13,1.1,1.1
2024-02-10T2300,2364A,114.9461,25.8481,赣州市,气象台,细颗粒物(PM2.5),137,166,88,104,74,7,,103,55,56,17,10,9,1.0,0.9
2024-02-10T2300,2365A,114.9322,25.8333,赣州市,市图书馆,细颗粒物(PM2.5),156,190,92,119,68,3,,79,43,49,20,22,17,1.1,0.9
2024-02-10T2300,2366A,114.8905,25.8471,赣州市,华坚鞋城,细颗粒物(PM2.5),94,112,83,70,69,4,,83,47,46,18,6,8,1.1,0.9
2024-02-10T2300,3109A,115.0093,25.8613,赣州市,赣县区卫计委,细颗粒物(PM2.5),248,215,87,198,75,15,,80,55,28,13,6,6,1.0,1
2024-02-10T2300,2683A,106.2319,36.1417,固原市,马园,颗粒物(PM10),77,104,224,54,40,34,,86,64,29,11,11,7,0.9,0.6
2024-02-10T2300,2684A,106.2792,36.0022,固原市,监测站,颗粒物(PM10),93,135,218,66,66,46,,87,64,24,15,11,11,0.8,0.6
2024-02-10T2300,2685A,106.2375,36.0211,固原市,新区,细颗粒物(PM2.5),84,94,165,62,35,24,,83,55,41,14,9,6,0.9,0.4
2024-02-10T2300,3522A,106.2177,35.9959,固原市,原州区十五小,颗粒物(PM10),52,54,162,22,36,62,,80,68,11,9,8,9,0.5,0.5
2024-02-10T2300,2543A,106.6308,30.5278,广安市,小平旧居,,,,,,,,,,,,,,,,
2024-02-10T2300,2544A,106.6303,30.4576,广安市,市委,细颗粒物(PM2.5),172,180,156,130,142,5,,82,57,56,23,7,7,1.6,1.1
2024-02-10T2300,2545A,106.6271,30.4663,广安市,友谊中学,细颗粒物(PM2.5),193,161,123,145,138,7,,88,66,56,23,5,5,1.4,1
2024-02-10T2300,2547A,106.6388,30.4551,广安市,广电花园,细颗粒物(PM2.5),178,138,126,134,127,18,,84,57,44,23,4,4,1.4,1.2
2024-02-10T2300,2902A,106.6351,30.4865,广安市,北辰小学,细颗粒物(PM2.5),158,143,146,120,136,14,,85,70,44,20,4,5,1.3,1.1
2024-02-10T2300,2523A,105.8945,32.4535,广元市,黑石坡,细颗粒物(PM2.5),82,81,89,60,91,92,,104,102,12,15,8,10,0.8,0.9
2024-02-10T2300,2524A,105.821,32.4444,广元市,老城,细颗粒物(PM2.5),112,128,138,84,98,43,,86,71,24,20,1,16,1.2,1.3
2024-02-10T2300,2526A,105.8628,32.4287,广元市,监测站,细颗粒物(PM2.5),138,114,111,105,95,25,,92,77,40,16,6,13,1.3,1.2
2024-02-10T2300,3617A,105.8047,32.4166,广元市,经开区,细颗粒物(PM2.5),147,122,146,112,119,34,,85,64,32,25,6,16,1.1,1.2
2024-02-10T2300,1345A,113.2347,23.1423,广州市,广雅中学,细颗粒物(PM2.5),89,97,56,66,46,5,,87,57,64,20,6,7,1.2,1
2024-02-10T2300,1346A,113.2612,23.105,广州市,市五中,细颗粒物(PM2.5),75,65,56,55,51,14,,90,59,69,22,6,7,1.2,0.8
2024-02-10T2300,1348A,113.3478,23.0916,广州市,广东商学院,细颗粒物(PM2.5),75,67,50,55,44,23,,94,72,39,11,6,7,0.9,0.8
2024-02-10T2300,1349A,113.4332,23.1047,广州市,市八十六中,细颗粒物(PM2.5),143,138,65,109,54,38,,91,77,29,9,11,10,0.7,0.6
2024-02-10T2300,1350A,113.3505,22.9483,广州市,番禺中学,细颗粒物(PM2.5),166,149,46,126,40,16,,100,78,54,18,6,7,1.1,0.8
2024-02-10T2300,1351A,113.2146,23.3916,广州市,花都师范,细颗粒物(PM2.5),133,132,53,101,44,32,,92,78,41,12,9,8,1.1,0.9
2024-02-10T2300,1352A,113.2597,23.1331,广州市,市监测站,细颗粒物(PM2.5),73,65,55,53,47,28,,94,68,54,20,6,6,1.0,0.8
2024-02-10T2300,1353A,113.5618,23.312,广州市,九龙镇镇龙,细颗粒物(PM2.5),85,80,60,63,52,29,,80,66,18,9,6,9,0.8,0.8
2024-02-10T2300,1354A,113.2765,23.1544,广州市,麓湖,,49,42,48,34,44,47,,92,74,14,10,5,7,0.7,0.7
2024-02-10T2300,1355A,113.443,23.3035,广州市,帽峰山森林公园,,45,35,51,31,44,83,,95,90,4,5,8,10,0.4,0.5
2024-02-10T2300,2846A,113.3221,23.1322,广州市,体育西,细颗粒物(PM2.5),65,62,56,47,45,34,,94,76,43,14,9,10,1.0,0.9
2024-02-10T2300,3298A,113.5717,23.5491,广州市,从化街口,细颗粒物(PM2.5),139,123,68,106,59,21,,87,61,20,9,8,10,0.7,0.7
2024-02-10T2300,3299A,113.3472,23.3692,广州市,白云竹料,细颗粒物(PM2.5),213,209,89,163,59,6,,91,67,39,10,8,10,1.1,0.7
2024-02-10T2300,3300A,113.2981,23.237,广州市,白云嘉禾,细颗粒物(PM2.5),64,63,56,46,45,28,,92,71,39,17,7,10,0.7,0.7
2024-02-10T2300,3301A,113.4256,23.1716,广州市,黄埔科学城,细颗粒物(PM2.5),198,153,59,148,57,36,,88,71,17,5,9,7,0.8,0.8
2024-02-10T2300,3302A,113.3942,23.0483,广州市,番禺大学城,细颗粒物(PM2.5),68,54,47,49,41,60,,96,87,22,10,10,9,0.7,0.7
2024-02-10T2300,3303A,113.4922,22.8168,广州市,南沙黄阁,细颗粒物(PM2.5),188,210,76,141,64,55,,95,76,24,11,10,10,1.0,0.8
2024-02-10T2300,3304A,113.5342,22.7896,广州市,南沙街,细颗粒物(PM2.5),87,80,56,64,45,63,,94,85,20,14,5,6,0.8,0.8
2024-02-10T2300,3443A,113.2902,23.5544,广州市,花都梯面,细颗粒物(PM2.5),69,58,46,50,40,34,,90,64,13,11,6,9,0.4,0.6
2024-02-10T2300,3445A,113.7858,23.7478,广州市,从化良口,,35,32,40,24,35,46,,84,71,5,5,6,8,0.5,0.5
2024-02-10T2300,3446A,113.8051,23.2614,广州市,增城荔城,细颗粒物(PM2.5),140,128,50,107,43,27,,84,59,16,7,8,9,0.7,0.7
2024-02-10T2300,2505A,109.568,23.1478,贵港市,德智高中,,46,32,124,32,119,86,,86,86,5,9,5,18,0.8,0.9
2024-02-10T2300,2506A,109.6047,23.0666,贵港市,江南子站,细颗粒物(PM2.5),213,241,153,163,117,31,,82,66,28,14,7,14,1.4,1
2024-02-10T2300,2507A,109.6014,23.0948,贵港市,贵城子站,细颗粒物(PM2.5),134,,125,102,120,39,,74,58,33,17,10,15,1.3,1
2024-02-10T2300,2508A,109.5669,23.1065,贵港市,荷城子站,细颗粒物(PM2.5),83,78,106,61,94,54,,74,71,18,10,9,13,1.1,1
2024-02-10T2300,3405A,109.5886,23.1172,贵港市,新世纪学校,细颗粒物(PM2.5),80,73,125,59,101,61,,76,69,13,10,5,11,1.0,1
2024-02-10T2300,1439A,106.6899,26.5998,贵阳市,马鞍山,,36,36,94,24,83,32,,70,59,22,19,18,15,0.5,0.7
2024-02-10T2300,1440A,106.6971,26.5694,贵阳市,市环保站,细颗粒物(PM2.5),284,312,193,234,175,6,,74,40,62,37,52,36,1.7,1.1
2024-02-10T2300,1441A,106.6243,26.6266,贵阳市,鉴湖路,细颗粒物(PM2.5),110,107,106,83,78,56,,98,88,32,18,13,9,0.4,0.7
2024-02-10T2300,1442A,106.7487,26.6343,贵阳市,燕子冲,细颗粒物(PM2.5),52,46,105,36,92,43,,86,73,17,15,16,18,0.5,0.8
2024-02-10T2300,1443A,106.6555,26.4365,贵阳市,碧云窝,细颗粒物(PM2.5),77,78,137,56,109,36,,96,80,14,12,36,25,0.7,0.7
2024-02-10T2300,1444A,106.694,26.5161,贵阳市,中院村,,,,281,,252,,,49,,,21,,56,,1.1
2024-02-10T2300,1445A,106.7109,26.6027,贵阳市,红边门,细颗粒物(PM2.5),321,305,208,271,182,3,,69,42,63,33,117,56,2.0,1.2
2024-02-10T2300,1446A,106.7164,26.5699,贵阳市,新华路,细颗粒物(PM2.5),296,295,217,246,190,16,,78,49,53,31,53,28,1.6,1
2024-02-10T2300,1447A,106.674,26.5424,贵阳市,太慈桥,细颗粒物(PM2.5),73,68,123,53,103,34,,86,72,27,16,22,12,0.6,0.7
2024-02-10T2300,1552A,106.805,26.3003,贵阳市,桐木岭,,,,,,,,,,,,,,,,
2024-02-10T2300,1862A,110.4144,25.3167,桂林市,电子科大尧山校区,细颗粒物(PM2.5),64,60,70,46,55,43,,87,68,6,5,4,7,0.3,0.5
2024-02-10T2300,1863A,110.2819,25.2697,桂林市,监测站,,,,110,305,95,6,,93,52,61,21,10,11,2.6,1
2024-02-10T2300,1864A,110.3089,25.2708,桂林市,龙隐路小学,细颗粒物(PM2.5),128,166,91,97,78,52,,94,69,19,13,10,11,0.9,0.9
2024-02-10T2300,1865A,110.2869,25.2178,桂林市,八中,细颗粒物(PM2.5),170,160,86,129,76,33,,92,68,26,11,12,11,0.8,0.6
2024-02-10T2300,3403A,110.1764,25.2381,桂林市,创业大厦,细颗粒物(PM2.5),221,195,92,171,81,30,,99,82,28,10,12,13,0.9,0.7
2024-02-10T2300,3531A,110.296,25.1253,桂林市,旅游学院,细颗粒物(PM2.5),110,92,72,83,67,40,,98,82,20,8,8,10,0.8,0.8
2024-02-10T2300,2674A,100.2561,34.4714,果洛藏族自治州,玛沁县大武镇,,32,32,32,17,21,46,,84,75,13,13,9,12,0.4,0.5
2024-02-10T2300,1129A,126.5422,45.755,哈尔滨市,岭北,细颗粒物(PM2.5),282,243,499,232,463,171,,182,179,34,64,21,40,0,0.7
2024-02-10T2300,1130A,126.561,45.8167,哈尔滨市,松北商大,细颗粒物(PM2.5),241,229,427,191,392,91,,109,103,20,43,10,11,1.2,1.9
2024-02-10T2300,1131A,126.979,45.5419,哈尔滨市,阿城会宁,细颗粒物(PM2.5),273,235,442,223,430,95,,99,97,14,30,18,31,1.1,1.7
2024-02-10T2300,1132A,126.599,45.7222,哈尔滨市,南岗学府路,细颗粒物(PM2.5),261,280,557,211,429,80,,98,95,28,60,13,24,1.3,2.1
2024-02-10T2300,1133A,126.689,45.7733,哈尔滨市,太平宏伟公园,细颗粒物(PM2.5),221,218,527,171,417,82,,98,95,26,68,7,21,0.9,2.3
2024-02-10T2300,1134A,126.635,45.7667,哈尔滨市,道外承德广场,细颗粒物(PM2.5),234,251,482,184,413,81,,91,84,30,62,14,25,0.7,1.6
2024-02-10T2300,1135A,126.685,45.7319,哈尔滨市,香坊红旗大街,颗粒物(PM10),160,269,598,,340,63,,86,74,45,73,19,40,1.5,2.4
2024-02-10T2300,1136A,126.6411,45.7258,哈尔滨市,动力和平路,细颗粒物(PM2.5),263,228,475,213,461,79,,98,92,30,57,21,33,1.3,2
2024-02-10T2300,1137A,126.593,45.7478,哈尔滨市,道里建国路,细颗粒物(PM2.5),283,238,499,233,463,72,,87,84,31,55,21,33,0,1
2024-02-10T2300,1138A,126.615,45.61,哈尔滨市,平房东轻厂,细颗粒物(PM2.5),262,245,478,212,455,93,,106,103,18,41,9,20,1.1,2.2
2024-02-10T2300,1139A,126.595,45.9855,哈尔滨市,呼兰师专,细颗粒物(PM2.5),272,,491,222,466,80,,95,91,30,46,18,27,1.2,2.1
2024-02-10T2300,1140A,126.6206,45.6842,哈尔滨市,省农科院,细颗粒物(PM2.5),242,256,518,192,459,91,,108,102,21,60,14,31,1.2,2.2
2024-02-10T2300,2688A,93.5128,42.8172,哈密市,地区监测站,颗粒物(PM10),98,145,147,62,71,31,,72,57,47,28,6,19,0.8,0.6
2024-02-10T2300,2689A,93.4961,42.8328,哈密市,哈密师范学校,细颗粒物(PM2.5),212,334,262,162,160,14,,73,56,62,32,35,50,1.1,0.8
2024-02-10T2300,2671A,100.9048,36.9639,海北藏族自治州,海晏县西海镇,,21,21,26,9,12,52,,79,68,4,3,12,12,0.4,0.4
2024-02-10T2300,3867A,102.0738,36.5056,海东市,平安区公安北苑,,45,45,91,22,56,34,,77,65,21,16,5,20,0.3,0.4
2024-02-10T2300,1409A,110.576,19.9507,海口市,东寨港,,,,,,,,,,,,,,,,
2024-02-10T2300,1410A,110.3232,20.0574,海口市,海南大学,细颗粒物(PM2.5),53,42,56,37,42,76,,77,77,7,7,11,10,0.6,0.7
2024-02-10T2300,1411A,110.283,20.0053,海口市,秀英海南医院,细颗粒物(PM2.5),62,,55,44,44,69,,77,76,8,6,9,9,0.5,0.7
2024-02-10T2300,1412A,110.338,19.9969,海口市,海南师范大学,细颗粒物(PM2.5),58,,51,41,40,70,,76,75,8,5,8,8,0.6,0.7
2024-02-10T2300,1413A,110.33,20.0356,海口市,龙华路环保局宿舍,细颗粒物(PM2.5),53,43,54,37,42,72,,72,71,8,7,9,9,0.6,0.7
2024-02-10T2300,3539A,110.5111,19.9736,海口市,桂林洋子站,,43,40,27,30,25,64,,76,73,6,5,8,7,0.5,0.6
2024-02-10T2300,2673A,100.6188,36.2866,海南藏族自治州,共和县恰卜恰镇,,,40,65,8,52,,,84,74,,18,13,14,1.0,0.6
2024-02-10T2300,2676A,97.3731,37.3753,海西蒙古族藏族自治州,德令哈市,,29,18,61,7,42,92,,104,98,4,9,14,22,0.4,0.5
2024-02-10T2300,1048A,114.5302,36.6116,邯郸市,东污水处理厂,细颗粒物(PM2.5),360,378,321,310,273,51,,103,84,42,24,16,22,1.2,1.4
2024-02-10T2300,1049A,114.4918,36.5713,邯郸市,矿院,细颗粒物(PM2.5),364,413,336,314,270,37,,96,73,48,31,9,16,1.4,1.5
2024-02-10T2300,1050A,114.484,36.6133,邯郸市,丛台公园,细颗粒物(PM2.5),310,303,281,260,241,55,,108,85,35,19,11,18,1.4,1.4
2024-02-10T2300,3458A,114.7895,36.5593,邯郸市,香泉濮院小区,细颗粒物(PM2.5),236,238,339,186,283,84,,104,97,15,21,20,29,0.9,1.4
2024-02-10T2300,3579A,114.50634,36.77178,邯郸市,永年区实验高中,细颗粒物(PM2.5),313,301,343,263,293,61,,104,74,49,42,21,35,0,0.6
2024-02-10T2300,3580A,114.20016,36.44293,邯郸市,峰峰矿区临水派出所,细颗粒物(PM2.5),288,251,187,238,165,105,,118,114,9,13,25,33,1.1,1.3
2024-02-10T2300,2634A,106.9893,33.1842,汉中市,汉川机床厂子校,细颗粒物(PM2.5),92,72,127,68,112,64,,95,86,7,11,5,9,0.7,1
2024-02-10T2300,2635A,107.0154,33.0706,汉中市,市监测站,细颗粒物(PM2.5),211,161,221,161,202,29,,91,74,44,32,12,16,2.3,2.1
2024-02-10T2300,2636A,107.0089,33.1138,汉中市,鑫源开发区,细颗粒物(PM2.5),188,155,277,141,277,47,,93,81,30,29,14,25,1.7,1.9
2024-02-10T2300,2637A,107.007,33.0323,汉中市,南郑大河坎水厂,细颗粒物(PM2.5),175,143,165,132,145,19,,91,64,33,23,12,13,1.9,1.6
2024-02-10T2300,1223A,120.2072,30.2111,杭州市,滨江,细颗粒物(PM2.5),160,145,213,122,163,61,,98,88,24,18,10,11,1.1,0.9
2024-02-10T2300,1224A,120.0633,30.2747,杭州市,西溪,细颗粒物(PM2.5),94,101,161,70,129,17,,95,65,12,14,7,8,0.7,0.8
2024-02-10T2300,1226A,120.3461,30.3153,杭州市,下沙,细颗粒物(PM2.5),130,124,192,99,154,72,,100,89,26,19,10,10,0.8,0.8
2024-02-10T2300,1227A,120.1269,30.2456,杭州市,卧龙桥,细颗粒物(PM2.5),102,103,127,76,111,18,,92,51,19,17,4,5,0.7,0.8
2024-02-10T2300,1228A,120.1903,30.2692,杭州市,浙江农大,细颗粒物(PM2.5),266,237,258,216,216,5,,96,63,63,26,8,9,1.2,0.9
2024-02-10T2300,1230A,120.1197,30.3119,杭州市,和睦小学,细颗粒物(PM2.5),272,269,298,222,249,19,,86,56,56,31,9,9,1.0,0.9
2024-02-10T2300,1231A,120.3019,30.4183,杭州市,临平镇,细颗粒物(PM2.5),137,,208,104,253,62,,96,85,22,24,7,9,0.7,0.9
2024-02-10T2300,1232A,120.2697,30.1819,杭州市,城厢镇,细颗粒物(PM2.5),153,128,255,117,241,72,,102,93,18,18,8,9,0.9,0.9
2024-02-10T2300,1233A,120.0883,30.1808,杭州市,云栖,细颗粒物(PM2.5),88,80,141,65,114,47,,98,68,13,15,7,8,0.7,0.8
2024-02-10T2300,3557A,119.9464,30.0494,杭州市,镇二中,细颗粒物(PM2.5),208,196,294,158,351,7,,91,56,41,22,8,10,1.2,0.9
2024-02-10T2300,3558A,119.7183,30.2367,杭州市,市府大楼,细颗粒物(PM2.5),107,95,223,80,184,46,,94,68,13,17,6,9,0.8,0.9
2024-02-10T2300,3656A,120.1556,30.2864,杭州市,消防大队,细颗粒物(PM2.5),233,209,259,183,227,38,,92,67,41,29,11,11,1.3,1.1
2024-02-10T2300,1270A,117.1959,31.7848,合肥市,明珠广场,细颗粒物(PM2.5),125,114,213,95,185,76,,92,85,16,19,9,12,0.9,0.9
2024-02-10T2300,1271A,117.3072,31.8764,合肥市,三里街,细颗粒物(PM2.5),195,173,266,146,230,61,,80,54,30,36,9,10,0.8,1
2024-02-10T2300,1272A,117.2588,31.8707,合肥市,琥珀山庄,细颗粒物(PM2.5),160,146,281,122,252,59,,85,53,25,37,8,10,1.1,1.3
2024-02-10T2300,1273A,117.1604,31.9052,合肥市,董铺水库,细颗粒物(PM2.5),107,102,186,80,155,73,,89,85,7,8,5,6,0.7,0.7
2024-02-10T2300,1274A,117.25,31.8571,合肥市,长江中路,细颗粒物(PM2.5),155,129,218,118,200,72,,84,75,19,26,9,12,1.0,1
2024-02-10T2300,1275A,117.266,31.9436,合肥市,庐阳区,细颗粒物(PM2.5),125,127,188,95,143,75,,81,81,14,23,7,9,1.0,0.9
2024-02-10T2300,1276A,117.336,31.8586,合肥市,瑶海区,细颗粒物(PM2.5),186,166,248,140,216,67,,88,71,29,26,7,9,0.9,0.9
2024-02-10T2300,1277A,117.3027,31.7964,合肥市,包河区,细颗粒物(PM2.5),149,122,215,114,204,78,,92,72,21,25,7,9,0.8,0.8
2024-02-10T2300,1278A,117.2776,31.7385,合肥市,滨湖新区,细颗粒物(PM2.5),119,112,226,90,192,80,,91,86,11,18,7,12,0.9,1
2024-02-10T2300,1279A,117.1318,31.8403,合肥市,高新区,细颗粒物(PM2.5),122,112,153,92,136,80,,92,90,16,15,6,9,0.9,0.9
2024-02-10T2300,3464A,117.3803,31.9147,合肥市,高教基地,细颗粒物(PM2.5),145,119,216,111,177,72,,96,76,12,14,6,8,0.7,0.8
2024-02-10T2300,3614A,79.924,37.0877,和田地区,地区环保局,细颗粒物(PM2.5),127,185,105,96,40,33,,95,79,72,25,38,19,1.9,0.8
2024-02-10T2300,3615A,79.9131,37.113,和田地区,市环保局,颗粒物(PM10),100,150,85,50,34,18,,97,77,88,34,24,11,3.3,1
2024-02-10T2300,2516A,108.2011,24.715,河池市,东仁乐园,,50,39,48,35,35,27,,49,40,5,5,3,3,0.7,0.7
2024-02-10T2300,2517A,108.0497,24.6947,河池市,市环保站,细颗粒物(PM2.5),64,50,60,46,52,32,,77,63,15,9,7,8,0.7,0.7
2024-02-10T2300,2518A,108.0983,24.6989,河池市,市疾控中心,细颗粒物(PM2.5),102,96,68,76,64,31,,79,63,19,13,8,9,0.7,0.7
2024-02-10T2300,1696A,114.6778,23.7569,河源市,源西,细颗粒物(PM2.5),59,55,76,42,59,49,,83,61,12,10,5,8,0.7,0.8
2024-02-10T2300,1697A,114.6944,23.7586,河源市,东埔,细颗粒物(PM2.5),108,139,77,81,62,40,,86,66,22,8,10,10,0.7,0.7
2024-02-10T2300,1698A,114.6892,23.7233,河源市,老城,细颗粒物(PM2.5),246,277,90,196,71,22,,85,60,28,9,16,9,0.8,0.8
2024-02-10T2300,1718A,115.4208,35.2464,菏泽市,气象局,细颗粒物(PM2.5),334,344,352,284,287,87,,104,96,23,25,9,12,1.5,1.3
2024-02-10T2300,1719A,115.4747,35.2375,菏泽市,市政协,细颗粒物(PM2.5),373,384,340,323,280,58,,95,77,27,18,7,12,1.5,1.2
2024-02-10T2300,3374A,115.5564,35.0891,菏泽市,定陶老年大学,细颗粒物(PM2.5),365,364,307,315,260,72,,100,90,26,21,8,11,1.4,1
2024-02-10T2300,3647A,115.4702,35.2706,菏泽市,菏泽医专,细颗粒物(PM2.5),318,324,347,268,283,84,,94,88,24,28,13,18,1.5,1.3
2024-02-10T2300,2514A,111.5264,24.4172,贺州市,环保小区,细颗粒物(PM2.5),258,214,129,208,107,33,,86,68,18,9,14,15,0.8,0.7
2024-02-10T2300,2515A,111.5608,24.4078,贺州市,政协大楼,细颗粒物(PM2.5),201,166,105,151,90,20,,82,61,24,12,11,11,0.9,0.7
2024-02-10T2300,3534A,111.4744,24.4553,贺州市,西湾,细颗粒物(PM2.5),170,140,96,129,85,35,,87,69,13,9,9,10,0.8,0.7
2024-02-10T2300,2385A,114.17,35.9019,鹤壁市,市监测站,细颗粒物(PM2.5),368,370,241,318,196,64,,116,94,24,23,4,10,1.4,1.2
2024-02-10T2300,2386A,114.2956,35.7511,鹤壁市,市交警支队,细颗粒物(PM2.5),407,404,235,360,189,47,,111,88,29,19,14,22,1.4,1.1
2024-02-10T2300,2387A,114.2878,35.7306,鹤壁市,迎宾馆,细颗粒物(PM2.5),374,353,224,324,196,46,,112,88,36,24,12,30,1.5,1.2
2024-02-10T2300,3474A,114.2617,35.6822,鹤壁市,大新区,细颗粒物(PM2.5),412,415,221,367,182,50,,113,92,30,22,10,21,1.5,1
2024-02-10T2300,3596A,114.1572,35.9603,鹤壁市,南山宾馆,细颗粒物(PM2.5),346,345,201,296,163,85,,117,104,26,22,7,18,1.6,1.3
2024-02-10T2300,2244A,130.2537,47.3416,鹤岗市,哈啤分公司,,35,28,104,24,81,79,,73,71,5,15,16,32,0.7,1.1
2024-02-10T2300,2245A,130.2684,47.3086,鹤岗市,斯达机电,,38,33,88,26,63,82,,84,78,9,23,11,43,0.3,0.6
2024-02-10T2300,2246A,130.3114,47.3388,鹤岗市,东山纸板厂,,47,47,82,31,74,92,,90,84,10,18,14,26,0.3,1
2024-02-10T2300,2247A,130.1097,47.3382,鹤岗市,五号水库,,28,27,24,14,20,88,,85,84,5,6,9,10,0.4,0.5
2024-02-10T2300,2263A,127.4833,50.2524,黑河市,交通局,细颗粒物(PM2.5),92,93,79,68,50,54,,65,59,20,13,12,20,0.8,0.5
2024-02-10T2300,2264A,127.5144,50.2341,黑河市,环保局,细颗粒物(PM2.5),173,185,192,131,154,28,,70,57,38,20,14,53,1.1,0.6
2024-02-10T2300,2265A,127.5291,50.2472,黑河市,大黑河岛,细颗粒物(PM2.5),195,162,56,146,49,,,84,82,93,61,18,20,,
2024-02-10T2300,1074A,115.6838,37.7541,衡水市,电机北厂,细颗粒物(PM2.5),109,120,182,82,138,72,,93,84,12,12,7,15,0.5,0.7
2024-02-10T2300,1075A,115.6303,37.7316,衡水市,市监测站,细颗粒物(PM2.5),64,75,130,46,106,88,,90,87,12,16,9,13,0.4,0.6
2024-02-10T2300,3188A,115.6683,37.7217,衡水市,市城管局,细颗粒物(PM2.5),109,105,142,82,116,72,,91,86,16,14,10,14,0.6,0.7
2024-02-10T2300,3459A,115.5989,37.5491,衡水市,地表水厂,细颗粒物(PM2.5),134,104,177,102,160,68,,94,85,21,17,13,12,0.6,0.9
2024-02-10T2300,2456A,112.5003,26.9167,衡阳市,原169医院,细颗粒物(PM2.5),172,137,184,130,150,44,,82,77,19,14,22,29,1.3,1.3
2024-02-10T2300,2457A,112.6194,26.9258,衡阳市,衡阳化工总厂,细颗粒物(PM2.5),500,571,212,535,174,5,,80,64,51,19,9,15,1.3,1
2024-02-10T2300,2458A,112.6211,26.8956,衡阳市,珠晖区环保局,细颗粒物(PM2.5),500,594,204,574,178,,,91,,49,18,11,18,1.5,1.1
2024-02-10T2300,2459A,112.6197,26.8733,衡阳市,市委党校,细颗粒物(PM2.5),153,168,180,117,137,66,,90,81,10,8,13,19,0.9,1.1
2024-02-10T2300,2460A,112.6006,26.8919,衡阳市,市监测站,"颗粒物(PM10),细颗粒物(PM2.5)",500,,229,702,206,4,,71,44,52,19,10,23,1.8,1.4
2024-02-10T2300,2461A,112.5664,26.9056,衡阳市,真空机电公司,细颗粒物(PM2.5),202,246,188,152,155,34,,74,61,41,23,19,29,1.9,1.7
2024-02-10T2300,3399A,112.6703,26.882,衡阳市,师范学院,细颗粒物(PM2.5),203,167,158,153,144,56,,87,79,10,6,11,15,0.9,1
2024-02-10T2300,2608A,103.3772,23.3993,红河哈尼族彝族自治州,污水处理厂,细颗粒物(PM2.5),109,100,66,82,58,26,,69,56,16,10,8,18,1.1,0.9
2024-02-10T2300,2609A,103.3861,23.35,红河哈尼族彝族自治州,监测站,细颗粒物(PM2.5),88,75,65,65,58,33,,68,55,13,10,7,14,1.0,0.9
2024-02-10T2300,3038A,103.3758,23.368,红河哈尼族彝族自治州,州图书馆,细颗粒物(PM2.5),118,,64,89,55,29,,65,52,17,10,9,15,1.0,0.9
2024-02-10T2300,1090A,111.6507,40.7517,呼和浩特市,呼市一监,细颗粒物(PM2.5),414,407,246,371,486,28,,116,96,74,45,7,32,2.1,1.7
2024-02-10T2300,1091A,111.6572,40.8033,呼和浩特市,小召,细颗粒物(PM2.5),423,481,268,384,552,67,,112,98,66,54,11,50,2.2,1.7
2024-02-10T2300,1094A,111.7516,40.8369,呼和浩特市,如意水处理厂,细颗粒物(PM2.5),303,258,321,253,324,47,,91,78,63,54,19,39,1.5,1.6
2024-02-10T2300,1095A,111.7276,40.8062,呼和浩特市,二十九中,细颗粒物(PM2.5),345,375,423,295,351,52,,100,89,63,43,14,36,1.6,1.3
2024-02-10T2300,1096A,111.5512,40.7866,呼和浩特市,工大金川校区,细颗粒物(PM2.5),295,345,425,245,374,54,,105,86,52,48,10,27,1.3,1.7
2024-02-10T2300,1097A,111.717,40.7612,呼和浩特市,化肥厂生活区,细颗粒物(PM2.5),420,446,435,380,381,47,,105,89,58,44,29,57,2.2,1.6
2024-02-10T2300,3698A,111.5968,40.8178,呼和浩特市,红旗小学,细颗粒物(PM2.5),291,266,558,241,510,50,,107,91,58,61,13,53,1.4,1.9
2024-02-10T2300,3699A,111.6518,40.8389,呼和浩特市,海东办,细颗粒物(PM2.5),397,393,281,347,659,21,,96,72,84,63,20,66,1.6,1.7
2024-02-10T2300,2192A,119.7594,49.2261,呼伦贝尔市,区环保局,,38,30,43,26,37,92,,92,92,7,10,9,11,0.2,0.2
2024-02-10T2300,3061A,119.7512,49.1577,呼伦贝尔市,国华电力东,,29,22,28,15,27,92,,91,91,4,6,6,6,0.2,0.2
2024-02-10T2300,1250A,120.0751,30.8669,湖州市,城西水厂,细颗粒物(PM2.5),142,128,196,108,173,36,,104,77,50,23,4,7,0.7,0.8
2024-02-10T2300,2873A,120.0875,30.8955,湖州市,仁皇山新区,细颗粒物(PM2.5),122,107,178,92,155,54,,105,86,31,23,6,8,0.8,0.8
2024-02-10T2300,2907A,120.1844,30.8596,湖州市,吴兴区站,细颗粒物(PM2.5),108,96,157,81,149,82,,103,96,16,15,8,9,0.7,0.8
2024-02-10T2300,3562A,120.4148,30.8538,湖州市,南浔区站,细颗粒物(PM2.5),135,120,183,103,178,78,,109,96,20,14,9,10,0.7,0.7
2024-02-10T2300,1607A,120.9092,40.7136,葫芦岛市,龙港区,细颗粒物(PM2.5),87,67,260,64,220,73,,97,91,13,25,15,53,0.5,1
2024-02-10T2300,1608A,120.8392,40.7514,葫芦岛市,化工街,细颗粒物(PM2.5),110,102,202,83,155,56,,88,80,13,20,12,24,1.3,1.5
2024-02-10T2300,1609A,120.8341,40.7073,葫芦岛市,新区,细颗粒物(PM2.5),94,81,234,70,181,61,,96,85,25,28,20,26,0.5,1
2024-02-10T2300,1610A,120.8695,40.7677,葫芦岛市,东城区,细颗粒物(PM2.5),134,,218,102,184,53,,90,78,27,29,18,27,1.4,1.7
2024-02-10T2300,2482A,109.5981,27.5721,怀化市,林科所,细颗粒物(PM2.5),72,65,106,52,90,32,,58,56,4,4,5,8,0.6,0.5
2024-02-10T2300,2483A,109.9453,27.5444,怀化市,河西地税局,细颗粒物(PM2.5),198,182,103,148,86,8,,46,38,11,8,4,5,0.9,1
2024-02-10T2300,2484A,109.9781,27.5342,怀化市,市四医院,,,400,131,,92,12,,54,46,22,10,6,6,1.3,0.8
2024-02-10T2300,2485A,109.9972,27.5578,怀化市,监测楼,,,,168,,115,9,,49,37,18,12,11,9,1.5,1.1
2024-02-10T2300,2486A,110.0394,27.583,怀化市,市委党校,细颗粒物(PM2.5),228,195,135,178,116,5,,52,42,14,9,7,7,1.0,0.9
2024-02-10T2300,1210A,119.036,33.5981,淮安市,钵池山,细颗粒物(PM2.5),343,354,170,293,157,27,,76,66,49,21,8,10,1.2,1.2
2024-02-10T2300,1211A,119.007,33.575,淮安市,北京南路,细颗粒物(PM2.5),260,263,172,210,152,41,,82,68,34,21,8,12,1.2,1.5
2024-02-10T2300,1212A,118.989,33.6067,淮安市,市监测站,细颗粒物(PM2.5),291,285,181,241,158,56,,89,78,26,15,11,11,1.5,1.4
2024-02-10T2300,1213A,119.135,33.5039,淮安市,楚州区监测站,细颗粒物(PM2.5),243,242,196,193,210,42,,88,76,38,20,8,11,0.9,1
2024-02-10T2300,1214A,119.0186,33.6297,淮安市,淮阴区监测站,细颗粒物(PM2.5),373,437,216,323,181,36,,83,65,43,23,7,9,1.1,0.9
2024-02-10T2300,3426A,118.8755,33.2894,淮安市,新华书店,细颗粒物(PM2.5),237,233,158,187,140,59,,98,84,36,21,8,11,1.0,0.9
2024-02-10T2300,2282A,116.8004,33.975,淮北市,监测站,细颗粒物(PM2.5),392,365,351,342,280,48,,92,72,30,24,11,15,1.3,1.2
2024-02-10T2300,2283A,116.8091,33.9007,淮北市,烈山区政府,细颗粒物(PM2.5),345,357,325,295,279,49,,106,79,34,25,11,14,1.0,1
2024-02-10T2300,3330A,116.8873,33.9836,淮北市,杜集区检察院,细颗粒物(PM2.5),328,343,305,278,262,57,,106,85,20,20,13,15,1.3,1.2
2024-02-10T2300,4017A,116.7923,33.9535,淮北市,市博物馆,细颗粒物(PM2.5),422,402,352,382,298,41,,97,72,48,29,13,16,1.5,1.4
2024-02-10T2300,2277A,116.8305,32.7727,淮南市,潘集区政府,细颗粒物(PM2.5),250,243,132,200,110,52,,96,77,27,12,6,6,0.8,0.7
2024-02-10T2300,2278A,117.0067,32.6524,淮南市,师范学院,细颗粒物(PM2.5),225,228,123,175,93,57,,88,61,23,21,10,9,0.8,0.8
2024-02-10T2300,2279A,116.8569,32.5951,淮南市,谢家集区政府,细颗粒物(PM2.5),168,145,109,127,99,92,,99,94,9,11,8,9,0.8,0.8
2024-02-10T2300,2280A,116.8281,32.633,淮南市,八公山区政府,细颗粒物(PM2.5),229,214,92,179,75,81,,107,93,15,11,7,4,0.8,0.8
2024-02-10T2300,2281A,116.6325,32.6201,淮南市,焦岗湖风景区管理处,细颗粒物(PM2.5),190,208,121,143,88,48,,84,69,18,10,3,4,0.6,0.5
2024-02-10T2300,2894A,117.0566,32.6531,淮南市,经济技术开发区消防队,细颗粒物(PM2.5),218,213,114,168,90,65,,92,70,16,13,10,8,0.9,0.8
2024-02-10T2300,3329A,117.0108,32.5893,淮南市,山南新区,细颗粒物(PM2.5),283,,132,233,130,62,,99,82,28,14,9,9,0.9,0.7
2024-02-10T2300,2446A,114.9028,30.4742,黄冈市,职工中心,细颗粒物(PM2.5),204,177,310,154,236,64,,99,88,15,15,13,24,1.0,1.2
2024-02-10T2300,2929A,114.8858,30.4519,黄冈市,红卫路,细颗粒物(PM2.5),165,143,294,125,246,71,,90,80,20,19,11,19,1.1,1.3
2024-02-10T2300,3398A,114.9136,30.4445,黄冈市,市林业局,细颗粒物(PM2.5),180,,285,136,245,72,,99,89,23,19,8,16,1.0,1.2
2024-02-10T2300,2672A,102.0199,35.5102,黄南藏族自治州,同仁县隆务镇,,23,23,40,9,19,65,,84,70,4,6,18,20,0.7,0.7
2024-02-10T2300,2295A,118.2903,29.6963,黄山市,延安路89号,颗粒物(PM10),77,103,260,39,154,53,,92,82,4,10,6,13,0.4,0.6
2024-02-10T2300,2296A,118.327,29.7178,黄山市,黄山东路89号,细颗粒物(PM2.5),77,75,176,56,150,50,,84,66,8,15,6,8,0.7,0.9
2024-02-10T2300,2297A,118.1371,30.2756,黄山市,黄山区政府5号楼,细颗粒物(PM2.5),85,77,95,63,70,45,,91,78,10,9,4,6,0.7,0.7
2024-02-10T2300,2423A,115.0601,30.2313,黄石市,沈家营,细颗粒物(PM2.5),179,139,262,135,226,60,,110,93,30,27,13,20,1.1,1.3
2024-02-10T2300,2424A,115.0817,30.2006,黄石市,陈家湾,细颗粒物(PM2.5),173,139,198,131,147,44,,100,69,25,26,10,28,0.9,1.1
2024-02-10T2300,2426A,114.8988,30.2019,黄石市,铁山,细颗粒物(PM2.5),257,224,134,207,120,39,,110,92,34,23,11,16,1.2,1.1
2024-02-10T2300,2427A,115.0307,30.2092,黄石市,团城山,细颗粒物(PM2.5),165,141,285,125,219,76,,114,104,23,30,12,22,1.0,1.2
2024-02-10T2300,3149A,115.0235,30.1578,黄石市,笔架山北路,细颗粒物(PM2.5),129,,173,98,161,81,,118,107,12,16,10,26,1.2,1.4
2024-02-10T2300,1392A,114.4183,23.0528,惠州市,河南岸金山湖子站,细颗粒物(PM2.5),98,87,54,73,49,33,,80,60,18,7,7,7,0.7,0.7
2024-02-10T2300,1393A,114.4053,23.0822,惠州市,下埔横江三路子站,细颗粒物(PM2.5),102,100,61,76,50,11,,85,52,43,14,6,7,1.0,0.8
2024-02-10T2300,1394A,114.4103,23.1142,惠州市,江北云山西路子站,细颗粒物(PM2.5),90,68,54,67,48,39,,90,72,23,5,9,10,0.7,0.6
2024-02-10T2300,1395A,114.4645,22.7833,惠州市,惠阳区承修路船湖子站,细颗粒物(PM2.5),142,136,60,108,52,22,,80,64,30,9,9,9,1.0,0.8
2024-02-10T2300,1396A,114.5317,22.7422,惠州市,大亚湾管委会子站,细颗粒物(PM2.5),92,80,57,68,51,26,,79,59,26,10,8,8,0.6,0.5
2024-02-10T2300,3314A,114.4338,22.8134,惠州市,惠阳秋长,细颗粒物(PM2.5),158,188,68,120,53,34,,88,67,16,4,11,10,0.7,0.6
2024-02-10T2300,3452A,114.6517,22.775,惠州市,大亚湾霞涌,细颗粒物(PM2.5),74,64,64,54,52,36,,78,54,13,8,8,11,0.7,0.8
2024-02-10T2300,2240A,130.9762,45.3001,鸡西市,环保局,细颗粒物(PM2.5),137,122,374,104,322,85,,80,68,10,27,9,37,0.4,0.6
2024-02-10T2300,2243A,130.9429,45.3039,鸡西市,第一中学,细颗粒物(PM2.5),64,53,410,46,340,93,,92,90,9,26,11,56,0.3,0.5
2024-02-10T2300,3707A,131.0207,45.3073,鸡西市,欧美日汽修厂,细颗粒物(PM2.5),124,109,257,94,221,64,,80,62,23,31,19,36,1.9,1.9
2024-02-10T2300,3709A,130.9967,45.3106,鸡西市,市政设施管理处,细颗粒物(PM2.5),103,138,297,77,248,66,,92,63,29,34,5,12,0.8,1.1
2024-02-10T2300,2367A,114.9754,27.0803,吉安市,红声器材厂,细颗粒物(PM2.5),158,156,171,120,127,31,,77,65,27,19,14,21,0.9,1.1
2024-02-10T2300,2368A,114.9658,27.0999,吉安市,市森林工业局,细颗粒物(PM2.5),195,166,158,146,135,24,,74,58,31,17,7,18,0.8,0.5
2024-02-10T2300,2369A,114.99,27.1312,吉安市,市环境监测站,细颗粒物(PM2.5),255,255,166,205,134,16,,82,65,45,18,10,17,1.1,1.2
2024-02-10T2300,2370A,115.0093,27.0968,吉安市,青原区法院,细颗粒物(PM2.5),150,139,172,115,142,17,,78,58,22,14,11,40,0.7,0.9
2024-02-10T2300,1772A,126.54,43.8622,吉林市,哈达湾,细颗粒物(PM2.5),138,130,278,105,223,69,,96,78,23,27,12,25,0.9,1
2024-02-10T2300,1773A,126.5844,43.8358,吉林市,东局子,细颗粒物(PM2.5),144,129,319,110,268,58,,88,65,27,35,14,28,1.1,1.2
2024-02-10T2300,1774A,126.5052,43.8245,吉林市,电力学院,细颗粒物(PM2.5),190,152,217,143,198,40,,93,55,37,32,14,23,1.9,1.5
2024-02-10T2300,1775A,126.6133,43.8972,吉林市,江北,细颗粒物(PM2.5),175,160,439,132,386,34,,88,66,51,39,17,32,1.2,1.3
2024-02-10T2300,1776A,126.555,43.8306,吉林市,江南公园,细颗粒物(PM2.5),266,235,443,216,381,32,,92,61,49,39,14,54,1.2,1.2
2024-02-10T2300,1778A,126.7061,43.7133,吉林市,丰满,,,,,,,,,,,,,,,,
2024-02-10T2300,2868A,126.4739,43.953,吉林市,九站,细颗粒物(PM2.5),97,83,204,72,181,74,,101,87,25,39,9,14,0.9,1.4
2024-02-10T2300,1299A,116.9862,36.6114,济南市,科干所,细颗粒物(PM2.5),123,107,243,93,164,75,,101,90,13,21,16,20,0.9,1.2
2024-02-10T2300,1300A,116.9376,36.665,济南市,农科所,细颗粒物(PM2.5),211,203,219,161,180,30,,97,80,57,28,33,19,1.0,1
2024-02-10T2300,1301A,117.1265,36.6734,济南市,开发区,细颗粒物(PM2.5),125,117,163,95,140,58,,92,79,23,18,15,15,0.9,1
2024-02-10T2300,1303A,117.0624,36.6868,济南市,省种子仓库,细颗粒物(PM2.5),156,163,236,119,181,38,,102,83,39,24,12,17,0.9,1.1
2024-02-10T2300,1304A,116.9489,36.6447,济南市,机床二厂,细颗粒物(PM2.5),206,210,222,156,187,18,,105,82,69,30,87,33,1.5,1.3
2024-02-10T2300,1305A,117.0495,36.663,济南市,市监测站,细颗粒物(PM2.5),113,105,203,85,168,60,,103,89,37,30,18,24,0.7,1
2024-02-10T2300,1306A,116.7675,36.5484,济南市,长清党校,细颗粒物(PM2.5),113,112,181,85,152,70,,111,100,27,22,14,16,0.8,1.1
2024-02-10T2300,1616A,117.6795,36.229,济南市,技术学院,细颗粒物(PM2.5),117,102,225,88,226,49,,112,85,45,49,13,15,1.0,1.7
2024-02-10T2300,1961A,117.532,36.6868,济南市,东山小学,细颗粒物(PM2.5),68,71,170,49,133,78,,103,90,13,19,11,17,0.4,0.7
2024-02-10T2300,3059A,117.7161,36.2049,济南市,泰兴公司,细颗粒物(PM2.5),185,168,266,139,208,18,,111,73,46,33,11,14,1.1,1.6
2024-02-10T2300,3064A,117.6867,36.2171,济南市,莱芜战役纪念馆,细颗粒物(PM2.5),138,153,258,105,240,38,,106,79,41,41,14,14,0.9,1.7
2024-02-10T2300,3494A,117.1673,36.9782,济南市,济阳区政府,细颗粒物(PM2.5),147,151,233,112,190,76,,103,93,19,21,28,30,0.7,0.9
2024-02-10T2300,3495A,117.1171,36.63,济南市,锦屏中学,细颗粒物(PM2.5),68,61,147,49,123,82,,103,89,10,16,12,15,0.6,0.9
2024-02-10T2300,3682A,116.9814,36.6819,济南市,济南四建,细颗粒物(PM2.5),182,173,207,137,206,29,,97,76,59,33,34,28,1.1,1.1
2024-02-10T2300,1653A,116.6251,35.4302,济宁市,火炬城,细颗粒物(PM2.5),163,152,428,124,367,74,,105,88,19,32,13,22,1.1,1.5
2024-02-10T2300,1655A,116.5491,35.4042,济宁市,电化厂,细颗粒物(PM2.5),269,254,451,219,399,74,,108,96,23,32,23,23,1.4,1.4
2024-02-10T2300,3500A,116.5814,35.3707,济宁市,北湖一中,细颗粒物(PM2.5),247,204,443,197,362,67,,102,93,27,38,13,21,1.1,1.3
2024-02-10T2300,3501A,116.8249,35.5593,济宁市,服务中心,细颗粒物(PM2.5),135,186,490,103,351,75,,117,101,19,35,13,24,1.1,1.7
2024-02-10T2300,3678A,116.5907,35.4054,济宁市,市第七中学,细颗粒物(PM2.5),201,166,448,151,357,71,,107,95,21,31,18,26,1.1,1.4
2024-02-10T2300,2255A,130.2751,46.8028,佳木斯市,佳纺,细颗粒物(PM2.5),150,121,214,115,198,97,,108,106,14,28,8,15,0.9,1.3
2024-02-10T2300,2256A,130.3995,46.8307,佳木斯市,发电厂,细颗粒物(PM2.5),143,127,186,109,151,99,,100,98,18,33,19,18,0.8,1.1
2024-02-10T2300,2257A,130.3258,46.7975,佳木斯市,环保局,细颗粒物(PM2.5),220,174,340,170,314,95,,101,98,18,34,12,36,1.3,1.4
2024-02-10T2300,2258A,130.3648,46.8032,佳木斯市,十一中,细颗粒物(PM2.5),180,143,299,136,299,100,,98,97,12,35,12,32,0.8,1.1
2024-02-10T2300,2259A,130.3794,46.7588,佳木斯市,四丰,细颗粒物(PM2.5),117,135,139,88,89,115,,128,126,8,12,1,2,0.6,0.7
2024-02-10T2300,1252A,120.7436,30.778,嘉兴市,清河小学,细颗粒物(PM2.5),163,145,161,124,122,14,,93,65,60,22,6,9,0.8,0.7
2024-02-10T2300,1253A,120.726,30.7478,嘉兴市,嘉兴学院,细颗粒物(PM2.5),103,100,183,77,158,22,,102,72,53,25,6,10,1.1,0.9
2024-02-10T2300,2872A,120.7846,30.7525,嘉兴市,南湖区残联,细颗粒物(PM2.5),114,122,185,86,148,33,,108,76,47,21,7,10,0.9,0.9
2024-02-10T2300,3407A,120.6916,30.7739,嘉兴市,秀洲住建,细颗粒物(PM2.5),95,88,192,71,168,31,,93,64,33,22,9,12,0.8,0.9
2024-02-10T2300,1945A,98.2908,39.7711,嘉峪关市,气象局,,36,36,49,22,26,53,,87,68,20,14,5,11,0.2,0.2
2024-02-10T2300,2884A,98.2672,39.7978,嘉峪关市,酒钢宾馆,,17,17,39,7,18,51,,87,72,11,10,7,10,0.3,0.4
2024-02-10T2300,3248A,98.2643,39.7724,嘉峪关市,雄关区,,27,27,35,18,16,38,,85,66,30,19,6,8,0.4,0.5
2024-02-10T2300,1383A,113.1064,22.6058,江门市,北街,细颗粒物(PM2.5),102,94,49,76,43,40,,108,90,32,13,8,9,1.1,0.9
2024-02-10T2300,1384A,113.0731,22.5835,江门市,西区,细颗粒物(PM2.5),77,86,52,56,39,47,,100,84,37,14,10,10,0.5,0.6
2024-02-10T2300,1385A,113.0219,22.5311,江门市,圭峰西,细颗粒物(PM2.5),58,,41,41,35,51,,106,98,23,8,6,7,0.8,0.7
2024-02-10T2300,1386A,113.0828,22.5947,江门市,东湖,细颗粒物(PM2.5),142,129,50,108,37,27,,98,78,42,13,7,9,0.9,0.7
2024-02-10T2300,3311A,113.1075,22.5647,江门市,江海富民,,49,49,39,31,32,60,,106,94,30,13,8,8,0.6,0.6
2024-02-10T2300,3449A,113.05,22.4667,江门市,新会银湖,细颗粒物(PM2.5),80,68,46,59,38,30,,106,78,20,11,6,7,0.9,0.8
2024-02-10T2300,1828A,113.227,35.2125,焦作市,市环保局,颗粒物(PM10),77,104,188,30,111,78,,85,81,6,14,2,30,0.5,1
2024-02-10T2300,1830A,113.1992,35.2590,焦作市,影视城,,,,,,,,,,,,,,,,
2024-02-10T2300,3169A,113.2725,35.2067,焦作市,太极体育中心,颗粒物(PM10),89,128,201,47,133,80,,91,85,11,19,6,27,0.4,0.9
2024-02-10T2300,3335A,113.3137,35.2641,焦作市,马村街道办,颗粒物(PM10),77,103,177,42,121,83,,88,87,8,15,6,38,0.2,0.5
2024-02-10T2300,3336A,113.2465,35.2373,焦作市,焦作技师学院,细颗粒物(PM2.5),110,159,226,83,147,66,,83,77,17,22,11,48,0.5,1.1
2024-02-10T2300,3477A,113.1656,35.2539,焦作市,中站许衡医院,颗粒物(PM10),75,100,126,34,69,84,,90,87,5,9,3,23,0.1,0.5
2024-02-10T2300,3981A,113.2449,35.1803,焦作市,原李万街道办,颗粒物(PM10),87,124,216,36,148,78,,88,84,15,22,8,31,0.5,0.9
2024-02-10T2300,1708A,116.3701,23.5345,揭阳市,新兴,细颗粒物(PM2.5),155,118,58,118,56,70,,81,79,19,7,10,10,1.0,0.9
2024-02-10T2300,1709A,116.3264,23.5443,揭阳市,西马,细颗粒物(PM2.5),182,147,56,137,54,67,,84,81,19,6,10,9,0.9,0.7
2024-02-10T2300,1710A,116.3611,23.5626,揭阳市,东兴,细颗粒物(PM2.5),172,137,59,130,52,70,,83,79,17,6,11,9,0.8,0.8
2024-02-10T2300,1711A,116.4151,23.5294,揭阳市,渔湖,细颗粒物(PM2.5),103,135,66,77,49,65,,82,79,20,7,10,9,0.8,0.8
2024-02-10T2300,3320A,116.403,23.5699,揭阳市,曲溪,细颗粒物(PM2.5),192,174,64,144,52,58,,83,80,21,7,7,5,0.9,0.8
2024-02-10T2300,1944A,102.1692,38.5167,金昌市,天庆家园,"颗粒物(PM10),细颗粒物(PM2.5)",80,110,126,59,32,47,,86,74,24,17,14,43,0.8,0.6
2024-02-10T2300,3170A,102.1864,38.5253,金昌市,市委党校,颗粒物(PM10),95,139,164,64,43,46,,81,70,14,10,9,43,0.7,0.6
2024-02-10T2300,4022A,102.1647,38.5371,金昌市,金川区人防中心,颗粒物(PM10),71,91,158,37,43,54,,88,75,11,12,13,47,0.5,0.6
2024-02-10T2300,1262A,119.647,29.077,金华市,十五中,细颗粒物(PM2.5),119,116,120,90,96,45,,107,79,19,15,4,6,1.0,0.9
2024-02-10T2300,1263A,119.686,29.1029,金华市,监测站,细颗粒物(PM2.5),90,85,108,67,79,67,,112,92,9,11,4,6,0.7,0.8
2024-02-10T2300,3659A,119.656,29.1131,金华市,气象局,细颗粒物(PM2.5),217,206,148,167,114,15,,110,69,43,18,4,6,1.3,1
2024-02-10T2300,1767A,121.1115,41.0879,锦州市,南山,细颗粒物(PM2.5),165,127,164,125,134,79,,100,93,20,20,17,19,0.8,1.1
2024-02-10T2300,1768A,121.0533,40.8434,锦州市,开发区,细颗粒物(PM2.5),120,155,187,91,144,37,,90,73,54,22,54,39,0.9,1.1
2024-02-10T2300,1769A,121.1836,41.1119,锦州市,百股街道,细颗粒物(PM2.5),113,97,153,85,123,80,,96,90,16,21,16,20,0.8,1.1
2024-02-10T2300,1770A,121.1178,41.1222,锦州市,天安街道,细颗粒物(PM2.5),159,126,163,121,123,68,,92,85,23,24,14,16,0.9,1.1
2024-02-10T2300,1771A,121.1303,41.1386,锦州市,北湖公园,细颗粒物(PM2.5),147,,121,112,106,77,,92,88,20,19,17,19,0.9,0.9
2024-02-10T2300,2160A,112.85,35.5051,晋城市,自来水公司,颗粒物(PM10),79,107,156,27,102,84,,90,86,8,20,3,14,0.7,1.2
2024-02-10T2300,2161A,112.8318,35.4936,晋城市,白云商贸,颗粒物(PM10),88,125,153,29,86,84,,92,89,14,22,6,12,0.4,0.9
2024-02-10T2300,2162A,112.8508,35.4887,晋城市,市环保局,颗粒物(PM10),83,115,165,34,103,83,,91,88,14,26,4,12,0.5,1.1
2024-02-10T2300,2163A,112.8676,35.4897,晋城市,技术学院,颗粒物(PM10),82,113,165,27,101,85,,91,88,13,28,4,14,0.5,1.1
2024-02-10T2300,2165A,112.8453,35.546,晋城市,白马寺,,,,,,,,,,,,,,,,
2024-02-10T2300,3620A,112.8271,35.4828,晋城市,泽州一中,颗粒物(PM10),72,93,129,19,72,86,,91,90,11,21,5,11,0.6,1
2024-02-10T2300,2171A,112.7532,37.6945,晋中市,锦纶小区,颗粒物(PM10),111,171,216,73,148,57,,86,77,22,22,27,33,1.2,0.8
2024-02-10T2300,2173A,112.7249,37.7067,晋中市,南都小区,颗粒物(PM10),127,203,299,84,133,59,,84,76,23,31,23,54,0.5,0.9
2024-02-10T2300,2174A,112.6991,37.6982,晋中市,榆次区政府,颗粒物(PM10),99,147,289,47,183,58,,84,77,18,30,22,42,0.5,1
2024-02-10T2300,2865A,112.7195,37.6828,晋中市,榆次三中,颗粒物(PM10),109,168,214,68,160,55,,87,79,19,25,37,41,1.3,0.9
2024-02-10T2300,2439A,112.2014,31.0481,荆门市,竹园小学,细颗粒物(PM2.5),204,203,190,154,153,11,,69,49,40,24,10,11,1.1,1.1
2024-02-10T2300,2440A,112.1969,30.9891,荆门市,掇刀,细颗粒物(PM2.5),209,196,177,159,140,9,,76,52,47,19,10,10,1.0,1
2024-02-10T2300,2441A,112.2213,31.0386,荆门市,石化一小,细颗粒物(PM2.5),229,228,195,179,150,17,,76,56,49,25,15,19,1.3,1.1
2024-02-10T2300,3012A,112.1849,31.0362,荆门市,西山林语,细颗粒物(PM2.5),169,153,152,128,121,33,,73,57,22,17,12,15,0.8,0.8
2024-02-10T2300,3547A,112.1632,31.0138,荆门市,龙泉中学南校,细颗粒物(PM2.5),206,172,161,156,143,52,,76,69,24,20,11,12,0.9,1
2024-02-10T2300,1844A,112.2494,30.3197,荆州市,市图书馆,细颗粒物(PM2.5),220,188,172,170,171,30,,68,60,39,17,12,12,1.2,1.1
2024-02-10T2300,1845A,112.2008,30.3544,荆州市,市委党校,细颗粒物(PM2.5),240,,181,190,182,32,,69,61,36,20,9,13,0.9,0.8
2024-02-10T2300,3194A,112.2747,30.3122,荆州市,管委会,细颗粒物(PM2.5),282,,157,232,175,36,,70,61,28,15,10,13,1.1,1.1
2024-02-10T2300,3548A,112.1655,30.3364,荆州市,学苑路,细颗粒物(PM2.5),218,,169,168,180,47,,65,60,26,19,7,10,1.2,1.1
2024-02-10T2300,2342A,117.3102,29.3867,景德镇市,王港中学,细颗粒物(PM2.5),138,130,137,105,112,16,,94,56,5,5,4,21,0.4,0.5
2024-02-10T2300,2343A,117.2117,29.2933,景德镇市,老干部活动中心,细颗粒物(PM2.5),124,143,156,94,130,27,,76,52,16,11,5,13,0.7,0.7
2024-02-10T2300,2344A,117.1894,29.2789,景德镇市,兽医站,细颗粒物(PM2.5),202,188,176,152,142,38,,89,64,12,12,6,18,0.8,0.8
2024-02-10T2300,2345A,117.1547,29.2617,景德镇市,台达陶瓷,细颗粒物(PM2.5),210,188,188,160,158,16,,280,244,22,16,4,13,0.9,0.9
2024-02-10T2300,2346A,117.2461,29.2956,景德镇市,陶研所,细颗粒物(PM2.5),119,100,134,90,112,24,,72,49,12,16,4,12,0.7,0.9
2024-02-10T2300,1803A,115.9872,29.6815,九江市,十里,细颗粒物(PM2.5),183,155,140,138,118,40,,97,69,25,22,9,12,0.9,0.9
2024-02-10T2300,1804A,115.9584,29.7046,九江市,茅山头,细颗粒物(PM2.5),255,251,128,205,111,16,,80,52,57,31,14,14,1.2,1
2024-02-10T2300,1805A,115.9877,29.7295,九江市,西园,细颗粒物(PM2.5),160,142,135,122,117,61,,76,73,25,23,8,11,0.9,1
2024-02-10T2300,1806A,116.0172,29.6547,九江市,五七二七厂,细颗粒物(PM2.5),68,53,68,49,52,70,,74,62,11,13,8,12,0.7,0.8
2024-02-10T2300,1808A,115.9114,29.6038,九江市,综合工业园,细颗粒物(PM2.5),59,64,102,42,84,45,,91,79,20,16,11,15,0.6,0.8
2024-02-10T2300,1809A,116.0721,29.7535,九江市,石化总厂,细颗粒物(PM2.5),200,172,208,150,170,89,,92,91,11,15,13,19,1.1,1
2024-02-10T2300,1810A,115.9773,29.5698,九江市,庐山气象台,,38,29,25,26,20,87,,98,87,3,3,7,7,1.2,0.9
2024-02-10T2300,3190A,116.0254,29.6994,九江市,外国语学校,细颗粒物(PM2.5),166,137,154,126,134,60,,71,70,23,27,10,14,1.0,0.9
2024-02-10T2300,2658A,98.5061,39.7443,酒泉市,仓门街子站,细颗粒物(PM2.5),57,58,54,40,29,46,,79,64,13,10,7,9,0.4,0.4
2024-02-10T2300,2659A,98.4989,39.7256,酒泉市,油田生活基地,细颗粒物(PM2.5),53,46,56,37,33,50,,83,66,9,9,7,10,0.4,0.4
2024-02-10T2300,2698A,76.0072,39.4467,喀什地区,巡警大队,细颗粒物(PM2.5),123,137,143,93,80,34,,100,88,95,49,20,16,3.0,2.2
2024-02-10T2300,2699A,75.9755,39.4694,喀什地区,吾办,细颗粒物(PM2.5),95,123,150,71,107,19,,93,80,100,57,10,7,2.4,2.3
2024-02-10T2300,4027A,75.9483,39.4689,喀什地区,老干局,细颗粒物(PM2.5),168,145,179,127,96,22,,99,89,104,48,6,5,4.8,3.4
2024-02-10T2300,1824A,114.3389,34.7781,开封市,肿瘤医院,细颗粒物(PM2.5),127,191,317,96,206,62,,94,74,15,28,6,32,0.5,0.8
2024-02-10T2300,1826A,114.2885,34.7965,开封市,世纪星幼儿园,细颗粒物(PM2.5),117,172,308,88,256,71,,102,83,7,21,6,42,0.4,0.7
2024-02-10T2300,3147A,114.3438,34.8106,开封市,龙亭公园,颗粒物(PM10),103,156,289,54,132,62,,96,78,13,29,7,26,0.1,0.7
2024-02-10T2300,3210A,114.3644,34.7964,开封市,汴京公园,颗粒物(PM10),132,213,340,98,269,56,,95,68,19,31,8,28,0.5,0.8
2024-02-10T2300,3473A,114.2485,34.8306,开封市,技师学院,颗粒物(PM10),86,121,230,44,179,66,,105,94,6,16,2,18,0.5,0.8
2024-02-10T2300,3592A,114.4644,34.7556,开封市,祥符区生态环境局,细颗粒物(PM2.5),124,159,306,94,241,63,,97,82,16,23,11,43,0.4,0.7
2024-02-10T2300,1951A,84.895,45.6094,克拉玛依市,长征新村,细颗粒物(PM2.5),102,105,156,76,111,78,,92,90,42,39,10,26,1.0,1
2024-02-10T2300,1952A,84.8988,45.5893,克拉玛依市,南林小区,细颗粒物(PM2.5),109,109,196,82,162,78,,94,93,41,47,5,19,1.1,1.2
2024-02-10T2300,1954A,84.905,44.3396,克拉玛依市,独山子区,细颗粒物(PM2.5),238,234,219,188,180,64,,124,105,71,42,6,9,1.1,1.1
2024-02-10T2300,1955A,85.6979,46.098,克拉玛依市,乌尔禾区商贸楼,细颗粒物(PM2.5),93,90,131,69,106,81,,104,102,45,39,7,10,1.0,1.2
2024-02-10T2300,3612A,85.1045,45.6899,克拉玛依市,白碱滩区新站,细颗粒物(PM2.5),90,102,147,67,101,89,,93,93,34,33,11,22,1.0,0.9
2024-02-10T2300,2697A,76.1454,39.7142,克孜勒苏柯尔克孜自治州,市人民政府,颗粒物(PM10),61,71,63,42,39,65,,100,95,35,12,6,6,1.3,0.7
2024-02-10T2300,3665A,76.1658,39.7157,克孜勒苏柯尔克孜自治州,克州文化中心,细颗粒物(PM2.5),77,84,70,56,39,62,,100,94,41,14,8,8,1.4,0.7
2024-02-10T2300,1450A,102.8204,24.8886,昆明市,呈贡新区,细颗粒物(PM2.5),90,80,53,67,44,58,,92,77,18,10,6,10,0.8,0.9
2024-02-10T2300,1451A,102.6251,24.9608,昆明市,西山森林公园,,35,35,45,18,37,100,,102,102,6,9,8,11,1.1,1.3
2024-02-10T2300,1452A,102.7252,25.0902,昆明市,龙泉镇,细颗粒物(PM2.5),133,142,60,101,45,32,,95,71,38,14,17,16,0.7,0.7
2024-02-10T2300,1453A,102.7266,25.0375,昆明市,东风东路,细颗粒物(PM2.5),102,100,50,76,42,41,,88,74,42,15,18,16,0.9,0.9
2024-02-10T2300,1454A,102.6742,25.0669,昆明市,金鼎山,颗粒物(PM10),147,244,71,109,48,63,,95,81,26,13,14,13,0.9,0.9
2024-02-10T2300,1455A,102.6644,25.0401,昆明市,碧鸡广场,细颗粒物(PM2.5),109,92,54,82,48,51,,91,74,28,13,13,15,0.8,0.8
2024-02-10T2300,3179A,102.7494,25.0119,昆明市,官渡区博物馆,细颗粒物(PM2.5),92,117,50,68,36,16,,88,68,58,15,14,12,1.0,0.9
2024-02-10T2300,3375A,102.8017,24.8336,昆明市,青年创业园,细颗粒物(PM2.5),67,60,43,48,36,57,,94,84,11,8,11,13,0.7,0.8
2024-02-10T2300,3550A,102.7997,24.9786,昆明市,昆明学院,,49,46,44,34,32,69,,88,83,12,7,16,12,0.7,0.8
2024-02-10T2300,3551A,102.5967,24.6736,昆明市,晋宁区生态环境分局,细颗粒物(PM2.5),160,240,86,122,57,45,,96,78,30,11,13,14,1.1,0.9
2024-02-10T2300,3552A,102.6678,24.9856,昆明市,云天化总部,细颗粒物(PM2.5),135,125,66,103,55,61,,90,77,20,12,8,13,1.0,1
2024-02-10T2300,1456A,91.1319,29.6514,拉萨市,八廓街,,35,30,16,24,12,53,,96,86,30,12,8,6,0.7,0.3
2024-02-10T2300,1457A,91.1221,29.6747,拉萨市,市环保局,细颗粒物(PM2.5),95,86,31,71,24,33,,95,77,46,14,14,10,1.9,0.7
2024-02-10T2300,1458A,91.0874,29.6475,拉萨市,区监测站,,20,20,14,14,11,59,,96,87,24,8,5,5,0.7,0.5
2024-02-10T2300,1459A,91.1774,29.6541,拉萨市,西藏大学,,26,25,12,18,8,71,,96,90,13,5,5,4,0.5,0.3
2024-02-10T2300,1460A,90.9798,29.6588,拉萨市,区辐射站,,39,31,15,27,13,65,,93,83,20,11,7,6,0.9,0.6
2024-02-10T2300,1461A,91.0834,29.6292,拉萨市,拉萨火车站,,24,22,16,13,13,74,,96,92,13,9,5,4,0.8,0.5
2024-02-10T2300,2520A,109.2203,23.7256,来宾市,来宾技工学校,细颗粒物(PM2.5),286,301,99,236,88,25,,91,73,33,11,11,11,1.8,1
2024-02-10T2300,3535A,109.1781,23.7297,来宾市,兴宾区政府,细颗粒物(PM2.5),176,165,75,133,64,52,,93,84,29,10,15,11,1.3,0.9
2024-02-10T2300,4002A,109.2416,23.7461,来宾市,中南小学,细颗粒物(PM2.5),327,410,119,277,98,7,,91,62,50,15,7,10,2.2,1.2
2024-02-10T2300,1476A,103.631,36.1031,兰州市,兰炼宾馆,细颗粒物(PM2.5),179,177,221,135,110,7,,83,46,73,41,23,27,1.3,0.8
2024-02-10T2300,1477A,104.1373,35.9454,兰州市,榆中兰大校区,,,,,,,,,,,,,,,,
2024-02-10T2300,1478A,103.8412,36.0726,兰州市,生物制品所,颗粒物(PM10),79,107,207,52,85,21,,69,52,46,37,11,18,0.9,0.9
2024-02-10T2300,1479A,103.831,36.0464,兰州市,铁路设计院,细颗粒物(PM2.5),139,147,192,106,97,4,,59,34,85,59,28,27,1.7,1.2
2024-02-10T2300,3186A,103.7158,36.1058,兰州市,教育港,细颗粒物(PM2.5),110,163,194,83,73,12,,75,46,59,41,15,17,1.0,0.8
2024-02-10T2300,3241A,103.7439,36.0842,兰州市,百合公园,细颗粒物(PM2.5),160,181,184,122,86,5,,66,40,72,45,11,15,1.6,1.1
2024-02-10T2300,3242A,103.9611,35.998,兰州市,和平,细颗粒物(PM2.5),58,50,148,41,72,61,,82,76,14,22,9,20,0.5,0.9
2024-02-10T2300,3245A,103.6633,36.533,兰州新区,新区管委会,颗粒物(PM10),80,110,182,42,51,34,,84,68,16,15,15,16,0.8,0.7
2024-02-10T2300,3246A,103.6975,36.4789,兰州新区,舟曲中学,颗粒物(PM10),107,163,221,42,41,55,,85,76,19,15,21,15,0.9,0.6
2024-02-10T2300,1067A,116.6708,39.5111,廊坊市,药材公司,细颗粒物(PM2.5),77,84,45,56,29,76,,91,81,10,7,6,3,0.5,0.3
2024-02-10T2300,1068A,116.7214,39.5589,廊坊市,开发区,细颗粒物(PM2.5),72,70,32,52,24,76,,86,79,11,7,6,3,0.4,0.3
2024-02-10T2300,1070A,116.7244,39.5269,廊坊市,北华航天学院,颗粒物(PM10),63,76,41,43,20,83,,93,86,14,9,11,4,0.4,0.3
2024-02-10T2300,2919A,116.7022,39.5453,廊坊市,河北工业大学,细颗粒物(PM2.5),80,90,41,59,29,76,,89,82,16,10,6,3,0.4,0.3
2024-02-10T2300,2535A,103.7723,29.5462,乐山市,花湖湾,细颗粒物(PM2.5),150,160,152,115,134,58,,98,94,31,12,10,8,0.7,0.6
2024-02-10T2300,2536A,103.7627,29.5844,乐山市,牛耳桥,细颗粒物(PM2.5),179,156,168,135,155,17,,86,55,44,29,8,8,1.0,0.9
2024-02-10T2300,2537A,103.7508,29.6006,乐山市,市第三水厂,细颗粒物(PM2.5),225,224,234,175,207,8,,88,56,56,32,8,9,1.1,1
2024-02-10T2300,2538A,103.7571,29.5664,乐山市,市监测站,细颗粒物(PM2.5),134,134,160,102,136,16,,92,80,62,22,9,10,1.1,0.6
2024-02-10T2300,3361A,103.7311,29.5628,乐山市,理工大学,细颗粒物(PM2.5),127,104,184,96,173,63,,99,90,25,19,8,9,0.8,0.9
2024-02-10T2300,2598A,100.2143,26.8576,丽江市,西南郊,,,,,,,,,,,,,,,,
2024-02-10T2300,2599A,100.2497,26.8802,丽江市,丽江古城,细颗粒物(PM2.5),62,62,82,44,63,60,,93,85,18,19,8,8,0.7,0.6
2024-02-10T2300,2600A,100.2203,26.8906,丽江市,市中心,细颗粒物(PM2.5),54,53,55,38,37,65,,92,83,17,16,12,15,0.9,0.7
2024-02-10T2300,1267A,119.914,28.4514,丽水市,监测站大楼,细颗粒物(PM2.5),102,110,103,76,87,28,,67,47,16,12,6,5,0.6,0.7
2024-02-10T2300,1268A,119.93,28.4586,丽水市,莲都小学,细颗粒物(PM2.5),82,78,93,60,71,39,,75,64,15,9,5,6,0.5,0.6
2024-02-10T2300,1269A,119.879,28.4231,丽水市,余庄前,细颗粒物(PM2.5),63,50,86,45,77,18,,74,48,6,7,4,4,0.5,0.6
2024-02-10T2300,1173A,119.176,34.5885,连云港市,市环境监测站,细颗粒物(PM2.5),279,244,228,229,211,95,,114,107,32,29,14,15,1.6,1.4
2024-02-10T2300,3000A,119.3581,34.6972,连云港市,德源药业,细颗粒物(PM2.5),269,241,200,219,181,67,,132,109,30,24,10,13,1.4,1.2
2024-02-10T2300,3007A,119.178,34.844,连云港市,新城一中,细颗粒物(PM2.5),311,281,253,261,246,74,,131,104,34,25,13,17,1.6,1.4
2024-02-10T2300,3008A,119.3608,34.7519,连云港市,胡沟管理处,细颗粒物(PM2.5),252,249,217,202,182,42,,108,70,74,34,17,19,1.3,1.1
2024-02-10T2300,3009A,119.1478,34.5911,连云港市,矿山设计院,细颗粒物(PM2.5),299,295,256,249,212,68,,110,99,43,22,19,17,1.6,1.2
2024-02-10T2300,3434A,119.2413,34.6539,连云港市,工贸学校,细颗粒物(PM2.5),247,244,245,197,200,84,,126,109,20,25,12,25,1.2,1.3
2024-02-10T2300,3664A,119.4172,34.7341,连云港市,连云街道,细颗粒物(PM2.5),247,245,191,197,152,40,,110,84,85,32,32,29,1.6,1.5
2024-02-10T2300,2571A,102.3431,27.8099,凉山彝族自治州,青龙寺,,20,17,16,5,5,61,,93,79,5,4,5,5,0.7,0.7
2024-02-10T2300,2572A,102.2721,27.8415,凉山彝族自治州,邛海宾馆,,22,,17,13,12,68,,88,78,6,6,10,9,0.6,0.7
2024-02-10T2300,2573A,102.2625,27.898,凉山彝族自治州,西昌市政府,,25,10,15,7,10,77,,97,88,3,4,7,8,0.6,0.6
2024-02-10T2300,2574A,102.2685,27.8851,凉山彝族自治州,凉山州政府,,21,15,19,12,13,65,,88,78,7,6,6,8,0.6,0.6
2024-02-10T2300,2575A,102.237,27.8914,凉山彝族自治州,长安,,22,19,19,14,12,69,,94,85,6,5,10,12,0.7,0.7
2024-02-10T2300,2212A,123.2,41.1953,辽阳市,宏伟区,细颗粒物(PM2.5),99,,679,74,560,64,,76,65,13,32,16,92,1.1,2
2024-02-10T2300,2213A,123.1683,41.2495,辽阳市,新华园,细颗粒物(PM2.5),180,147,651,136,552,23,,75,45,46,46,24,79,1.9,2.2
2024-02-10T2300,2214A,123.2354,41.2639,辽阳市,滨河路,细颗粒物(PM2.5),110,,379,83,380,56,,77,66,18,30,21,26,1.4,1.6
2024-02-10T2300,2215A,123.149,41.2991,辽阳市,铁西工业园,细颗粒物(PM2.5),203,155,544,153,554,22,,82,56,44,39,19,35,2.0,2.5
2024-02-10T2300,2227A,125.1358,42.8845,辽源市,环保局,细颗粒物(PM2.5),190,159,407,143,365,33,,91,76,37,34,10,43,1.8,1.4
2024-02-10T2300,3239A,125.0764,42.9078,辽源市,银鹰制药,细颗粒物(PM2.5),182,155,268,137,240,72,,96,87,18,23,11,13,1.1,1.3
2024-02-10T2300,1625A,115.9848,36.4372,聊城市,区政府,细颗粒物(PM2.5),205,190,237,155,202,40,,98,78,44,24,14,14,1.0,1.2
2024-02-10T2300,2878A,116.0072,36.4343,聊城市,聊大东校,细颗粒物(PM2.5),89,85,245,66,214,78,,105,96,17,22,14,18,0.7,1.2
2024-02-10T2300,3200A,115.9819,36.4978,聊城市,监控中心,细颗粒物(PM2.5),156,140,289,119,248,44,,103,88,42,26,25,19,1.4,1.4
2024-02-10T2300,3513A,116.0445,36.4361,聊城市,九州社区,细颗粒物(PM2.5),112,115,287,84,235,84,,102,96,16,22,22,26,0.6,1.1
2024-02-10T2300,4018A,116.0567,36.4608,聊城市,星美广场,细颗粒物(PM2.5),132,135,285,100,227,59,,99,87,21,21,9,17,0.8,1.2
2024-02-10T2300,2632A,94.3681,29.6376,林芝市,林芝监测站,,25,,13,10,8,77,,91,88,3,2,4,6,0.4,0.3
2024-02-10T2300,2633A,94.3616,29.6616,林芝市,林芝人民医院,,24,14,9,11,7,74,,88,85,6,3,10,9,0.6,0.4
2024-02-10T2300,2603A,100.0781,23.8982,临沧市,市环保局,细颗粒物(PM2.5),72,,71,52,61,55,,64,59,7,8,7,16,0.6,0.6
2024-02-10T2300,2604A,100.0894,23.8822,临沧市,市气象局,细颗粒物(PM2.5),62,51,88,44,73,50,,60,55,8,10,7,17,0.7,0.6
2024-02-10T2300,1733A,111.5531,36.0783,临汾市,临钢医院,颗粒物(PM10),103,156,287,58,184,41,,84,76,16,19,7,11,0.5,1.1
2024-02-10T2300,1734A,111.5028,36.0714,临汾市,技工学校,颗粒物(PM10),115,180,350,78,263,41,,89,80,40,25,10,16,0.5,1.2
2024-02-10T2300,1736A,111.5018,36.0855,临汾市,市委,细颗粒物(PM2.5),160,250,338,122,238,43,,93,84,29,21,9,14,0.6,1.3
2024-02-10T2300,3018A,111.505,36.1014,临汾市,唐尧大酒店,颗粒物(PM10),108,165,298,67,232,45,,90,83,29,28,11,17,0.6,1.3
2024-02-10T2300,3668A,111.5036,36.0414,临汾市,城南,颗粒物(PM10),103,156,326,57,244,56,,92,84,14,23,9,13,0.6,1.4
2024-02-10T2300,2667A,103.2069,35.5993,临夏回族自治州,环保局,颗粒物(PM10),56,61,83,29,43,28,,76,54,28,29,22,22,1.6,1.7
2024-02-10T2300,2668A,103.2417,35.6057,临夏回族自治州,建设大厦,细颗粒物(PM2.5),59,61,49,42,27,36,,82,58,17,16,16,16,1.1,0.9
2024-02-10T2300,1618A,118.3429,35.0532,临沂市,沂河小区,细颗粒物(PM2.5),239,205,337,189,320,74,,116,95,22,31,19,25,1.3,1.5
2024-02-10T2300,1619A,118.295,35.0583,临沂市,鲁南制药厂,细颗粒物(PM2.5),236,205,342,186,328,79,,128,102,24,36,21,39,1.7,2.1
2024-02-10T2300,1620A,118.2794,34.9976,临沂市,新光毛纺厂,细颗粒物(PM2.5),227,195,327,177,297,82,,125,107,18,34,12,22,1.3,1.8
2024-02-10T2300,1621A,118.3956,35.0888,临沂市,河东保险公司,细颗粒物(PM2.5),242,224,390,192,348,81,,130,109,24,38,16,20,1.6,1.9
2024-02-10T2300,3370A,118.3564,35.0215,临沂市,十里堡居委,细颗粒物(PM2.5),225,207,363,175,316,76,,127,102,34,40,20,33,1.7,1.9
2024-02-10T2300,3496A,118.3604,35.1084,临沂市,南坊新区,细颗粒物(PM2.5),230,219,330,180,288,84,,133,116,29,34,20,21,1.6,1.7
2024-02-10T2300,3860A,118.3920,35.0300,临沂市,皇山花园小区,细颗粒物(PM2.5),222,227,341,172,261,79,,126,99,23,34,20,27,1.5,1.8
2024-02-10T2300,1870A,109.4856,24.3895,柳州市,柳东小学,细颗粒物(PM2.5),74,64,64,54,60,56,,81,78,18,9,9,15,0.7,0.5
2024-02-10T2300,1871A,109.4157,24.3277,柳州市,环保监测站,细颗粒物(PM2.5),160,146,94,122,81,4,,76,50,54,17,9,12,1.3,0.7
2024-02-10T2300,1872A,109.389,24.341,柳州市,河西水厂,细颗粒物(PM2.5),203,213,99,153,70,17,,74,55,24,16,7,14,0.8,0.7
2024-02-10T2300,1873A,109.4311,24.2921,柳州市,市四中,,,340,102,,69,11,,78,48,46,18,9,8,1.8,0.7
2024-02-10T2300,1874A,109.4006,24.3631,柳州市,市九中,细颗粒物(PM2.5),216,214,121,166,88,7,,73,47,43,17,5,11,1.0,0.8
2024-02-10T2300,1875A,109.4958,24.3134,柳州市,古亭山,细颗粒物(PM2.5),58,50,52,41,42,35,,73,58,15,7,6,9,0.8,0.7
2024-02-10T2300,3402A,109.5422,24.3996,柳州市,市二中,细颗粒物(PM2.5),77,71,64,56,51,20,,74,,25,9,7,9,0.8,0.7
2024-02-10T2300,2307A,116.5079,31.737,六安市,监测大楼,细颗粒物(PM2.5),88,76,58,65,59,92,,94,92,10,11,6,7,0.8,0.8
2024-02-10T2300,2308A,116.4738,31.7643,六安市,皖西学院,细颗粒物(PM2.5),80,74,69,59,62,85,,96,92,12,12,4,6,0.7,0.7
2024-02-10T2300,2309A,116.4996,31.7905,六安市,朝阳厂,细颗粒物(PM2.5),97,78,61,72,61,87,,93,90,8,8,7,7,0.8,0.6
2024-02-10T2300,2310A,116.5567,31.7886,六安市,开发区,细颗粒物(PM2.5),83,103,97,61,72,85,,93,88,14,13,6,6,0.8,0.7
2024-02-10T2300,2576A,104.8,26.5892,六盘水市,窑上,,,,,,,,,,,,,,,,
2024-02-10T2300,2577A,104.83,26.5917,六盘水市,黄土坡,细颗粒物(PM2.5),77,73,54,56,44,60,,101,85,14,10,16,15,0.5,0.5
2024-02-10T2300,2578A,104.89,26.5939,六盘水市,水钢,颗粒物(PM10),53,56,55,33,39,86,,105,102,12,20,12,30,0.4,1.3
2024-02-10T2300,2579A,104.8475,26.5894,六盘水市,民中,细颗粒物(PM2.5),107,93,68,80,61,21,,102,80,54,20,44,19,1.2,0.6
2024-02-10T2300,2580A,104.9544,26.5506,六盘水市,双水,,50,48,66,35,50,79,,104,98,10,12,11,14,0.4,0.6
2024-02-10T2300,2335A,117.0189,25.1181,龙岩市,龙岩师专,,,,,,,,,,,,,,,,
2024-02-10T2300,2336A,117.0217,25.1033,龙岩市,龙岩市监测站,细颗粒物(PM2.5),67,64,49,48,43,28,,81,58,14,5,4,17,0.4,0.4
2024-02-10T2300,2337A,117.0258,25.0661,龙岩市,闽西职业技术学院,细颗粒物(PM2.5),59,,44,42,42,44,,81,64,3,3,3,14,0.4,0.5
2024-02-10T2300,2338A,117.0196,25.0306,龙岩市,龙岩学院,,45,38,42,31,32,34,,73,58,6,5,4,10,0.5,0.6
2024-02-10T2300,2665A,105.0822,33.3261,陇南市,汉王镇固水子,,,,,,,,,,,,,,,,
2024-02-10T2300,2885A,104.9339,33.3826,陇南市,滨江中学,细颗粒物(PM2.5),176,135,167,133,130,10,,72,43,51,29,27,35,2.4,1.1
2024-02-10T2300,3247A,104.955,33.371,陇南市,市总工会,细颗粒物(PM2.5),62,58,116,44,83,58,,82,74,13,17,6,21,0.6,0.7
2024-02-10T2300,2487A,111.9589,27.8901,娄底市,电视发射台,细颗粒物(PM2.5),168,150,122,127,99,40,,66,55,13,11,5,8,1.4,1.2
2024-02-10T2300,2488A,111.9975,27.725,娄底市,市监测站,细颗粒物(PM2.5),216,193,503,166,426,48,,87,82,30,34,21,22,1.2,2.8
2024-02-10T2300,2489A,112.0194,27.7314,娄底市,市委党校,细颗粒物(PM2.5),204,179,425,154,355,46,,75,72,20,28,10,13,0.8,1.9
2024-02-10T2300,2490A,111.9561,27.7569,娄底市,涟钢,细颗粒物(PM2.5),238,233,414,188,349,20,,60,54,25,28,6,17,1.4,2.1
2024-02-10T2300,2491A,111.9892,27.7044,娄底市,市政府,细颗粒物(PM2.5),314,306,425,264,341,25,,76,65,25,20,9,12,1.1,1.5
2024-02-10T2300,1893A,105.4324,28.9634,泸州市,九狮山,细颗粒物(PM2.5),105,100,162,79,113,29,,98,82,9,10,5,9,0.4,0.4
2024-02-10T2300,1894A,105.4427,28.9063,泸州市,小市上码头,细颗粒物(PM2.5),117,92,89,88,96,64,,91,88,27,14,6,9,0.8,0.7
2024-02-10T2300,1895A,105.4241,28.8573,泸州市,兰田宪桥,细颗粒物(PM2.5),108,106,130,81,111,57,,90,83,24,18,5,7,0.6,0.7
2024-02-10T2300,1896A,105.4379,28.8833,泸州市,市环监站,细颗粒物(PM2.5),119,106,118,90,101,57,,89,86,31,13,5,7,0.7,0.7
2024-02-10T2300,3490A,105.3617,28.7703,泸州市,纳溪区环保局,细颗粒物(PM2.5),128,131,143,97,107,32,,90,74,25,18,6,7,1.1,1
2024-02-10T2300,2183A,111.1406,37.5211,吕梁市,环保局,颗粒物(PM10),177,303,183,121,101,38,,76,58,25,20,5,8,0.4,0.6
2024-02-10T2300,2185A,111.1297,37.5136,吕梁市,自来水公司,细颗粒物(PM2.5),209,259,209,159,134,37,,82,66,27,23,15,14,0.5,0.7
2024-02-10T2300,2867A,111.1283,37.51,吕梁市,马茂庄小学,细颗粒物(PM2.5),193,316,217,145,119,19,,79,61,40,23,4,11,0.4,0.5
2024-02-10T2300,1812A,112.3931,34.6516,洛阳市,市委党校,细颗粒物(PM2.5),243,322,308,193,218,19,,80,61,48,26,31,32,0.8,0.7
2024-02-10T2300,1814A,112.4657,34.6871,洛阳市,豫西宾馆,细颗粒物(PM2.5),179,302,298,135,174,39,,88,76,38,32,18,30,0.4,0.4
2024-02-10T2300,1815A,112.494,34.6886,洛阳市,河南林校,细颗粒物(PM2.5),188,261,289,141,194,38,,92,80,40,25,16,24,1.0,1
2024-02-10T2300,1816A,112.3844,34.623,洛阳市,开发区管委会,颗粒物(PM10),124,197,233,79,147,57,,86,80,12,13,7,30,0.5,0.7
2024-02-10T2300,1817A,112.4267,34.6258,洛阳市,市委新办公区,细颗粒物(PM2.5),221,269,238,171,185,40,,87,76,32,19,11,18,0.6,0.8
2024-02-10T2300,3340A,112.6005,34.6326,洛阳市,伊滨,颗粒物(PM10),124,198,306,82,182,56,,90,81,14,19,7,18,0.7,0.7
2024-02-10T2300,3341A,112.4951,34.6332,洛阳市,中移产业园,细颗粒物(PM2.5),237,282,266,187,194,37,,89,76,42,21,16,27,1.0,0.8
2024-02-10T2300,3593A,112.5736,34.8993,洛阳市,吉利监测站,颗粒物(PM10),116,182,118,79,61,33,,89,76,31,11,7,7,0.7,0.5
2024-02-10T2300,3635A,112.3677,34.662,洛阳市,河科大西苑校区,颗粒物(PM10),154,258,298,111,187,22,,85,62,40,30,22,32,0.2,0.4
2024-02-10T2300,3636A,112.4388,34.6781,洛阳市,英才小学,细颗粒物(PM2.5),176,278,308,133,204,48,,89,78,23,24,22,31,0.7,0.8
2024-02-10T2300,2399A,114.051,33.5699,漯河市,三五一五工厂,颗粒物(PM10),124,198,196,92,180,75,,84,78,14,20,10,16,0.5,0.8
2024-02-10T2300,2400A,114.0055,33.5698,漯河市,漯河大学,颗粒物(PM10),110,169,160,78,143,79,,86,84,3,6,8,14,0.6,0.9
2024-02-10T2300,2401A,114.0138,33.5828,漯河市,市水利局,颗粒物(PM10),124,197,186,88,155,75,,85,78,11,13,11,17,0.5,0.9
2024-02-10T2300,2402A,114.0261,33.5698,漯河市,市广电局,颗粒物(PM10),130,210,184,97,148,65,,84,75,23,15,6,12,0.8,1
2024-02-10T2300,3478A,113.9749,33.5664,漯河市,市图书馆,颗粒物(PM10),109,168,168,68,140,83,,85,84,12,15,12,17,0.3,0.7
2024-02-10T2300,3479A,114.0967,33.5906,漯河市,召陵区卫健委,细颗粒物(PM2.5),155,233,218,118,182,74,,87,84,9,15,10,18,0.4,0.8
2024-02-10T2300,1798A,118.5092,31.6837,马鞍山市,湖东路四小,细颗粒物(PM2.5),133,166,136,101,99,64,,111,86,42,25,18,16,1.1,1.1
2024-02-10T2300,1799A,118.5024,31.6449,马鞍山市,开发区,细颗粒物(PM2.5),192,195,123,144,109,45,,112,84,50,27,11,11,0.8,0.9
2024-02-10T2300,1800A,118.5228,31.7231,马鞍山市,慈湖,细颗粒物(PM2.5),138,114,119,105,104,72,,106,89,35,29,15,14,1.1,0.9
2024-02-10T2300,1802A,118.6245,31.7241,马鞍山市,濮塘,细颗粒物(PM2.5),97,105,73,72,52,79,,102,92,19,14,14,11,1.1,0.8
2024-02-10T2300,3633A,118.4918,31.6809,马鞍山市,雨山,细颗粒物(PM2.5),120,127,131,91,104,74,,113,93,37,26,20,17,0.7,1
2024-02-10T2300,1686A,111.0286,21.4688,茂名市,电白南海,细颗粒物(PM2.5),195,183,124,146,94,30,,75,58,32,15,13,21,1.2,1
2024-02-10T2300,1687A,110.9294,21.6533,茂名市,茂石化七小,细颗粒物(PM2.5),156,141,85,119,75,27,,76,62,35,13,13,18,1.4,1.3
2024-02-10T2300,1688A,110.9107,21.6687,茂名市,健康路,细颗粒物(PM2.5),122,122,77,92,63,23,,71,58,36,12,11,18,1.3,1.1
2024-02-10T2300,1689A,110.8592,21.6828,茂名市,高岭,细颗粒物(PM2.5),185,161,84,139,74,26,,67,56,32,11,16,21,1.0,0.8
2024-02-10T2300,3450A,111.01,21.5165,茂名市,电白水东,细颗粒物(PM2.5),228,222,91,178,77,39,,78,72,26,10,10,13,1.3,0.9
2024-02-10T2300,2539A,104.0308,30.0478,眉山市,黑龙滩水库,细颗粒物(PM2.5),79,75,78,58,58,94,,118,109,5,4,3,6,0.7,0.7
2024-02-10T2300,2540A,103.8416,30.0874,眉山市,气象局,细颗粒物(PM2.5),175,153,178,132,168,35,,109,96,37,20,10,19,1.0,0.9
2024-02-10T2300,3137A,103.8578,30.0744,眉山市,市委党校,细颗粒物(PM2.5),119,114,161,90,138,30,,98,78,65,24,6,10,1.0,0.8
2024-02-10T2300,3148A,103.8291,30.0564,眉山市,区人社局,细颗粒物(PM2.5),140,131,171,107,175,18,,98,74,63,36,5,12,0.9,0.8
2024-02-10T2300,1690A,116.1231,24.3284,梅州市,梅江月梅,细颗粒物(PM2.5),107,94,63,80,61,33,,76,60,9,5,10,12,0.6,0.7
2024-02-10T2300,1691A,116.0797,24.2719,梅州市,梅县新城,细颗粒物(PM2.5),221,207,85,171,82,15,,80,50,22,9,8,9,0.6,0.6
2024-02-10T2300,1692A,116.1248,24.2654,梅州市,环境监控中心,细颗粒物(PM2.5),117,98,82,88,75,4,,72,48,40,12,6,7,0.6,0.7
2024-02-10T2300,3315A,116.1233,24.2991,梅州市,梅龙,细颗粒物(PM2.5),138,166,64,105,61,15,,73,48,22,10,11,9,0.7,0.7
2024-02-10T2300,1878A,104.7778,31.4741,绵阳市,富乐山,细颗粒物(PM2.5),95,79,133,71,118,82,,108,103,12,12,7,7,1.0,1
2024-02-10T2300,1879A,104.7563,31.4535,绵阳市,市人大,细颗粒物(PM2.5),155,140,176,118,137,3,,96,58,82,37,5,6,1.5,1.1
2024-02-10T2300,1880A,104.6697,31.4668,绵阳市,高新区自来水公司,细颗粒物(PM2.5),169,156,179,128,158,24,,103,75,45,28,7,8,1.0,1.1
2024-02-10T2300,1881A,104.7287,31.5075,绵阳市,三水厂,细颗粒物(PM2.5),176,143,198,133,189,19,,100,66,41,26,6,7,1.2,1.3
2024-02-10T2300,3491A,104.69,31.5322,绵阳市,西科大附属小学,细颗粒物(PM2.5),160,140,171,122,158,43,,106,89,34,23,8,9,1.0,1
2024-02-10T2300,3492A,104.5648,31.5343,绵阳市,安州区旅游局,细颗粒物(PM2.5),210,177,187,160,168,24,,99,65,46,29,6,7,1.4,1.3
2024-02-10T2300,1784A,129.61,44.561,牡丹江市,环保大楼,细颗粒物(PM2.5),92,78,182,68,140,63,,96,74,33,28,15,40,0.9,0.8
2024-02-10T2300,1785A,129.6115,44.5782,牡丹江市,文化广场,细颗粒物(PM2.5),132,118,218,100,172,55,,89,65,37,31,19,43,1.0,0.9
2024-02-10T2300,1786A,129.5904,44.5963,牡丹江市,第一医院,细颗粒物(PM2.5),212,,256,162,217,28,,84,56,59,46,18,44,1.5,1.1
2024-02-10T2300,1787A,129.6364,44.6075,牡丹江市,机车工厂,细颗粒物(PM2.5),120,112,184,91,142,32,,83,58,42,34,11,21,1.2,0.8
2024-02-10T2300,1788A,129.6386,44.5462,牡丹江市,第一中学,细颗粒物(PM2.5),67,54,87,48,75,85,,95,82,10,18,11,20,0.6,0.8
2024-02-10T2300,2531A,105.0703,29.61,内江市,市监测站,细颗粒物(PM2.5),170,163,207,129,218,53,,93,82,32,22,10,13,1.0,1
2024-02-10T2300,2532A,105.0717,29.5947,内江市,东兴区政府,细颗粒物(PM2.5),113,92,190,85,195,81,,95,91,19,16,11,12,0.8,0.8
2024-02-10T2300,2533A,105.0653,29.5817,内江市,内江二中,细颗粒物(PM2.5),119,107,213,90,236,63,,99,92,39,18,8,9,1.0,1
2024-02-10T2300,2534A,105.0406,29.5822,内江市,内江日报社,细颗粒物(PM2.5),132,104,220,100,234,84,,93,88,18,26,9,10,0.9,1
2024-02-10T2300,2628A,92.0657,31.4846,那曲市,那曲监测站,细颗粒物(PM2.5),84,96,39,62,28,22,,84,67,31,11,14,8,2.6,1
2024-02-10T2300,3128A,92.0506,31.4797,那曲市,那曲会议中心,细颗粒物(PM2.5),64,73,36,46,22,33,,94,81,39,14,13,9,1.6,0.8
2024-02-10T2300,1290A,115.8931,28.6843,南昌市,省外办,,,,146,,124,8,,88,60,47,15,8,8,2.0,1
2024-02-10T2300,1291A,115.8886,28.7003,南昌市,省林业公司,细颗粒物(PM2.5),404,405,156,356,141,45,,88,75,39,17,11,10,1.2,1
2024-02-10T2300,1292A,115.8126,28.7442,南昌市,林科所,细颗粒物(PM2.5),70,56,79,51,69,74,,93,88,7,8,8,9,1.0,0.8
2024-02-10T2300,1294A,115.8518,28.687,南昌市,建工学校,细颗粒物(PM2.5),110,136,143,83,115,43,,90,78,46,13,8,8,1.4,0.9
2024-02-10T2300,1295A,115.8921,28.6424,南昌市,象湖,细颗粒物(PM2.5),231,224,163,181,125,14,,94,68,57,18,6,8,1.2,1
2024-02-10T2300,1296A,115.7423,28.7996,南昌市,武术学校,细颗粒物(PM2.5),59,65,37,42,40,26,,85,62,5,5,9,8,0.9,0.9
2024-02-10T2300,1298A,115.9314,28.6842,南昌市,省站,细颗粒物(PM2.5),142,134,152,108,113,41,,89,77,39,16,9,10,1.2,0.9
2024-02-10T2300,3046A,115.9084,28.6062,南昌市,机电学校,细颗粒物(PM2.5),117,118,160,88,138,31,,94,84,47,11,7,10,1.0,1
2024-02-10T2300,3690A,115.9721,28.7031,南昌市,外国语学校,细颗粒物(PM2.5),148,132,132,113,137,36,,85,72,35,18,6,9,0.7,0.7
2024-02-10T2300,1905A,106.056,30.8064,南充市,西山风景区,细颗粒物(PM2.5),92,69,142,68,145,94,,104,103,7,17,4,6,0.8,0.9
2024-02-10T2300,1906A,106.0789,30.8023,南充市,南充市委,细颗粒物(PM2.5),128,124,187,97,162,24,,81,59,38,27,5,6,0.8,0.8
2024-02-10T2300,1907A,106.1031,30.8217,南充市,南充炼油厂,细颗粒物(PM2.5),153,137,194,117,168,28,,90,74,44,21,6,6,0.7,0.7
2024-02-10T2300,1908A,106.1064,30.7856,南充市,高坪区监测站,细颗粒物(PM2.5),130,128,173,99,136,5,,93,60,51,26,6,7,1.1,0.8
2024-02-10T2300,1909A,106.0642,30.7636,南充市,嘉陵区环保局,细颗粒物(PM2.5),185,163,190,139,172,8,,81,46,58,32,5,5,1.2,1
2024-02-10T2300,1910A,106.1087,30.8388,南充市,市环境监测站,细颗粒物(PM2.5),114,105,180,86,146,66,,102,94,17,20,8,8,0.6,0.7
2024-02-10T2300,1151A,118.8086,32.1065,南京市,迈皋桥,细颗粒物(PM2.5),113,116,120,85,98,35,,88,68,40,25,4,6,0.9,0.9
2024-02-10T2300,1152A,118.7538,32.0551,南京市,草场门,细颗粒物(PM2.5),107,97,126,80,101,52,,107,88,56,33,6,9,0.9,1
2024-02-10T2300,1153A,118.7794,32.0745,南京市,山西路,细颗粒物(PM2.5),117,105,118,88,101,28,,79,62,73,35,7,11,1.1,1
2024-02-10T2300,1154A,118.7752,32.0023,南京市,中华门,细颗粒物(PM2.5),94,90,113,70,99,62,,104,88,37,28,10,16,0.8,1.1
2024-02-10T2300,1155A,118.8109,32.0309,南京市,瑞金路,细颗粒物(PM2.5),110,117,153,83,118,6,,91,42,111,42,4,7,1.3,1.5
2024-02-10T2300,1156A,118.7997,32.0754,南京市,玄武湖,细颗粒物(PM2.5),93,117,131,69,93,13,,102,68,65,27,9,14,0.7,0.9
2024-02-10T2300,1157A,118.6414,32.0931,南京市,浦口,颗粒物(PM10),69,87,130,49,79,79,,100,95,17,19,7,10,0.7,0.8
2024-02-10T2300,1158A,118.7356,31.9996,南京市,奥体中心,细颗粒物(PM2.5),107,105,125,80,100,65,,105,91,36,29,9,15,1.0,1.2
2024-02-10T2300,1159A,118.9125,32.1028,南京市,仙林大学城,细颗粒物(PM2.5),113,105,111,85,89,66,,103,91,30,24,7,12,0.9,1.3
2024-02-10T2300,3422A,118.8436,31.9198,南京市,江宁彩虹桥,细颗粒物(PM2.5),178,162,138,134,104,61,,114,95,39,19,8,10,0.8,0.9
2024-02-10T2300,3423A,119.0138,31.6494,南京市,溧水永阳,细颗粒物(PM2.5),99,85,122,74,118,91,,111,98,15,16,6,5,0.7,0.9
2024-02-10T2300,3424A,118.879,31.3302,南京市,高淳老职中,细颗粒物(PM2.5),124,103,115,94,109,63,,109,95,20,11,10,10,0.8,0.7
2024-02-10T2300,3427A,118.8554,32.3578,南京市,六合雄州,细颗粒物(PM2.5),87,99,132,64,97,91,,106,98,14,14,4,7,0.9,0.9
2024-02-10T2300,1401A,108.3103,22.7881,南宁市,二十一中,细颗粒物(PM2.5),168,,153,127,147,14,,87,68,56,22,10,15,1.1,0.8
2024-02-10T2300,1402A,108.3141,22.8528,南宁市,北湖,细颗粒物(PM2.5),202,200,175,152,168,10,,84,53,47,18,9,14,1.1,0.8
2024-02-10T2300,1403A,108.3206,22.8225,南宁市,市监测站,细颗粒物(PM2.5),114,,125,86,100,16,,84,60,64,25,8,12,1.2,0.9
2024-02-10T2300,1404A,108.3829,22.8037,南宁市,大自然花园,细颗粒物(PM2.5),147,162,121,112,107,21,,81,61,46,19,8,9,0.9,0.7
2024-02-10T2300,1405A,108.4394,22.7904,南宁市,仙葫,细颗粒物(PM2.5),199,230,255,149,234,21,,75,58,38,22,10,16,1.0,0.9
2024-02-10T2300,1406A,108.2397,22.8467,南宁市,区农职院,颗粒物(PM10),68,85,86,48,71,36,,84,67,16,13,8,12,0.5,0.5
2024-02-10T2300,1407A,108.3275,22.735,南宁市,英华嘉园,细颗粒物(PM2.5),192,186,146,144,132,15,,80,57,40,19,7,11,0.9,0.7
2024-02-10T2300,1408A,108.2257,22.7757,南宁市,沙井镇街道办,细颗粒物(PM2.5),68,58,82,49,70,24,,83,65,27,12,1,5,0.7,0.6
2024-02-10T2300,3401A,108.4834,22.7618,南宁市,红星社区,细颗粒物(PM2.5),100,97,241,75,224,47,,82,65,17,18,10,27,0.9,0.8
2024-02-10T2300,2331A,118.0966,26.6761,南平市,茫荡山,,,,,,,,,,,,,,,,
2024-02-10T2300,2332A,118.1681,26.6369,南平市,南平市监测站,细颗粒物(PM2.5),73,62,106,53,104,34,,69,52,8,8,6,26,0.7,0.8
2024-02-10T2300,2333A,118.1825,26.6489,南平市,南平铝业有限公司,细颗粒物(PM2.5),138,159,119,105,103,18,,62,43,12,8,9,22,0.7,0.7
2024-02-10T2300,2334A,118.1756,26.6272,南平市,南平七中,细颗粒物(PM2.5),55,42,74,39,86,36,,70,54,8,5,5,20,0.5,0.8
2024-02-10T2300,1168A,120.9098,31.9663,南通市,狼山街道,细颗粒物(PM2.5),302,262,172,252,161,10,,96,43,62,37,9,13,2.6,1.5
2024-02-10T2300,1169A,120.86,32.0005,南通市,虹桥,细颗粒物(PM2.5),203,170,171,153,154,8,,98,51,102,44,8,14,1.7,1.2
2024-02-10T2300,1170A,120.87,32.02,南通市,城中,细颗粒物(PM2.5),196,181,184,147,152,6,,104,58,93,39,10,15,2.0,1.5
2024-02-10T2300,1171A,120.94,31.93,南通市,星湖花园,细颗粒物(PM2.5),288,257,181,238,150,2,,91,38,78,39,11,15,1.5,1.2
2024-02-10T2300,1172A,120.81,32.0417,南通市,紫琅学院,细颗粒物(PM2.5),210,174,180,160,156,11,,112,68,59,32,8,14,1.6,1.3
2024-02-10T2300,3291A,121.067,32.062,南通市,通州监测站,细颗粒物(PM2.5),245,210,181,195,159,14,,,,,46,5,24,1.7,2
2024-02-10T2300,3432A,120.9348,31.9883,南通市,环境教育馆,细颗粒物(PM2.5),202,163,159,152,145,15,,104,65,59,35,8,15,1.0,1.2
2024-02-10T2300,2404A,112.5224,33.0122,南阳市,瓦房庄,细颗粒物(PM2.5),486,,218,479,223,9,,79,50,54,22,17,20,1.2,0.8
2024-02-10T2300,2405A,112.5003,32.9735,南阳市,汉画馆,细颗粒物(PM2.5),304,277,208,254,197,17,,78,49,38,21,9,15,1.0,1
2024-02-10T2300,2406A,112.5573,33.027,南阳市,气象站,"颗粒物(PM10),细颗粒物(PM2.5)",500,,198,786,214,5,,85,65,69,25,20,19,1.4,0.9
2024-02-10T2300,2407A,112.5481,32.9689,南阳市,理工学院,细颗粒物(PM2.5),423,,192,384,190,20,,82,70,52,14,14,23,1.2,0.9
2024-02-10T2300,4008A,112.5234,32.9922,南阳市,卧龙区政府,细颗粒物(PM2.5),434,424,198,400,188,3,,73,44,65,28,14,20,1.5,0.9
2024-02-10T2300,1234A,121.8358,29.911,宁波市,区环保大楼,细颗粒物(PM2.5),140,135,118,107,93,58,,103,78,28,17,7,8,0.8,0.8
2024-02-10T2300,1235A,121.56,29.82,宁波市,万里学院,细颗粒物(PM2.5),88,79,108,65,88,82,,104,98,18,18,7,7,0.6,0.7
2024-02-10T2300,1236A,121.713,29.9572,宁波市,龙赛医院,细颗粒物(PM2.5),110,98,140,83,120,85,,98,75,14,22,5,6,0.8,0.9
2024-02-10T2300,1239A,121.633,29.7733,宁波市,钱湖水厂,细颗粒物(PM2.5),75,65,86,55,72,94,,106,102,4,7,5,5,0.8,0.9
2024-02-10T2300,1240A,121.5856,29.8635,宁波市,太古小学,细颗粒物(PM2.5),95,80,99,71,89,77,,102,92,23,20,7,7,0.8,0.9
2024-02-10T2300,1241A,121.524,29.8674,宁波市,市环境监测中心,细颗粒物(PM2.5),102,94,105,76,82,65,,105,90,35,20,7,8,0.9,0.8
2024-02-10T2300,2871A,121.6147,29.9017,宁波市,万里国际学校,细颗粒物(PM2.5),87,76,104,64,92,91,,106,100,18,19,8,9,0.8,0.9
2024-02-10T2300,3710A,121.5594,29.8975,宁波市,白沙活动中心,细颗粒物(PM2.5),89,91,126,66,97,71,,101,86,22,22,6,8,1.0,1
2024-02-10T2300,2339A,119.5001,26.6946,宁德市,金涵水库,,,,,,,,,,,,,,,,
2024-02-10T2300,2341A,119.5388,26.6612,宁德市,宁德市监测站,细颗粒物(PM2.5),73,,100,53,90,53,,82,71,6,8,7,15,0.9,0.7
2024-02-10T2300,3209A,119.5231,26.6562,宁德市,宁德一中,细颗粒物(PM2.5),69,62,102,50,86,50,,81,68,10,12,6,17,0.9,0.8
2024-02-10T2300,2618A,98.8601,25.8567,怒江傈僳族自治州,州监测站,细颗粒物(PM2.5),80,67,44,59,32,48,,82,74,17,5,11,11,0.6,0.4
2024-02-10T2300,2619A,98.8546,25.8417,怒江傈僳族自治州,泸水一中,细颗粒物(PM2.5),166,136,60,126,54,29,,73,57,20,11,11,11,0.7,0.5
2024-02-10T2300,1888A,101.6891,26.571,攀枝花市,弄弄坪,颗粒物(PM10),57,63,42,39,33,52,,102,87,25,16,13,17,0.8,0.9
2024-02-10T2300,1889A,101.5769,26.5928,攀枝花市,河门口,颗粒物(PM10),51,52,56,35,35,56,,101,89,15,20,11,36,0.7,1.5
2024-02-10T2300,1890A,101.7169,26.585,攀枝花市,炳草岗,细颗粒物(PM2.5),77,102,39,56,27,13,,102,78,58,18,18,29,1.2,0.9
2024-02-10T2300,1891A,101.7369,26.5008,攀枝花市,仁和,细颗粒物(PM2.5),65,73,47,47,38,52,,99,79,18,12,8,14,0.8,0.8
2024-02-10T2300,2835A,101.7227,26.567,攀枝花市,四十中小,细颗粒物(PM2.5),133,208,40,101,24,20,,106,83,66,16,21,29,1.0,0.7
2024-02-10T2300,1604A,122.0303,41.1489,盘锦市,开发区,细颗粒物(PM2.5),147,,211,112,180,80,,92,88,16,25,9,21,1.0,1.1
2024-02-10T2300,1605A,122.0485,41.0883,盘锦市,兴隆台,细颗粒物(PM2.5),130,114,263,99,235,80,,91,84,14,30,10,24,1.0,1.4
2024-02-10T2300,1606A,121.8297,41.1028,盘锦市,新生街道,细颗粒物(PM2.5),148,,165,113,135,63,,85,75,16,34,10,16,0.8,1.1
2024-02-10T2300,1832A,113.3257,33.742,平顶山市,新华旅馆,颗粒物(PM10),263,394,451,211,197,32,,86,73,43,26,19,27,0.5,0.7
2024-02-10T2300,1833A,113.2919,33.737,平顶山市,规划设计院,颗粒物(PM10),163,276,441,116,443,66,,97,88,22,18,15,27,0.6,1
2024-02-10T2300,1834A,113.182,33.774,平顶山市,平顶山工学院,颗粒物(PM10),137,223,207,63,125,84,,90,89,12,14,10,13,0.6,0.8
2024-02-10T2300,3204A,113.3025,33.73,平顶山市,规划局,细颗粒物(PM2.5),224,356,251,174,195,48,,77,68,27,26,16,24,0.6,0.9
2024-02-10T2300,3594A,112.8867,33.9116,平顶山市,石龙区,颗粒物(PM10),131,212,164,56,77,90,,95,92,9,12,7,12,0.5,0.7
2024-02-10T2300,2656A,106.6692,35.5461,平凉市,聚贤嘉苑,颗粒物(PM10),67,83,102,36,30,50,,92,74,20,14,12,9,0.5,0.4
2024-02-10T2300,2657A,106.7021,35.5307,平凉市,博物馆,颗粒物(PM10),78,105,108,54,39,39,,92,66,25,14,20,15,1.1,0.6
2024-02-10T2300,2347A,114.0997,27.5002,萍乡市,武功山,细颗粒物(PM2.5),65,53,84,47,68,42,,86,65,7,8,6,10,0.7,0.7
2024-02-10T2300,2348A,113.8385,27.6434,萍乡市,中医院,细颗粒物(PM2.5),268,250,191,218,151,2,,76,49,49,26,7,14,1.7,2.3
2024-02-10T2300,2349A,113.8493,27.6253,萍乡市,市政府车库,细颗粒物(PM2.5),316,309,171,266,153,8,,74,48,40,19,14,16,1.3,1.6
2024-02-10T2300,2350A,113.8676,27.6435,萍乡市,市环保局,细颗粒物(PM2.5),268,240,195,218,167,9,,78,57,46,21,11,12,1.6,1.9
2024-02-10T2300,2351A,113.866,27.6198,萍乡市,安源区政府,细颗粒物(PM2.5),252,257,171,202,127,5,,80,51,41,22,11,15,1.5,1.4
2024-02-10T2300,2319A,119.0141,25.4325,莆田市,荔城区仓后路,细颗粒物(PM2.5),73,65,80,53,81,62,,100,91,14,9,7,8,1.1,1
2024-02-10T2300,2320A,119.0015,25.4553,莆田市,莆田市监测站,细颗粒物(PM2.5),58,,48,41,45,71,,97,91,8,8,9,9,0.7,0.7
2024-02-10T2300,2321A,119.1119,25.4561,莆田市,涵江区六中,细颗粒物(PM2.5),100,103,93,75,93,56,,101,92,18,9,9,10,1.2,1.1
2024-02-10T2300,2322A,119.1013,25.3215,莆田市,秀屿区政府,细颗粒物(PM2.5),63,51,79,45,84,86,,103,100,9,8,8,9,1.2,1
2024-02-10T2300,2323A,118.981,25.4792,莆田市,东圳水库,,,,,,,,,,,,,,,,
2024-02-10T2300,2392A,115.0312,35.7636,濮阳市,环保局,颗粒物(PM10),474,574,398,404,295,27,,96,70,54,28,14,18,1.3,1.1
2024-02-10T2300,2394A,115.0574,35.7609,濮阳市,油田运输公司,"颗粒物(PM10),细颗粒物(PM2.5)",500,771,405,541,342,8,,100,70,61,25,26,27,1.8,1.5
2024-02-10T2300,2395A,115.0866,35.7754,濮阳市,油田物探公司,"颗粒物(PM10),细颗粒物(PM2.5)",500,773,429,674,369,9,,95,68,69,28,23,20,1.7,1.4
2024-02-10T2300,3021A,115,35.7668,濮阳市,濮水河管理处,细颗粒物(PM2.5),396,424,395,346,299,42,,96,75,34,24,7,12,1.3,1.3
2024-02-10T2300,2601A,100.98,22.7633,普洱市,市环保局,细颗粒物(PM2.5),73,58,45,53,37,53,,55,52,7,6,5,6,0.7,0.6
2024-02-10T2300,2602A,100.9817,22.8322,普洱市,普洱第二中学,,39,39,53,20,32,53,,58,58,8,10,4,6,0.8,0.8
2024-02-10T2300,2262A,131.0518,45.8751,七台河市,新一中,细颗粒物(PM2.5),132,,86,100,77,109,,117,112,16,15,11,13,1.1,0.9
2024-02-10T2300,3345A,131.0577,45.7879,七台河市,中波台,细颗粒物(PM2.5),182,150,120,137,105,59,,90,77,46,30,22,17,1.3,1.1
2024-02-10T2300,3637A,131.0176,45.7761,七台河市,人民广场,细颗粒物(PM2.5),183,182,320,138,192,22,,88,62,76,39,14,38,1.4,1.2
2024-02-10T2300,3684A,130.8781,45.8222,七台河市,新建矿广场,细颗粒物(PM2.5),93,,127,69,102,83,,106,98,22,34,12,19,0.8,1
2024-02-10T2300,1779A,123.9305,47.3636,齐齐哈尔市,安居小区,,40,40,144,19,70,63,,73,59,10,17,11,19,0.5,0.6
2024-02-10T2300,1780A,123.9488,47.3386,齐齐哈尔市,中心广场,细颗粒物(PM2.5),83,80,183,61,137,50,,70,57,20,19,12,19,0.6,0.8
2024-02-10T2300,1781A,123.9483,47.3227,齐齐哈尔市,农牧车辆厂,细颗粒物(PM2.5),72,,95,52,133,60,,73,62,10,14,16,22,0.5,0.5
2024-02-10T2300,1783A,123.945,47.2988,齐齐哈尔市,市环境监测站,,43,43,176,24,165,65,,76,69,6,18,5,22,0.4,0.6
2024-02-10T2300,3662A,123.6333,47.2075,齐齐哈尔市,富区青少年活动中心,细颗粒物(PM2.5),92,,145,68,127,51,,69,59,8,17,10,26,0.5,0.7
2024-02-10T2300,2591A,107.9783,26.5747,黔东南苗族侗族自治州,市环境监测站,细颗粒物(PM2.5),182,,182,137,163,36,,79,64,19,15,21,22,0.5,0.6
2024-02-10T2300,2881A,107.8908,26.5311,黔东南苗族侗族自治州,凯里学院,细颗粒物(PM2.5),62,49,114,44,94,48,,92,81,5,7,9,10,0.5,0.7
2024-02-10T2300,2593A,107.5228,26.2403,黔南布依族苗族自治州,小围寨,细颗粒物(PM2.5),58,46,116,41,109,46,,80,75,15,10,14,10,0.2,0.5
2024-02-10T2300,3538A,107.5175,26.2978,黔南布依族苗族自治州,沙坝,细颗粒物(PM2.5),62,51,134,44,121,36,,79,68,6,8,10,13,0.7,0.7
2024-02-10T2300,2589A,104.9022,25.0925,黔西南布依族苗族自治州,场坝街,细颗粒物(PM2.5),158,123,98,120,94,43,,96,76,22,13,3,6,0.7,0.7
2024-02-10T2300,2590A,104.8811,25.0992,黔西南布依族苗族自治州,坪东大道,细颗粒物(PM2.5),148,,119,113,109,39,,94,70,17,13,4,7,0.4,0.5
2024-02-10T2300,2502A,108.6236,21.9667,钦州市,市环保站,细颗粒物(PM2.5),128,122,95,97,75,63,,80,74,20,12,10,17,1.1,1.1
2024-02-10T2300,2503A,108.6549,21.9481,钦州市,沙埠小学,细颗粒物(PM2.5),97,88,104,72,88,75,,82,80,11,10,11,16,0.9,0.8
2024-02-10T2300,2504A,108.5989,21.7431,钦州市,港区一小,细颗粒物(PM2.5),64,50,108,46,81,87,,83,83,9,13,8,17,0.7,0.8
2024-02-10T2300,3404A,108.5959,21.9633,钦州市,北职校,细颗粒物(PM2.5),93,,88,69,77,56,,81,76,14,8,12,16,1.1,0.8
2024-02-10T2300,1042A,119.5134,39.8207,秦皇岛市,北戴河环保局,细颗粒物(PM2.5),77,87,178,56,141,64,,84,78,36,35,17,17,0.7,1.7
2024-02-10T2300,1043A,119.7493,40.0116,秦皇岛市,第一关,细颗粒物(PM2.5),130,142,101,99,79,63,,88,67,30,23,23,20,1.3,0.7
2024-02-10T2300,1044A,119.5897,39.9499,秦皇岛市,监测站,细颗粒物(PM2.5),113,118,157,85,136,74,,89,81,24,32,23,22,1.3,1
2024-02-10T2300,1046A,119.5251,39.9041,秦皇岛市,建设大厦,细颗粒物(PM2.5),110,112,155,83,108,73,,88,80,19,19,18,17,1.0,0.8
2024-02-10T2300,3132A,119.610547,39.943889,秦皇岛市,文明里,细颗粒物(PM2.5),114,134,253,86,173,67,,84,75,30,38,22,24,1.1,0.9
2024-02-10T2300,1307A,120.6659,36.2403,青岛市,仰口,细颗粒物(PM2.5),149,144,182,114,155,95,,121,109,20,25,9,11,1.4,1.5
2024-02-10T2300,1310A,120.4134,36.0658,青岛市,市南区东部子站,细颗粒物(PM2.5),192,168,312,144,265,81,,102,92,24,34,11,23,1.5,1.6
2024-02-10T2300,1311A,120.3664,36.1032,青岛市,四方区子站,细颗粒物(PM2.5),188,156,296,141,275,86,,106,95,25,43,8,27,1.7,1.9
2024-02-10T2300,1312A,120.2994,36.054,青岛市,市南区西部子站,细颗粒物(PM2.5),175,163,259,132,212,85,,106,95,19,31,8,16,1.7,1.7
2024-02-10T2300,1313A,120.4581,36.0858,青岛市,崂山区子站,细颗粒物(PM2.5),170,166,297,129,248,88,,111,100,16,23,13,18,1.6,1.5
2024-02-10T2300,1314A,120.1983,35.9608,青岛市,黄岛区子站,细颗粒物(PM2.5),170,151,221,129,183,85,,96,69,22,37,10,20,1.6,1.4
2024-02-10T2300,1315A,120.3999,36.3083,青岛市,城阳区子站,细颗粒物(PM2.5),147,180,361,112,211,79,,101,89,25,41,8,21,1.6,1.7
2024-02-10T2300,1966A,120.0405,35.8735,青岛市,黄岛区4号,细颗粒物(PM2.5),195,166,239,146,205,87,,119,108,14,21,11,18,1.7,1.6
2024-02-10T2300,3362A,120.5014,36.4034,青岛市,即墨2号,细颗粒物(PM2.5),196,166,404,147,363,81,,98,86,25,42,12,30,1.6,2
2024-02-10T2300,3642A,120.3503,36.0736,青岛市,市北区南部,细颗粒物(PM2.5),178,154,317,134,246,84,,98,87,26,42,9,20,1.5,1.6
2024-02-10T2300,3643A,120.3948,36.1805,青岛市,李沧区北部,细颗粒物(PM2.5),203,171,363,153,312,90,,110,100,25,39,12,22,1.6,1.7
2024-02-10T2300,1702A,113.0426,23.691,清远市,环保大楼,细颗粒物(PM2.5),72,59,32,52,28,48,,80,72,21,5,7,3,0.6,0.5
2024-02-10T2300,1703A,113.0208,23.7106,清远市,凤城街办,细颗粒物(PM2.5),129,122,42,98,36,8,,89,61,63,16,9,7,1.4,0.7
2024-02-10T2300,3025A,113.0477,23.6344,清远市,技师学院,细颗粒物(PM2.5),95,97,54,71,40,48,,88,73,14,4,9,8,0.7,0.6
2024-02-10T2300,3318A,112.9903,23.7403,清远市,清新太和,细颗粒物(PM2.5),57,57,39,40,30,59,,85,75,16,11,9,8,0.5,0.5
2024-02-10T2300,3455A,113.076,23.7198,清远市,清城东城,细颗粒物(PM2.5),84,76,41,62,35,39,,79,66,15,7,9,9,0.7,0.7
2024-02-10T2300,2661A,107.6325,35.7357,庆阳市,庆阳五中,细颗粒物(PM2.5),87,102,161,64,38,56,,91,81,20,4,11,6,0.8,0.4
2024-02-10T2300,2662A,107.6364,35.7067,庆阳市,市环保局,细颗粒物(PM2.5),135,143,175,103,41,68,,92,81,16,5,12,6,0.4,0.3
2024-02-10T2300,1916A,103.7897,25.5035,曲靖市,环境监测站,细颗粒物(PM2.5),73,82,77,53,56,79,,100,90,10,11,14,18,0.7,0.8
2024-02-10T2300,1917A,103.8,25.5364,曲靖市,烟厂办公区,细颗粒物(PM2.5),58,61,59,41,41,90,,100,96,7,10,3,6,0.6,0.8
2024-02-10T2300,3376A,103.7947,25.462,曲靖市,南苑二区,细颗粒物(PM2.5),149,,76,114,60,74,,96,85,14,14,19,21,0.7,0.9
2024-02-10T2300,3377A,103.7444,25.5261,曲靖市,曲靖师范学院,,49,47,48,34,38,85,,97,91,9,9,10,12,0.5,0.8
2024-02-10T2300,1264A,118.8692,28.9398,衢州市,环保大楼,细颗粒物(PM2.5),97,87,103,72,87,55,,96,77,16,14,6,7,0.9,0.9
2024-02-10T2300,1265A,118.8709,28.9666,衢州市,实验学校,细颗粒物(PM2.5),70,70,107,51,85,58,,95,80,11,9,2,5,0.4,0.6
2024-02-10T2300,1266A,118.8621,28.9808,衢州市,衢州学院,细颗粒物(PM2.5),78,74,115,57,98,63,,96,80,11,10,8,9,0.3,0.5
2024-02-10T2300,1611A,118.5819,24.9117,泉州市,涂山街,细颗粒物(PM2.5),60,51,133,43,118,88,,105,100,16,12,6,8,0.7,0.9
2024-02-10T2300,1612A,118.5972,24.8978,泉州市,津头埔,细颗粒物(PM2.5),68,55,132,49,116,82,,97,92,18,16,7,10,0.7,0.8
2024-02-10T2300,1613A,118.6663,24.9424,泉州市,万安,细颗粒物(PM2.5),73,64,137,53,118,88,,107,101,14,11,3,4,0.5,0.6
2024-02-10T2300,1614A,118.6117,24.9604,泉州市,清源山,,,,,,,,,,,,,,,,
2024-02-10T2300,3529A,118.6333,24.9264,泉州市,城华南路,细颗粒物(PM2.5),69,55,99,50,89,86,,103,96,7,6,6,7,0.6,0.8
2024-02-10T2300,2626A,88.8876,29.2718,日喀则市,日喀则监测站,细颗粒物(PM2.5),62,52,24,44,18,20,,92,76,67,13,10,6,1.3,0.6
2024-02-10T2300,3726A,88.8781,29.2426,日喀则市,林业技术推广中心,,20,12,23,6,14,64,,90,85,6,9,7,8,0.5,0.5
2024-02-10T2300,1659A,119.471,35.4209,日照市,监测站,细颗粒物(PM2.5),305,302,230,255,196,14,,126,71,85,47,27,20,2.7,1.8
2024-02-10T2300,1660A,119.523,35.4216,日照市,市政府广场,细颗粒物(PM2.5),287,273,204,237,173,62,,117,90,54,38,18,16,1.9,1.5
2024-02-10T2300,1661A,119.5587,35.4044,日照市,港务局,细颗粒物(PM2.5),280,293,216,230,176,56,,118,95,56,47,8,12,1.6,1.4
2024-02-10T2300,3507A,119.5328,35.4625,日照市,职业技术学院,细颗粒物(PM2.5),365,366,202,315,165,73,,122,104,44,32,15,15,1.8,1.6
2024-02-10T2300,3604A,119.3266,35.1044,日照市,岚山环保分局,细颗粒物(PM2.5),253,234,250,203,211,116,,126,113,35,37,19,26,1.4,2
2024-02-10T2300,1835A,111.1922,34.7752,三门峡市,市政府,颗粒物(PM10),137,223,181,62,90,43,,86,70,22,23,11,18,0.7,0.8
2024-02-10T2300,1836A,111.1587,34.7942,三门峡市,开发区,颗粒物(PM10),174,297,207,102,112,25,,88,72,42,21,14,11,1.0,0.9
2024-02-10T2300,1838A,111.143,34.7955,三门峡市,风景区,,,,,,,,,,,,,,,,
2024-02-10T2300,3039A,111.1911,34.7829,三门峡市,三门峡市第一小学,颗粒物(PM10),140,229,249,76,135,41,,88,72,28,25,7,16,0.8,0.9
2024-02-10T2300,3598A,111.1,34.7167,三门峡市,富达温泉假日酒店,颗粒物(PM10),143,235,254,64,149,51,,83,69,21,28,9,21,0.9,1.2
2024-02-10T2300,2324A,117.6211,26.2625,三明市,三钢,细颗粒物(PM2.5),78,94,59,57,51,26,,62,52,16,9,9,16,1.0,0.9
2024-02-10T2300,2325A,117.635,26.2714,三明市,三明二中,细颗粒物(PM2.5),75,83,89,55,67,24,,64,49,21,14,10,27,1.4,1
2024-02-10T2300,2326A,117.6028,26.2378,三明市,三元区政府,"颗粒物(PM10),细颗粒物(PM2.5)",53,55,58,37,52,24,,53,44,10,12,7,19,1.3,1.4
2024-02-10T2300,2327A,117.7275,26.3108,三明市,洋溪,,,,,,,,,,,,,,,,
2024-02-10T2300,1876A,109.5078,18.2489,三亚市,河东子站,,26,26,25,17,19,44,,54,51,6,7,4,5,0.7,0.7
2024-02-10T2300,1877A,109.4964,18.2681,三亚市,河西子站,,27,27,28,18,20,40,,50,46,5,6,4,4,0.8,0.8
2024-02-10T2300,3540A,109.7348,18.3443,三亚市,君悦子站,,25,25,27,14,16,47,,57,54,5,6,4,5,0.6,0.7
2024-02-10T2300,2624A,91.7608,29.2313,山南市,山南监测站,,27,15,30,9,19,86,,93,90,4,7,5,8,0.3,0.3
2024-02-10T2300,2625A,91.7706,29.2436,山南市,山南人民医院,,29,29,20,10,11,81,,90,87,5,6,4,5,0.2,0.2
2024-02-10T2300,1674A,116.6794,23.3667,汕头市,金平子站,细颗粒物(PM2.5),142,158,61,108,54,84,,94,94,15,5,10,8,1.0,0.9
2024-02-10T2300,1675A,116.7244,23.3633,汕头市,龙湖子站,细颗粒物(PM2.5),89,86,52,66,43,79,,88,88,18,10,10,9,1.0,0.9
2024-02-10T2300,1676A,116.7258,23.2775,汕头市,濠江子站,细颗粒物(PM2.5),158,170,59,120,60,80,,94,92,15,9,12,11,1.0,0.9
2024-02-10T2300,1677A,116.7519,23.4714,汕头市,澄海子站,细颗粒物(PM2.5),108,,55,81,54,96,,99,99,14,10,8,8,0.7,0.7
2024-02-10T2300,1678A,116.6092,23.2539,汕头市,潮阳子站,,,,46,,41,24,,81,72,44,8,12,10,1.6,1.2
2024-02-10T2300,3444A,116.454,23.2684,汕头市,潮南峡山,细颗粒物(PM2.5),124,125,66,94,54,69,,89,87,16,9,10,11,0.8,0.7
2024-02-10T2300,3624A,116.4069,23.2533,汕头市,潮南子站,细颗粒物(PM2.5),180,181,81,136,62,62,,83,81,13,3,12,10,0.9,0.9
2024-02-10T2300,1693A,115.3653,22.775,汕尾市,市环保局,细颗粒物(PM2.5),118,,46,89,47,68,,82,82,17,5,9,9,0.8,0.7
2024-02-10T2300,1694A,115.3706,22.7898,汕尾市,市政府,细颗粒物(PM2.5),65,58,44,47,46,74,,80,80,6,3,5,6,0.7,0.7
2024-02-10T2300,1695A,115.3622,22.7925,汕尾市,新城中学,细颗粒物(PM2.5),90,99,50,67,47,51,,76,72,14,6,6,7,0.7,0.7
2024-02-10T2300,2645A,109.9154,33.8715,商洛市,监测站,颗粒物(PM10),101,151,130,52,77,58,,92,75,10,9,8,12,0.4,0.5
2024-02-10T2300,3045A,109.9643,33.8471,商洛市,商州区中学,颗粒物(PM10),101,151,199,50,125,59,,96,85,16,17,8,20,0.5,0.7
2024-02-10T2300,2408A,115.6702,34.4285,商丘市,环境监测站,"颗粒物(PM10),细颗粒物(PM2.5)",500,,545,912,505,5,,89,57,62,26,24,61,2.0,1.3
2024-02-10T2300,2409A,115.6458,34.4045,商丘市,粮食局,"颗粒物(PM10),细颗粒物(PM2.5)",500,,572,891,511,5,,88,53,65,27,25,56,1.9,1.3
2024-02-10T2300,2410A,115.6293,34.3948,商丘市,睢阳区环保局,细颗粒物(PM2.5),484,560,574,476,518,18,,85,54,54,29,18,38,1.5,1.2
2024-02-10T2300,3171A,115.6071,34.4465,商丘市,梁园区档案局,"颗粒物(PM10),细颗粒物(PM2.5)",500,721,444,536,388,14,,96,69,60,24,17,30,1.3,1
2024-02-10T2300,1141A,121.4,31.238,上海市,普陀,细颗粒物(PM2.5),88,85,196,65,159,70,,104,78,38,38,8,11,0.9,1.1
2024-02-10T2300,1142A,121.478,31.2036,上海市,十五厂,细颗粒物(PM2.5),115,101,163,87,141,24,,101,63,88,40,8,11,1.3,1.2
2024-02-10T2300,1143A,121.467,31.3008,上海市,虹口,细颗粒物(PM2.5),117,122,158,88,132,5,,112,60,98,47,6,9,1.7,1.1
2024-02-10T2300,1144A,121.412,31.1654,上海市,徐汇上师大,细颗粒物(PM2.5),112,93,205,84,178,77,,109,92,37,31,10,12,0.8,0.9
2024-02-10T2300,1145A,121.536,31.2659,上海市,杨浦四漂,细颗粒物(PM2.5),92,94,121,68,94,10,,118,73,93,42,7,8,1.5,1.2
2024-02-10T2300,1147A,121.425,31.2261,上海市,静安监测站,细颗粒物(PM2.5),84,82,177,62,153,69,,102,75,48,37,8,12,0.8,1
2024-02-10T2300,1148A,121.703,31.1907,上海市,浦东川沙,细颗粒物(PM2.5),212,180,287,162,236,41,,111,63,52,43,9,12,1.0,1.1
2024-02-10T2300,1149A,121.533,31.2284,上海市,浦东新区监测站,细颗粒物(PM2.5),79,83,138,58,108,81,,107,94,34,31,9,10,0.9,1.1
2024-02-10T2300,1150A,121.577,31.2071,上海市,浦东张江,细颗粒物(PM2.5),119,101,225,90,192,50,,108,86,44,36,7,8,1.2,1.2
2024-02-10T2300,3265A,121.4316,31.3322,上海市,宝山庙行,细颗粒物(PM2.5),90,82,199,67,170,56,,108,91,50,30,7,10,1.0,1.1
2024-02-10T2300,3266A,121.8791,31.4662,上海市,崇明上实东滩,细颗粒物(PM2.5),149,138,178,114,155,45,,120,92,30,31,7,10,0.9,1.1
2024-02-10T2300,3268A,121.3162,31.2838,上海市,嘉定南翔,细颗粒物(PM2.5),243,233,307,193,209,2,,103,55,104,41,13,17,1.0,1.2
2024-02-10T2300,3269A,121.3359,30.7456,上海市,金山新城,细颗粒物(PM2.5),115,98,174,87,146,95,,106,97,20,21,8,10,0.8,0.9
2024-02-10T2300,3270A,121.4996,31.0739,上海市,闵行浦江,细颗粒物(PM2.5),252,238,315,202,260,33,,108,85,63,30,12,18,1.0,1.1
2024-02-10T2300,3271A,121.2886,31.1663,上海市,青浦徐泾,细颗粒物(PM2.5),122,117,283,92,226,53,,106,80,42,34,8,12,1.0,1.1
2024-02-10T2300,3272A,121.2186,31.0378,上海市,松江图书馆,细颗粒物(PM2.5),298,,270,248,196,32,,102,78,51,27,9,12,1.0,1
2024-02-10T2300,3273A,121.3902,31.2059,上海市,长宁仙霞,细颗粒物(PM2.5),94,110,214,70,169,8,,103,60,96,45,7,10,1.4,1.2
2024-02-10T2300,3274A,121.7965,31.0507,上海市,浦东惠南,细颗粒物(PM2.5),169,152,244,128,194,23,,108,63,69,39,7,9,1.1,1.2
2024-02-10T2300,3544A,121.4891,30.925,上海市,奉贤南桥新城,细颗粒物(PM2.5),169,128,203,128,163,73,,108,97,35,22,10,12,0.9,1.1
2024-02-10T2300,2381A,118.005,28.4572,上饶市,百草园,细颗粒物(PM2.5),140,109,149,107,120,68,,106,94,8,7,11,16,,
2024-02-10T2300,2382A,117.9756,28.4436,上饶市,市监测站,细颗粒物(PM2.5),127,135,163,96,129,63,,104,90,10,9,13,18,0.8,0.9
2024-02-10T2300,2383A,117.9519,28.4628,上饶市,凤凰光学,细颗粒物(PM2.5),123,130,160,93,128,41,,98,78,24,12,7,12,1.1,1
2024-02-10T2300,3413A,118.1953,28.4401,上饶市,广丰区教体局,,,,263,,207,,,58,,,8,,23,,0.7
2024-02-10T2300,3685A,117.897,28.4315,上饶市,双创科技城,细颗粒物(PM2.5),99,98,153,74,123,72,,101,89,11,10,21,13,0.9,0.9
2024-02-10T2300,1669A,113.5824,24.7733,韶关市,市八中,细颗粒物(PM2.5),78,82,61,57,47,24,,65,42,18,6,8,10,0.7,0.7
2024-02-10T2300,1671A,113.5917,24.7972,韶关市,园林处,细颗粒物(PM2.5),129,106,54,98,56,4,,64,37,35,9,9,10,0.9,0.8
2024-02-10T2300,1672A,113.6735,24.7791,韶关市,韶关学院,细颗粒物(PM2.5),82,71,71,60,65,11,,63,32,7,5,6,7,0.7,0.8
2024-02-10T2300,1673A,113.5971,24.6863,韶关市,曲江监测站,细颗粒物(PM2.5),124,113,65,94,56,27,,72,56,13,7,11,14,0.6,0.7
2024-02-10T2300,3622A,113.5556,24.8082,韶关市,碧湖山庄,细颗粒物(PM2.5),88,75,56,65,50,25,,72,59,14,4,10,11,0.5,0.6
2024-02-10T2300,2462A,111.5239,27.3033,邵阳市,市水土所,细颗粒物(PM2.5),134,108,202,102,208,27,,72,59,4,5,7,9,0.6,0.8
2024-02-10T2300,2463A,111.4733,27.2317,邵阳市,市一中,细颗粒物(PM2.5),360,354,381,310,321,7,,78,48,38,21,9,10,1.2,0.9
2024-02-10T2300,2464A,111.5283,27.2442,邵阳市,市化工厂,细颗粒物(PM2.5),240,224,334,190,295,12,,82,61,29,16,11,15,0.8,0.9
2024-02-10T2300,2465A,111.4503,27.2537,邵阳市,市罐头厂,细颗粒物(PM2.5),459,455,301,438,297,10,,74,53,31,17,14,16,1.1,0.9
2024-02-10T2300,2466A,111.4328,27.2272,邵阳市,市环保局,细颗粒物(PM2.5),253,278,257,203,234,16,,85,71,37,14,13,13,1.1,0.9
2024-02-10T2300,1247A,120.6053,29.9928,绍兴市,城东开发委,细颗粒物(PM2.5),120,107,154,91,134,39,,101,69,30,23,8,9,0.5,0.6
2024-02-10T2300,2921A,120.5483,30.0003,绍兴市,树下王站,细颗粒物(PM2.5),211,190,170,161,153,6,,93,57,45,17,8,9,0.9,0.8
2024-02-10T2300,3408A,120.5683,29.9361,绍兴市,绍兴中专,细颗粒物(PM2.5),64,64,84,46,60,42,,99,76,17,8,3,4,0.7,0.8
2024-02-10T2300,3409A,120.4906,30.0861,绍兴市,柯桥区政府,细颗粒物(PM2.5),148,151,215,113,169,44,,99,85,30,15,7,8,1.0,0.9
2024-02-10T2300,3410A,120.8752,30.0249,绍兴市,重华小学,细颗粒物(PM2.5),100,82,103,75,106,67,,91,73,6,7,8,9,0.5,0.6
2024-02-10T2300,3411A,120.8369,30.0137,绍兴市,上虞中学,细颗粒物(PM2.5),109,89,109,82,116,51,,95,78,13,13,6,7,0.8,0.9
2024-02-10T2300,3560A,120.4722,30.0415,绍兴市,柯桥妇保,细颗粒物(PM2.5),138,116,144,105,137,20,,96,68,43,16,6,7,0.6,0.7
2024-02-10T2300,3658A,120.6153,30.0764,绍兴市,袍江中学,细颗粒物(PM2.5),198,179,195,148,165,25,,102,74,38,17,10,10,1.1,1
2024-02-10T2300,1356A,114.1063,22.5545,深圳市,通心岭子站,细颗粒物(PM2.5),175,150,60,132,54,13,,89,66,33,7,4,5,0.7,0.5
2024-02-10T2300,1357A,114.117,22.5625,深圳市,洪湖,细颗粒物(PM2.5),83,87,60,61,48,24,,88,64,38,10,7,8,0.9,0.7
2024-02-10T2300,1358A,113.987,22.5417,深圳市,华侨城,细颗粒物(PM2.5),118,,53,89,44,36,,90,72,21,7,5,6,0.9,0.7
2024-02-10T2300,1359A,113.9181,22.5171,深圳市,南海子站,细颗粒物(PM2.5),178,150,69,134,59,31,,92,75,46,15,7,7,1.0,0.9
2024-02-10T2300,1360A,114.2458,22.5689,深圳市,盐田,,38,31,40,26,36,44,,71,51,11,12,1,2,0.7,0.6
2024-02-10T2300,1361A,114.2283,22.7244,深圳市,龙岗,细颗粒物(PM2.5),128,119,57,97,48,24,,88,69,20,4,5,5,1.0,0.8
2024-02-10T2300,1363A,114.494,22.5422,深圳市,南澳,,42,40,46,29,37,39,,74,58,2,2,5,6,0.6,0.6
2024-02-10T2300,1364A,114.41,22.6342,深圳市,葵涌,细颗粒物(PM2.5),104,,63,78,55,24,,75,40,16,9,2,3,0.7,0.9
2024-02-10T2300,1365A,114.297,22.5978,深圳市,梅沙,,35,33,41,24,32,58,,73,64,4,4,4,5,0.7,0.7
2024-02-10T2300,1366A,114.0678,22.738,深圳市,观澜,细颗粒物(PM2.5),140,117,58,107,49,21,,92,68,15,4,4,6,0.7,0.6
2024-02-10T2300,3305A,114.0731,22.559,深圳市,莲花,细颗粒物(PM2.5),150,124,60,115,54,17,,84,62,37,11,6,7,0.8,0.6
2024-02-10T2300,3306A,114.0261,22.6198,深圳市,民治,细颗粒物(PM2.5),95,92,57,71,48,49,,86,78,24,10,4,3,0.8,0.8
2024-02-10T2300,3307A,114.1871,22.6451,深圳市,横岗,细颗粒物(PM2.5),185,166,62,139,54,13,,84,57,35,11,2,3,0.6,0.5
2024-02-10T2300,3447A,114.3551,22.7151,深圳市,坪山,细颗粒物(PM2.5),119,101,51,90,45,25,,83,64,18,7,4,5,0.8,0.7
2024-02-10T2300,3623A,113.8953,22.5861,深圳市,西乡,细颗粒物(PM2.5),87,102,63,64,48,55,,90,79,19,7,10,10,0.7,0.6
2024-02-10T2300,1098A,123.6836,41.9339,沈阳市,森林路,,,,,,,,,,,,,,,,
2024-02-10T2300,1099A,123.505,41.7406,沈阳市,浑南东路,细颗粒物(PM2.5),102,110,340,76,285,50,,74,61,36,51,18,25,0.9,1.6
2024-02-10T2300,1100A,123.4231,41.6989,沈阳市,新秀街,细颗粒物(PM2.5),97,83,453,72,380,53,,71,62,33,49,16,25,0.9,1.6
2024-02-10T2300,1102A,123.5903,41.8411,沈阳市,东陵路,细颗粒物(PM2.5),129,98,552,98,510,56,,71,68,22,42,12,28,0.9,1.4
2024-02-10T2300,1103A,123.4264,41.8467,沈阳市,陵东街,细颗粒物(PM2.5),97,87,345,72,328,9,,68,46,79,53,18,17,1.0,1.6
2024-02-10T2300,1104A,123.4114,41.7653,沈阳市,文化路,细颗粒物(PM2.5),79,70,414,58,360,70,,81,76,19,47,9,16,0.7,1.2
2024-02-10T2300,1105A,123.4678,41.7867,沈阳市,小河沿,细颗粒物(PM2.5),134,127,518,102,422,33,,73,61,48,50,13,24,1.2,1.6
2024-02-10T2300,1106A,123.4017,41.7972,沈阳市,太原街,细颗粒物(PM2.5),74,77,214,54,180,62,,70,67,23,40,21,24,1.0,1.2
2024-02-10T2300,1108A,123.3783,41.9228,沈阳市,京沈街,细颗粒物(PM2.5),105,116,323,79,288,17,,88,58,68,35,51,26,1.0,1.1
2024-02-10T2300,2897A,123.2444,41.7347,沈阳市,沈辽西路,细颗粒物(PM2.5),155,157,430,118,362,56,,83,68,23,37,13,44,1.3,1.2
2024-02-10T2300,2900A,123.5953,41.9086,沈阳市,裕农路,细颗粒物(PM2.5),88,76,340,65,297,76,,72,72,15,38,14,29,0.7,1.2
2024-02-10T2300,2428A,111.0419,32.395,十堰市,武当山,"颗粒物(PM10),细颗粒物(PM2.5)",55,59,35,39,24,90,,89,89,5,6,17,14,0.7,0.8
2024-02-10T2300,2429A,110.78,32.6494,十堰市,滨河新村,细颗粒物(PM2.5),173,214,94,131,63,17,,79,46,47,27,9,9,1.0,0.8
2024-02-10T2300,2430A,110.7258,32.6389,十堰市,刘家沟,细颗粒物(PM2.5),72,76,70,52,48,48,,83,67,12,8,8,9,0.9,0.9
2024-02-10T2300,2431A,110.8839,32.5714,十堰市,铁二处,细颗粒物(PM2.5),156,156,86,119,68,22,,83,65,29,19,8,7,1.0,0.8
2024-02-10T2300,3545A,110.8054,32.8401,十堰市,郧阳区金沙路,颗粒物(PM10),76,102,76,47,73,58,,84,78,15,12,5,5,0.7,0.8
2024-02-10T2300,2709A,86.0497,44.2967,石河子市,艾青诗歌馆,细颗粒物(PM2.5),303,332,280,253,199,85,,112,111,46,36,12,10,2.2,1.9
2024-02-10T2300,2710A,86.0697,44.3075,石河子市,阳光学校,细颗粒物(PM2.5),282,268,274,232,214,55,,106,99,75,45,9,11,2.2,1.8
2024-02-10T2300,3442A,86.047,44.2331,石河子市,南区管委会,细颗粒物(PM2.5),202,207,205,152,159,105,,116,116,25,23,3,3,1.4,1.4
2024-02-10T2300,1029A,114.4422,38.0444,石家庄市,职工医院,细颗粒物(PM2.5),269,242,218,219,224,53,,101,91,40,35,14,17,1.1,0.9
2024-02-10T2300,1030A,114.6063,38.0266,石家庄市,高新区,细颗粒物(PM2.5),196,195,278,147,228,89,,99,99,19,31,12,17,1.0,0.9
2024-02-10T2300,1031A,114.4898,38.1328,石家庄市,西北水源,细颗粒物(PM2.5),213,186,175,163,146,62,,95,89,29,25,9,9,1.0,0.8
2024-02-10T2300,1032A,114.4586,38.0058,石家庄市,西南高教,细颗粒物(PM2.5),265,265,321,215,244,59,,100,92,33,35,19,20,1.0,0.9
2024-02-10T2300,1033A,114.5331,38.0178,石家庄市,世纪公园,细颗粒物(PM2.5),258,233,408,208,356,74,,99,94,23,35,15,17,1.0,1
2024-02-10T2300,1034A,114.509,38.0457,石家庄市,人民会堂,细颗粒物(PM2.5),227,198,301,177,277,98,,102,102,13,28,14,17,1.0,0.9
2024-02-10T2300,1035A,114.3524,37.8911,石家庄市,封龙山,颗粒物(PM10),69,87,101,40,67,84,,96,95,5,7,5,9,0.5,0.6
2024-02-10T2300,2862A,114.5481,38.0378,石家庄市,22中南校区,细颗粒物(PM2.5),239,233,348,189,297,76,,97,94,26,33,20,25,1.0,1
2024-02-10T2300,3456A,114.289,38.0906,石家庄市,鹿泉一中,细颗粒物(PM2.5),195,190,130,146,96,66,,100,84,20,20,6,8,0.8,0.7
2024-02-10T2300,3573A,114.8506765,38.0322033,石家庄市,藁城区实验学校,细颗粒物(PM2.5),162,151,315,123,269,97,,101,97,15,29,13,20,0.8,1.1
2024-02-10T2300,3574A,114.0504658,38.0591645,石家庄市,井陉矿区区委大楼,细颗粒物(PM2.5),155,169,134,118,98,46,,92,72,36,28,35,24,0.9,0.8
2024-02-10T2300,4024A,114.6549,37.9020,石家庄市,栾城区星河路,细颗粒物(PM2.5),241,231,394,191,348,63,,99,92,25,32,17,26,1.2,1.1
2024-02-10T2300,1947A,106.3394,38.817,石嘴山市,沙湖旅游区,颗粒物(PM10),52,54,86,18,19,55,,98,82,20,20,6,8,0.4,0.4
2024-02-10T2300,1948A,106.3668,39.0145,石嘴山市,大武口朝阳西街,,,278,139,,36,30,,93,73,54,12,40,18,0.9,0.5
2024-02-10T2300,1949A,106.7704,39.2282,石嘴山市,惠农南大街,颗粒物(PM10),62,73,137,32,30,41,,91,64,23,16,25,17,0.6,0.6
2024-02-10T2300,1950A,106.7099,39.1325,石嘴山市,红果子镇惠新街,细颗粒物(PM2.5),128,116,114,97,33,52,,94,75,32,15,34,30,0.7,0.3
2024-02-10T2300,3520A,106.3495,38.9836,石嘴山市,妇女儿童医院,"颗粒物(PM10),细颗粒物(PM2.5)",68,85,89,49,19,71,,94,86,21,11,20,11,0.5,0.4
2024-02-10T2300,3521A,106.7492,39.2069,石嘴山市,石大公路,细颗粒物(PM2.5),108,120,122,81,35,22,,92,60,52,18,19,10,0.7,0.6
2024-02-10T2300,2248A,131.1511,46.6937,双鸭山市,双合村,细颗粒物(PM2.5),158,161,256,120,176,105,,103,103,20,26,24,20,1.0,1.5
2024-02-10T2300,2249A,131.1652,46.6191,双鸭山市,南小市,细颗粒物(PM2.5),160,136,123,122,115,118,,111,111,13,18,16,18,0.9,0.8
2024-02-10T2300,2250A,131.1524,46.6554,双鸭山市,环保局,细颗粒物(PM2.5),166,140,145,126,120,111,,109,109,22,29,20,21,0.8,0.7
2024-02-10T2300,2251A,131.12,46.5656,双鸭山市,苗圃,细颗粒物(PM2.5),129,115,69,98,66,161,,165,165,15,15,14,9,0.7,0.6
2024-02-10T2300,2166A,112.4397,39.3522,朔州市,平朔,细颗粒物(PM2.5),128,126,284,97,305,53,,88,80,25,34,18,65,0.7,1.2
2024-02-10T2300,2167A,112.4575,39.3617,朔州市,朔唯,颗粒物(PM10),65,80,241,36,283,59,,88,83,16,28,18,50,0.7,1.1
2024-02-10T2300,2168A,112.4258,39.3197,朔州市,区政府,细颗粒物(PM2.5),98,113,407,73,349,63,,89,82,20,33,21,82,0.6,1.3
2024-02-10T2300,2169A,112.4072,39.3278,朔州市,市环保局,细颗粒物(PM2.5),155,156,325,118,296,48,,96,84,44,34,37,79,1.1,1.3
2024-02-10T2300,2170A,112.4272,39.3681,朔州市,市二中,细颗粒物(PM2.5),67,60,212,48,224,60,,93,87,16,29,16,50,0.6,1
2024-02-10T2300,3571A,112.2931,39.53,朔州市,一水厂,颗粒物(PM10),60,70,130,22,82,94,,102,101,4,14,8,37,0.4,1
2024-02-10T2300,2225A,124.4002,43.1713,四平市,一商场,细颗粒物(PM2.5),69,63,294,50,242,98,,106,102,10,22,6,23,0.4,0.8
2024-02-10T2300,2226A,124.388,43.193,四平市,境园,细颗粒物(PM2.5),75,75,238,55,215,77,,100,92,20,23,9,17,0.5,0.9
2024-02-10T2300,3486A,124.4036,43.1411,四平市,植物园,细颗粒物(PM2.5),102,94,214,76,192,68,,90,86,28,29,5,10,0.6,0.9
2024-02-10T2300,3713A,124.3419,43.1666,四平市,世纪城,细颗粒物(PM2.5),77,70,316,56,313,94,,105,100,6,21,8,27,0.4,0.8
2024-02-10T2300,2233A,124.8006,45.1214,松原市,江南,细颗粒物(PM2.5),55,44,246,39,185,67,,86,76,1,13,8,28,0.4,0.7
2024-02-10T2300,2234A,124.7965,45.1722,松原市,江北,,49,36,185,34,179,74,,85,80,8,18,9,9,0.4,0.9
2024-02-10T2300,1160A,120.561,31.2472,苏州市,上方山,细颗粒物(PM2.5),90,,150,67,128,73,,106,93,6,11,7,9,0.8,1
2024-02-10T2300,1162A,120.591,31.3019,苏州市,彩香,细颗粒物(PM2.5),259,225,227,209,213,2,,99,53,76,29,9,11,1.4,1.2
2024-02-10T2300,1163A,120.596,31.3264,苏州市,轧钢厂,细颗粒物(PM2.5),249,256,257,199,217,4,,103,45,62,33,11,12,1.8,1.3
2024-02-10T2300,1164A,120.613,31.2703,苏州市,吴中区,细颗粒物(PM2.5),186,173,183,140,155,15,,105,69,70,24,10,12,1.1,1
2024-02-10T2300,1165A,120.543,31.2994,苏州市,苏州新区,细颗粒物(PM2.5),207,184,189,157,170,16,,108,67,67,22,8,10,1.2,1
2024-02-10T2300,1166A,120.669,31.3097,苏州市,苏州工业园区,细颗粒物(PM2.5),163,145,186,124,162,37,,105,77,42,17,11,13,0.9,1
2024-02-10T2300,1167A,120.641,31.3708,苏州市,相城区,细颗粒物(PM2.5),165,140,200,125,167,43,,111,84,40,18,11,13,1.0,0.9
2024-02-10T2300,3289A,120.743,31.3188,苏州市,方洲路,细颗粒物(PM2.5),159,148,264,121,200,37,,106,71,29,22,7,10,0.9,1.1
2024-02-10T2300,3290A,120.5031,31.2774,苏州市,木渎中学,细颗粒物(PM2.5),85,78,130,63,128,72,,108,91,14,14,8,12,0.9,1
2024-02-10T2300,3425A,120.624,31.1733,苏州市,越秀幼儿园,细颗粒物(PM2.5),166,,276,126,232,40,,107,83,48,18,8,9,1.1,1
2024-02-10T2300,3431A,120.6505,31.416,苏州市,高铁新城,细颗粒物(PM2.5),114,103,166,86,140,72,,108,92,26,15,9,10,0.8,0.8
2024-02-10T2300,1220A,118.293,33.9528,宿迁市,宿迁学院,细颗粒物(PM2.5),385,416,335,335,273,44,,73,58,47,28,5,7,1.0,0.8
2024-02-10T2300,1221A,118.2442,33.9592,宿迁市,宿迁中学,细颗粒物(PM2.5),462,507,339,442,299,30,,67,49,39,27,8,9,1.3,1.1
2024-02-10T2300,2996A,118.283,33.965,宿迁市,市供电局,细颗粒物(PM2.5),430,444,322,394,283,24,,66,48,39,25,6,8,1.3,1.1
2024-02-10T2300,3191A,118.3225,33.9447,宿迁市,宿豫区政府,细颗粒物(PM2.5),413,410,320,369,283,45,,78,55,50,30,7,8,1.4,1.1
2024-02-10T2300,3187A,116.9509,33.666,宿州市,远航博物馆,细颗粒物(PM2.5),307,308,219,257,186,72,,107,93,27,16,13,12,1.0,0.9
2024-02-10T2300,3463A,116.9708,33.591,宿州市,社会福利中心,细颗粒物(PM2.5),260,274,218,210,180,62,,100,80,23,14,8,8,1.1,0.9
2024-02-10T2300,3634A,116.9884,33.6305,宿州市,宿州学院,细颗粒物(PM2.5),357,414,255,307,193,48,,98,72,37,17,14,12,1.2,1
2024-02-10T2300,3701A,116.9648,33.6252,宿州市,皖北煤电集团,细颗粒物(PM2.5),369,355,226,319,203,44,,98,70,35,18,11,11,1.2,1.1
2024-02-10T2300,2266A,126.9785,46.6365,绥化市,人和东街,细颗粒物(PM2.5),418,425,407,377,353,83,,115,101,37,35,12,29,2.0,1.7
2024-02-10T2300,2267A,126.964,46.6528,绥化市,党政办公中心,细颗粒物(PM2.5),404,374,344,355,324,101,,125,115,30,32,12,19,1.6,1.7
2024-02-10T2300,2451A,113.3583,31.7275,随州市,市委党校,细颗粒物(PM2.5),248,228,214,198,192,32,,76,63,30,13,8,10,1.3,1
2024-02-10T2300,2452A,113.3833,31.6908,随州市,市林业局,细颗粒物(PM2.5),238,208,211,188,194,62,,76,72,14,11,11,10,1.0,1
2024-02-10T2300,2453A,113.3983,31.7308,随州市,市立交桥水厂,细颗粒物(PM2.5),247,217,213,197,194,52,,76,68,18,16,11,12,1.1,1.1
2024-02-10T2300,2527A,105.5453,30.5678,遂宁市,石溪浩,细颗粒物(PM2.5),110,107,176,83,148,27,,92,75,21,13,7,8,0.9,0.9
2024-02-10T2300,2528A,105.5582,30.5232,遂宁市,市监测站,细颗粒物(PM2.5),134,109,161,102,130,8,,91,61,61,28,11,12,0.9,0.9
2024-02-10T2300,2529A,105.5861,30.5366,遂宁市,行政中心,细颗粒物(PM2.5),122,92,171,92,139,50,,94,76,25,17,8,10,0.9,0.9
2024-02-10T2300,2530A,105.5918,30.4728,遂宁市,美宁食品公司,细颗粒物(PM2.5),105,117,151,79,116,6,,91,57,46,17,9,9,1.0,0.8
2024-02-10T2300,2706A,82.9994,46.7432,塔城地区,东门外小游园,,30,,35,21,25,33,,49,41,6,7,4,4,0.9,0.2
2024-02-10T2300,1255A,121.273,28.6459,台州市,黄岩环保大楼,细颗粒物(PM2.5),109,98,131,82,113,57,,99,82,12,12,6,10,0.6,0.7
2024-02-10T2300,1256A,121.419,28.6542,台州市,台州环保大楼,细颗粒物(PM2.5),110,101,215,83,189,86,,104,100,8,11,6,10,0.5,0.7
2024-02-10T2300,1257A,121.377,28.5773,台州市,路桥田洋王,细颗粒物(PM2.5),102,81,180,76,171,65,,99,82,17,18,8,14,0.7,0.8
2024-02-10T2300,3564A,121.2568,28.6681,台州市,台州科技职业学院,细颗粒物(PM2.5),99,91,164,74,141,63,,101,92,18,14,6,10,0.5,0.6
2024-02-10T2300,1081A,112.522,37.8873,太原市,尖草坪,细颗粒物(PM2.5),97,142,371,72,292,60,,84,80,29,34,15,30,0.4,0.6
2024-02-10T2300,1083A,112.434,38.0108,太原市,上兰,,,,,,,,,,,,,,,,
2024-02-10T2300,1084A,112.469,37.7124,太原市,晋源,颗粒物(PM10),103,155,392,59,327,42,,80,67,34,44,14,32,0.7,1.4
2024-02-10T2300,1085A,112.5583,37.7394,太原市,小店,细颗粒物(PM2.5),123,158,371,93,253,60,,88,82,26,38,12,41,0.6,1.3
2024-02-10T2300,1086A,112.5369,37.8692,太原市,桃园,细颗粒物(PM2.5),139,191,505,106,367,66,,86,81,21,36,13,37,0.4,0.7
2024-02-10T2300,1087A,112.57,37.8195,太原市,坞城,细颗粒物(PM2.5),100,134,474,75,402,62,,85,78,25,38,13,47,0.5,0.9
2024-02-10T2300,1088A,112.549,37.9854,太原市,南寨,颗粒物(PM10),84,117,199,36,121,81,,88,84,11,22,10,11,0.8,1.1
2024-02-10T2300,3618A,112.4719,37.7831,太原市,金胜,颗粒物(PM10),64,78,175,34,102,73,,85,80,8,18,7,17,0.3,0.7
2024-02-10T2300,4010A,112.5608,37.8807,太原市,育英中学,颗粒物(PM10),75,99,462,54,368,84,,88,86,13,35,13,43,0.5,0.9
2024-02-10T2300,1656A,117.1437,36.1937,泰安市,监测站,细颗粒物(PM2.5),195,178,408,146,316,46,,110,75,40,43,28,29,1.2,1.8
2024-02-10T2300,1657A,117.0885,36.2017,泰安市,人口学校,细颗粒物(PM2.5),137,146,272,104,400,47,,105,74,32,42,18,25,1.0,1.7
2024-02-10T2300,1658A,117.1089,36.1758,泰安市,电力学校,细颗粒物(PM2.5),168,217,662,127,534,23,,111,70,78,56,39,35,1.0,1.8
2024-02-10T2300,3502A,117.1812,36.2275,泰安市,国网新校,细颗粒物(PM2.5),140,127,190,107,160,58,,128,99,28,20,18,19,1.2,1.5
2024-02-10T2300,3503A,117.0313,36.2018,泰安市,交通技校,细颗粒物(PM2.5),100,95,288,75,261,74,,118,96,14,25,11,14,0.8,1.2
2024-02-10T2300,3504A,117.0829,36.13,泰安市,山东第一医科大学,细颗粒物(PM2.5),98,102,348,73,301,77,,119,98,18,32,25,25,0.7,1.3
2024-02-10T2300,1206A,119.905,32.4878,泰州市,公园路,细颗粒物(PM2.5),175,163,199,132,159,73,,110,92,24,26,10,14,1.1,1.2
2024-02-10T2300,1207A,119.9189,32.4625,泰州市,莲花,细颗粒物(PM2.5),153,144,165,117,136,82,,113,99,20,27,9,13,0.9,1.1
2024-02-10T2300,1209A,119.888,32.4639,泰州市,留学生创业园,细颗粒物(PM2.5),162,172,201,123,149,75,,113,95,19,23,9,14,1.0,1.2
2024-02-10T2300,2997A,119.8767,32.3289,泰州市,王营,细颗粒物(PM2.5),163,173,170,124,147,82,,103,79,22,32,11,16,0.9,1.2
2024-02-10T2300,3295A,120.1259,32.5099,泰州市,姜堰区政府广场,细颗粒物(PM2.5),203,174,241,153,214,82,,118,104,19,22,15,18,1.0,1.2
2024-02-10T2300,3435A,119.9192,32.4322,泰州市,周山河街区,细颗粒物(PM2.5),150,143,185,115,154,88,,112,99,19,29,10,14,0.9,1.2
2024-02-10T2300,1037A,118.131,39.6363,唐山市,雷达站,细颗粒物(PM2.5),138,128,104,105,82,65,,95,83,24,16,11,9,1.2,0.8
2024-02-10T2300,1038A,118.1725,39.6334,唐山市,物资局,细颗粒物(PM2.5),142,122,83,108,64,60,,96,80,29,12,12,9,1.5,0.8
2024-02-10T2300,1040A,118.1705,39.6506,唐山市,十二中,细颗粒物(PM2.5),107,118,81,80,57,73,,97,86,14,6,12,9,1.4,0.7
2024-02-10T2300,1041A,118.1869,39.622,唐山市,小山,细颗粒物(PM2.5),138,123,82,105,56,64,,96,78,22,12,12,9,1.4,0.8
2024-02-10T2300,3457A,118.4359,39.2762,唐山市,冀东油田职工医院,细颗粒物(PM2.5),92,,149,68,134,86,,99,89,16,17,8,17,0.9,1.3
2024-02-10T2300,3575A,118.09279,39.58089,唐山市,正泰大街热力站,细颗粒物(PM2.5),142,142,114,108,88,65,,97,84,20,11,8,9,1.5,0.9
2024-02-10T2300,3576A,118.1562,39.8322,唐山市,丰润区政府,细颗粒物(PM2.5),203,186,84,153,63,50,,94,75,26,11,10,8,1.2,0.7
2024-02-10T2300,3577A,118.43673,39.73809,唐山市,金山小学,细颗粒物(PM2.5),183,177,167,138,121,35,,87,66,42,25,8,15,1.4,1.5
2024-02-10T2300,3578A,118.24498,39.66941,唐山市,政府服务中心,细颗粒物(PM2.5),145,,73,111,56,60,,93,82,22,8,13,10,1.3,0.8
2024-02-10T2300,3692A,118.2059,39.6585,唐山市,消防缸窑路中队,细颗粒物(PM2.5),93,98,76,69,50,73,,94,85,13,9,11,7,1.4,0.7
2024-02-10T2300,3693A,118.1436,39.6202,唐山市,路南电大,细颗粒物(PM2.5),124,109,95,94,73,66,,93,81,20,14,9,9,1.3,0.8
2024-02-10T2300,1015A,117.1444,39.1661,天津市,勤俭道,细颗粒物(PM2.5),168,166,68,127,49,65,,87,78,22,11,18,12,0.6,0.6
2024-02-10T2300,1017A,117.237,39.1082,天津市,大直沽八号路,细颗粒物(PM2.5),159,168,83,121,53,63,,83,76,25,14,16,11,0.7,0.5
2024-02-10T2300,1018A,117.202,39.0927,天津市,前进道,细颗粒物(PM2.5),143,142,58,109,40,53,,83,74,33,14,18,10,0.7,0.3
2024-02-10T2300,1019A,117.1837,39.2133,天津市,淮河道,细颗粒物(PM2.5),148,146,71,113,53,77,,94,82,20,12,11,11,0.5,0.5
2024-02-10T2300,1021A,117.307,39.0877,天津市,跃进路,细颗粒物(PM2.5),213,206,86,163,62,67,,96,85,22,11,16,12,1.1,0.7
2024-02-10T2300,1023A,117.707,39.0343,天津市,第四大街,细颗粒物(PM2.5),186,176,92,140,68,72,,88,83,23,16,7,11,1.2,0.7
2024-02-10T2300,1024A,117.457,38.8394,天津市,永明路,细颗粒物(PM2.5),192,164,90,144,70,58,,93,82,26,14,11,17,1.5,0.8
2024-02-10T2300,1026A,117.764,39.1587,天津市,汉北路,细颗粒物(PM2.5),149,160,89,114,54,65,,93,80,23,14,11,14,2.2,0.8
2024-02-10T2300,1027A,117.157,38.9194,天津市,团泊洼,细颗粒物(PM2.5),138,125,59,105,46,85,,95,94,18,13,10,10,1.2,0.8
2024-02-10T2300,2858A,117.7918,39.2474,天津市,河西一经路,细颗粒物(PM2.5),160,148,127,122,96,75,,98,88,19,14,15,23,1.8,1
2024-02-10T2300,2859A,117.3747,38.9846,天津市,津沽路,细颗粒物(PM2.5),163,152,84,124,61,67,,86,79,20,13,9,12,1.1,0.7
2024-02-10T2300,2860A,117.1589,39.0845,天津市,宾水西道,细颗粒物(PM2.5),147,158,60,112,41,56,,85,76,30,14,13,7,0.8,0.5
2024-02-10T2300,2922A,117.1941,39.1067,天津市,大理道,细颗粒物(PM2.5),132,134,59,100,43,61,,90,80,28,12,15,9,0.7,0.4
2024-02-10T2300,3020A,117.2101,39.1699,天津市,中山北路,细颗粒物(PM2.5),138,132,56,105,43,69,,87,79,25,17,14,10,0.5,0.4
2024-02-10T2300,3051A,117.3876,39.1488,天津市,西四道,细颗粒物(PM2.5),137,134,59,104,39,59,,94,83,28,6,12,8,1.1,0.6
2024-02-10T2300,3325A,117.0365,39.3828,天津市,雍阳西道,细颗粒物(PM2.5),88,92,54,65,35,82,,95,88,13,8,6,5,0.4,0.3
2024-02-10T2300,3326A,117.0296,39.0605,天津市,辛老路,细颗粒物(PM2.5),108,120,56,81,36,64,,85,75,22,13,14,9,0.6,0.4
2024-02-10T2300,3327A,116.9638,38.9375,天津市,地纬路,细颗粒物(PM2.5),188,178,92,141,69,58,,88,74,21,9,11,10,0.8,0.4
2024-02-10T2300,3460A,117.4067,40.0583,天津市,北环路,细颗粒物(PM2.5),63,65,40,45,27,61,,82,72,10,8,5,7,0.4,0.3
2024-02-10T2300,3461A,117.3045,39.7169,天津市,建设路,细颗粒物(PM2.5),104,105,60,78,40,64,,90,78,19,9,9,8,0.3,0.3
2024-02-10T2300,3462A,117.8199,39.3521,天津市,滨水东路,细颗粒物(PM2.5),148,153,116,113,85,83,,106,94,22,15,9,13,1.1,0.7
2024-02-10T2300,2649A,106.0055,34.343,天水市,麦积山,,,,,,,,,,,,,,,,
2024-02-10T2300,2650A,105.7205,34.5786,天水市,公园小学,颗粒物(PM10),102,153,101,73,40,41,,74,,17,14,19,19,0.8,0.6
2024-02-10T2300,2651A,105.8945,34.5538,天水市,麦积国土局,,,,269,,209,,,35,,,34,,46,,1.3
2024-02-10T2300,2216A,123.8139,42.3022,铁岭市,汇工街西,细颗粒物(PM2.5),90,95,447,67,341,51,,89,71,36,42,18,37,0.8,1.4
2024-02-10T2300,2217A,123.8649,42.2923,铁岭市,水上乐园,细颗粒物(PM2.5),113,97,261,85,204,75,,89,85,18,26,9,15,0.8,1
2024-02-10T2300,2218A,123.8486,42.2867,铁岭市,银州路东段,细颗粒物(PM2.5),127,101,303,96,261,69,,89,83,20,27,9,16,0.9,1.1
2024-02-10T2300,2219A,123.7153,42.2217,铁岭市,金沙江路北,细颗粒物(PM2.5),82,74,331,60,323,72,,93,86,23,36,16,13,0.5,1.1
2024-02-10T2300,2229A,125.9358,41.7173,通化市,光明,细颗粒物(PM2.5),189,182,362,142,299,46,,81,61,28,38,15,37,1.2,0.9
2024-02-10T2300,2230A,125.9446,41.7325,通化市,铁路,细颗粒物(PM2.5),94,91,290,70,239,47,,88,68,25,34,19,31,1.1,1.1
2024-02-10T2300,2191A,122.2532,43.6801,通辽市,艺术职业学校,颗粒物(PM10),55,59,57,17,32,79,,84,69,13,18,11,19,0.6,0.5
2024-02-10T2300,3706A,122.2584,43.6333,通辽市,老干部活动中心,,50,50,85,23,53,74,,78,74,15,21,11,15,0,0.1
2024-02-10T2300,3708A,122.2922,43.6189,通辽市,东方明珠社区,细颗粒物(PM2.5),63,71,119,45,81,71,,80,65,18,24,10,18,0.4,0.5
2024-02-10T2300,1922A,109.0656,35.0994,铜川市,党校,颗粒物(PM10),52,54,90,28,29,58,,92,76,7,8,7,7,0.4,0.4
2024-02-10T2300,1923A,109.0697,35.0697,铜川市,王益区政府,颗粒物(PM10),63,76,133,39,50,27,,90,57,30,24,8,7,0.8,0.6
2024-02-10T2300,1924A,108.9344,34.9058,铜川市,新区管委会,颗粒物(PM10),54,57,116,26,38,59,,86,72,13,12,7,9,0.3,0.4
2024-02-10T2300,3651A,108.9543,34.8732,铜川市,旺旺集团,颗粒物(PM10),61,72,127,31,48,61,,88,77,13,11,22,23,0.2,0.2
2024-02-10T2300,2285A,117.8177,30.9412,铜陵市,市第四中学,细颗粒物(PM2.5),95,99,136,71,110,70,,96,81,14,14,16,23,0.8,1
2024-02-10T2300,2286A,117.8059,30.9273,铜陵市,市公路局,细颗粒物(PM2.5),83,76,135,61,114,66,,88,72,14,16,8,12,0.7,0.9
2024-02-10T2300,2287A,117.7807,30.9413,铜陵市,市新民污水厂,细颗粒物(PM2.5),75,74,142,55,90,69,,100,88,29,22,42,37,0.6,0.8
2024-02-10T2300,2288A,117.7439,30.8792,铜陵市,市第九中学,细颗粒物(PM2.5),87,86,144,64,117,67,,98,84,20,21,5,14,0.6,0.8
2024-02-10T2300,2289A,117.846,30.9413,铜陵市,车站新区,颗粒物(PM10),75,99,118,53,85,77,,94,82,14,17,6,6,0.5,0.7
2024-02-10T2300,2290A,117.8483,30.97,铜陵市,市职教基地,细颗粒物(PM2.5),78,81,118,57,88,69,,88,81,19,15,6,7,0.6,0.8
2024-02-10T2300,2585A,109.1839,27.7344,铜仁市,铜仁卫校,细颗粒物(PM2.5),155,151,171,118,134,13,,47,36,22,16,6,10,0.9,0.9
2024-02-10T2300,2586A,109.1753,27.6944,铜仁市,铜仁七中,细颗粒物(PM2.5),223,,108,173,110,26,,55,42,11,9,6,7,0.7,0.8
2024-02-10T2300,2686A,89.1904,42.9418,吐鲁番市,市环保局,细颗粒物(PM2.5),147,236,194,112,90,22,,100,84,101,46,8,15,2.5,1.6
2024-02-10T2300,2687A,89.1673,42.9559,吐鲁番市,地区环保局,颗粒物(PM10),140,229,172,93,80,48,,103,90,49,36,7,12,1.7,1.3
2024-02-10T2300,1662A,122.1214,37.4236,威海市,华夏技校,细颗粒物(PM2.5),78,73,117,57,106,78,,97,85,28,23,5,5,0.5,0.7
2024-02-10T2300,1663A,122.0508,37.5236,威海市,山大分校,细颗粒物(PM2.5),123,115,150,93,129,66,,96,91,20,18,7,9,0.6,0.8
2024-02-10T2300,1664A,122.1067,37.5072,威海市,市监测站,细颗粒物(PM2.5),85,81,131,63,116,69,,92,85,21,21,7,7,0.6,0.8
2024-02-10T2300,1982A,122.0693,37.2174,威海市,文登开发区,细颗粒物(PM2.5),125,109,203,95,178,54,,110,84,26,24,8,10,1.1,1.4
2024-02-10T2300,3505A,122.1379,37.3414,威海市,临港区管委会,细颗粒物(PM2.5),90,80,135,67,114,76,,104,87,18,23,5,8,0.6,0.9
2024-02-10T2300,1650A,119.1437,36.7023,潍坊市,环保局,细颗粒物(PM2.5),217,200,362,167,235,66,,100,87,32,41,10,29,1.7,1.7
2024-02-10T2300,2877A,119.1641,36.6523,潍坊市,坊子邮政,细颗粒物(PM2.5),257,219,293,207,325,58,,100,81,30,35,10,23,1.7,1.5
2024-02-10T2300,3178A,119.0587,36.721,潍坊市,潍坊七中,细颗粒物(PM2.5),240,224,270,190,231,54,,90,71,30,32,7,25,1.7,1.6
2024-02-10T2300,3368A,119.1977,36.6872,潍坊市,高新实验学校,细颗粒物(PM2.5),223,,,173,288,65,,94,77,24,35,7,20,1.4,1.4
2024-02-10T2300,3416A,119.1755,36.7149,潍坊市,潍坊学院,细颗粒物(PM2.5),236,217,228,186,241,68,,93,80,27,32,8,28,1.7,1.6
2024-02-10T2300,3861A,119.2041,36.7699,潍坊市,寒亭区实验一小,细颗粒物(PM2.5),250,237,311,200,253,71,,98,86,29,37,10,31,1.6,1.7
2024-02-10T2300,1938A,109.5293,34.5101,渭南市,农科所,,,,,,,,,,,,,,,,
2024-02-10T2300,1939A,109.4974,34.4877,渭南市,日报社,颗粒物(PM10),78,105,159,46,77,46,,83,65,29,29,7,12,0.4,0.6
2024-02-10T2300,1940A,109.4636,34.493,渭南市,体育馆,颗粒物(PM10),78,105,168,29,76,66,,88,76,14,22,5,11,0.4,0.5
2024-02-10T2300,1941A,109.4259,34.5023,渭南市,高新一小,颗粒物(PM10),98,145,190,56,102,31,,88,70,39,19,10,15,0.6,0.4
2024-02-10T2300,1242A,120.634,28.0089,温州市,瓯海,细颗粒物(PM2.5),80,66,84,59,75,68,,92,85,17,15,8,8,0.6,0.6
2024-02-10T2300,1243A,120.6748,27.9939,温州市,南浦,细颗粒物(PM2.5),104,88,93,78,86,74,,97,93,17,13,7,7,0.7,0.7
2024-02-10T2300,1244A,120.76,27.9747,温州市,龙湾,细颗粒物(PM2.5),80,81,93,59,72,46,,100,84,22,13,6,6,0.6,0.7
2024-02-10T2300,1245A,120.6709,28.0167,温州市,市站,细颗粒物(PM2.5),93,84,109,69,99,67,,92,87,22,19,8,9,0.8,0.8
2024-02-10T2300,3561A,120.6985,27.9251,温州市,茶山,细颗粒物(PM2.5),75,57,77,55,73,54,,99,82,7,8,4,5,0.5,0.6
2024-02-10T2300,2610A,104.2533,23.3594,文山壮族苗族自治州,州水务局,细颗粒物(PM2.5),170,138,57,129,48,37,,71,58,14,8,5,9,0.9,0.8
2024-02-10T2300,2611A,104.2319,23.3892,文山壮族苗族自治州,市便民服务中心,细颗粒物(PM2.5),128,97,50,97,42,31,,67,55,15,11,6,10,0.9,0.8
2024-02-10T2300,2187A,106.8174,39.6973,乌海市,市林业局,细颗粒物(PM2.5),143,142,163,109,61,58,,96,78,27,12,15,13,0.7,0.6
2024-02-10T2300,2188A,106.7907,39.6667,乌海市,中海勃湾学校,细颗粒物(PM2.5),140,158,157,107,53,13,,96,66,68,16,30,14,1.2,0.6
2024-02-10T2300,3284A,106.813,39.7274,乌海市,海北新区,,48,48,146,9,32,39,,94,69,37,15,17,16,0.5,0.4
2024-02-10T2300,3621A,106.8288,39.6778,乌海市,聚英学校,细颗粒物(PM2.5),94,114,215,70,80,42,,92,68,35,14,18,21,0.6,0.4
2024-02-10T2300,2197A,113.1306,40.9923,乌兰察布市,集宁新区,细颗粒物(PM2.5),78,78,200,57,168,92,,96,96,12,46,9,61,0.6,1.6
2024-02-10T2300,3034A,113.1076,41.0385,乌兰察布市,光明街小学,细颗粒物(PM2.5),72,68,60,52,45,91,,95,94,17,42,9,39,0.6,1
2024-02-10T2300,3285A,113.1376,40.9509,乌兰察布市,北京八中,细颗粒物(PM2.5),125,106,645,95,580,93,,93,93,12,39,1,35,0.9,2
2024-02-10T2300,3421A,113.1775,40.9779,乌兰察布市,市委党校,细颗粒物(PM2.5),75,82,409,55,328,96,,98,98,12,33,11,29,0.7,1.3
2024-02-10T2300,1490A,87.5801,43.8303,乌鲁木齐市,监测站,细颗粒物(PM2.5),231,195,449,181,300,6,,92,61,114,72,4,10,1.7,2.2
2024-02-10T2300,1491A,87.6046,43.768,乌鲁木齐市,收费所,细颗粒物(PM2.5),190,177,484,143,411,4,,55,37,110,84,8,11,2.4,2.3
2024-02-10T2300,1492A,87.4754,43.9469,乌鲁木齐市,新疆农科院农场,细颗粒物(PM2.5),277,,247,227,255,90,,110,102,31,42,4,5,1.9,1.8
2024-02-10T2300,1493A,87.5525,43.8711,乌鲁木齐市,铁路局,细颗粒物(PM2.5),336,333,373,286,305,1,,98,62,131,70,7,9,1.8,1.9
2024-02-10T2300,1494A,87.6432,43.831,乌鲁木齐市,三十一中学,细颗粒物(PM2.5),208,204,412,158,334,45,,62,60,64,69,11,15,1.9,2.3
2024-02-10T2300,1496A,87.7216,44.1747,乌鲁木齐市,米东区环保局,细颗粒物(PM2.5),300,270,329,250,300,111,,121,121,30,33,7,10,1.8,1.9
2024-02-10T2300,3033A,87.4651,43.4569,乌鲁木齐市,培训基地,,35,,30,24,17,75,,85,80,8,10,4,6,0.5,0.6
2024-02-10T2300,3437A,88.3118,43.3658,乌鲁木齐市,达坂城区环保局,颗粒物(PM10),70,90,72,36,29,97,,100,100,13,12,8,7,0.5,0.4
2024-02-10T2300,3438A,87.6162,43.8801,乌鲁木齐市,红光山片区,细颗粒物(PM2.5),277,246,370,227,323,16,,77,59,111,73,7,7,2.0,2.1
2024-02-10T2300,3439A,87.7024,43.8004,乌鲁木齐市,新师大温泉校区,细颗粒物(PM2.5),211,213,347,161,270,73,,90,82,44,52,7,10,1.5,1.9
2024-02-10T2300,3440A,87.4921,43.8411,乌鲁木齐市,大绿谷,细颗粒物(PM2.5),212,212,304,162,228,1,,106,77,116,60,7,5,1.7,2.2
2024-02-10T2300,1188A,120.269,31.4867,无锡市,雪浪,细颗粒物(PM2.5),122,105,105,92,89,75,,108,94,18,11,7,8,0.8,0.9
2024-02-10T2300,1189A,120.275,31.6219,无锡市,黄巷,细颗粒物(PM2.5),149,139,106,114,86,67,,110,88,30,17,9,10,0.9,1
2024-02-10T2300,1190A,120.294,31.56,无锡市,曹张,细颗粒物(PM2.5),208,248,157,158,115,38,,103,62,57,28,14,13,1.1,1.1
2024-02-10T2300,1191A,120.242,31.5031,无锡市,漆塘,细颗粒物(PM2.5),67,61,103,48,88,66,,98,75,12,13,10,12,0.9,1
2024-02-10T2300,1192A,120.3489,31.5863,无锡市,东亭,细颗粒物(PM2.5),188,168,130,141,113,37,,102,70,57,25,8,9,1.3,1.1
2024-02-10T2300,1193A,120.354,31.5475,无锡市,旺庄,细颗粒物(PM2.5),199,168,141,149,125,30,,104,75,61,24,6,7,1.0,1
2024-02-10T2300,1194A,120.245,31.5631,无锡市,荣巷,细颗粒物(PM2.5),83,68,100,61,96,81,,104,83,25,22,9,10,0.7,0.8
2024-02-10T2300,1195A,120.299,31.6817,无锡市,堰桥,细颗粒物(PM2.5),168,151,128,127,105,32,,107,72,59,20,4,6,1.0,1
2024-02-10T2300,3428A,120.3142,31.4753,无锡市,华庄,细颗粒物(PM2.5),166,145,151,126,128,60,,110,94,30,15,12,11,0.7,0.7
2024-02-10T2300,2677A,106.1532,37.9648,吴忠市,教育园区,颗粒物(PM10),95,140,241,65,43,32,,92,63,35,14,16,11,1.0,0.4
2024-02-10T2300,2679A,106.1856,37.9956,吴忠市,新区二泵站,颗粒物(PM10),96,142,237,69,55,44,,90,67,29,12,11,10,0.6,0.4
2024-02-10T2300,3648A,106.2112,37.9768,吴忠市,文卫南街,颗粒物(PM10),92,134,202,55,50,42,,86,67,25,12,12,12,0.5,0.3
2024-02-10T2300,1794A,118.3606,31.3519,芜湖市,监测站,细颗粒物(PM2.5),155,169,128,118,101,37,,101,77,54,25,12,16,0.7,1.1
2024-02-10T2300,1795A,118.3714,31.4134,芜湖市,科创中心,细颗粒物(PM2.5),145,132,130,111,103,45,,103,64,54,34,12,16,0.8,1.1
2024-02-10T2300,1796A,118.3673,31.3131,芜湖市,四水厂,细颗粒物(PM2.5),155,145,124,118,102,34,,94,67,71,39,10,15,0.7,0.9
2024-02-10T2300,3328A,118.4209,31.3707,芜湖市,市气象局,细颗粒物(PM2.5),170,144,138,129,131,55,,97,77,38,27,14,17,0.6,1
2024-02-10T2300,3465A,118.4781,31.3225,芜湖市,清苑社区,细颗粒物(PM2.5),266,256,223,216,188,33,,106,70,44,22,12,17,0.9,1.1
2024-02-10T2300,3466A,118.2746,31.2326,芜湖市,扬子职业技术学院,细颗粒物(PM2.5),130,127,99,99,80,62,,108,88,32,21,16,13,1.0,0.8
2024-02-10T2300,2495A,111.3014,23.4832,梧州市,市逸夫小学,细颗粒物(PM2.5),127,144,129,96,93,23,,79,49,17,11,9,16,0.9,0.9
2024-02-10T2300,2496A,111.3239,23.4794,梧州市,市十一中,细颗粒物(PM2.5),82,76,102,60,85,21,,72,54,22,14,7,10,0.9,0.9
2024-02-10T2300,2497A,111.247,23.4189,梧州市,龙圩,细颗粒物(PM2.5),189,226,132,142,106,14,,77,51,22,10,9,12,1.3,1.1
2024-02-10T2300,2498A,111.2711,23.4835,梧州市,龙新,颗粒物(PM10),71,91,87,49,74,18,,75,46,19,11,6,8,1.0,0.9
2024-02-10T2300,2711A,87.5475,44.1756,五家渠市,农水大厦,细颗粒物(PM2.5),292,287,348,242,283,98,,101,101,28,30,9,12,2.0,2.1
2024-02-10T2300,3441A,87.546,44.1912,五家渠市,经开区管委会,细颗粒物(PM2.5),286,267,317,236,288,103,,105,105,24,28,15,13,2.1,2.3
2024-02-10T2300,1325A,114.3677,30.5584,武汉市,东湖梨园,细颗粒物(PM2.5),170,,136,129,127,43,,100,80,36,24,7,9,0.8,0.8
2024-02-10T2300,1326A,114.2529,30.558,武汉市,汉阳月湖,细颗粒物(PM2.5),203,175,120,153,107,24,,95,70,48,30,7,8,1.2,0.9
2024-02-10T2300,1327A,114.282,30.6189,武汉市,汉口花桥,细颗粒物(PM2.5),170,147,110,129,105,30,,92,67,56,30,7,8,1.2,1.1
2024-02-10T2300,1328A,114.3025,30.5332,武汉市,武昌紫阳,细颗粒物(PM2.5),137,115,112,104,105,36,,103,70,54,32,10,11,1.0,0.9
2024-02-10T2300,1329A,114.3646,30.6217,武汉市,青山钢花,细颗粒物(PM2.5),175,176,177,132,169,56,,100,71,30,31,9,10,1.0,1.1
2024-02-10T2300,1330A,114.1566,30.4825,武汉市,沌口新区,细颗粒物(PM2.5),134,115,111,102,100,54,,100,79,26,18,9,10,1.0,1
2024-02-10T2300,1331A,114.3014,30.5944,武汉市,汉口江滩,细颗粒物(PM2.5),189,169,113,142,105,31,,85,53,40,34,9,11,1.0,1
2024-02-10T2300,1333A,114.135,30.6319,武汉市,吴家山,细颗粒物(PM2.5),209,210,117,159,108,53,,101,76,39,25,10,11,1.0,0.9
2024-02-10T2300,1334A,113.8454,30.2917,武汉市,沉湖七壕,细颗粒物(PM2.5),114,109,108,86,89,60,,102,86,13,14,7,8,1.0,1
2024-02-10T2300,3153A,114.3877,30.4908,武汉市,民族大道182号,细颗粒物(PM2.5),143,115,123,109,118,62,,102,85,37,26,9,11,1.0,0.9
2024-02-10T2300,2652A,102.6201,37.9251,武威市,监测站,细颗粒物(PM2.5),114,144,149,86,64,27,,78,58,26,15,8,9,0.8,0.6
2024-02-10T2300,3201A,102.6486,37.9325,武威市,东关招商场,细颗粒物(PM2.5),138,149,174,105,81,21,,78,60,31,14,7,10,1.0,0.6
2024-02-10T2300,1462A,108.882,34.2749,西安市,高压开关厂,颗粒物(PM10),146,241,357,87,221,11,,93,68,77,32,15,22,0.7,0.8
2024-02-10T2300,1463A,108.993,34.2629,西安市,兴庆小区,颗粒物(PM10),137,223,257,86,170,45,,83,68,27,34,11,17,0.7,0.9
2024-02-10T2300,1464A,109.06,34.2572,西安市,纺织城,颗粒物(PM10),124,197,184,90,116,30,,82,60,32,25,7,9,0.6,0.5
2024-02-10T2300,1465A,108.9356,34.2173,西安市,小寨,颗粒物(PM10),116,182,255,82,200,9,,90,61,70,34,11,17,1.5,1
2024-02-10T2300,1466A,108.954,34.2713,西安市,市人民体育场,颗粒物(PM10),121,192,292,90,189,6,,83,50,86,46,10,10,1.5,1.1
2024-02-10T2300,1467A,108.8922,34.2322,西安市,高新西区,颗粒物(PM10),168,286,323,102,202,10,,90,59,71,30,11,15,1.4,1.2
2024-02-10T2300,1468A,108.935,34.3474,西安市,经开区,颗粒物(PM10),92,133,272,43,208,30,,84,71,38,24,8,14,0.5,0.7
2024-02-10T2300,1469A,108.906,34.1546,西安市,长安区,颗粒物(PM10),130,210,274,87,190,40,,90,74,24,21,13,15,0.6,0.7
2024-02-10T2300,1471A,109.2186,34.3731,西安市,临潼区,颗粒物(PM10),80,109,163,56,101,26,,87,57,52,28,9,14,1.0,0.7
2024-02-10T2300,1472A,108.869,34.378,西安市,草滩,颗粒物(PM10),78,105,223,52,119,53,,89,78,20,24,5,7,0,0.4
2024-02-10T2300,1473A,108.985,34.1978,西安市,曲江文化产业集团,颗粒物(PM10),138,225,313,85,239,52,,90,68,24,30,9,20,0.5,0.7
2024-02-10T2300,1474A,109.051,34.3213,西安市,广运潭,"颗粒物(PM10),细颗粒物(PM2.5)",92,133,188,68,129,51,,87,71,18,21,8,17,0.5,0.6
2024-02-10T2300,3524A,108.6116,34.1164,西安市,文体局,颗粒物(PM10),124,197,225,78,156,39,,86,66,45,29,10,15,0.6,0.8
2024-02-10T2300,3605A,109.09,34.5236,西安市,无线电监控中心,细颗粒物(PM2.5),145,194,262,111,176,45,,89,74,32,23,11,13,0.9,0.8
2024-02-10T2300,1483A,101.524,36.6867,西宁市,第五水厂,,,,,,,,,,,,,,,,
2024-02-10T2300,3055A,101.7775,36.6428,西宁市,城北区政府,细颗粒物(PM2.5),83,80,169,61,47,3,,79,53,60,27,19,36,2.2,1.1
2024-02-10T2300,3629A,101.8305,36.5786,西宁市,世纪职校,,29,28,106,20,73,40,,70,56,19,35,12,28,1.0,1
2024-02-10T2300,3630A,101.7413,36.6397,西宁市,师大城西校区,细颗粒物(PM2.5),90,91,167,67,136,5,,76,41,58,44,18,52,0.9,1.1
2024-02-10T2300,2612A,100.7939,22.0019,西双版纳傣族自治州,景洪市江南,,38,30,85,26,106,42,,45,42,8,12,6,13,0.7,0.7
2024-02-10T2300,2613A,100.8017,22.0225,西双版纳傣族自治州,景洪市江北,细颗粒物(PM2.5),52,52,50,36,35,41,,48,45,10,9,6,9,0.6,0.5
2024-02-10T2300,3606A,108.7108,34.46,西咸新区,北杜,颗粒物(PM10),69,88,160,45,68,53,,90,74,25,17,4,6,0.4,0.5
2024-02-10T2300,3607A,108.7096,34.2956,西咸新区,同德佳苑,,,,241,,167,,,90,86,,20,,7,,0.8
2024-02-10T2300,3608A,108.8558,34.4978,西咸新区,崇文塔,颗粒物(PM10),97,143,252,63,178,48,,86,76,25,24,9,9,0.4,0.7
2024-02-10T2300,2202A,116.1042,43.9317,锡林郭勒盟,市环保监测站,,25,20,53,16,42,80,,83,80,3,4,6,14,0.3,0.3
2024-02-10T2300,2203A,116.0781,43.9311,锡林郭勒盟,市政府,,31,31,87,20,73,83,,86,84,4,8,10,20,0.2,0.3
2024-02-10T2300,1286A,118.1608,24.8169,厦门市,溪东,,,,,,,,,,,,,,,,
2024-02-10T2300,1287A,118.1514,24.4767,厦门市,洪文,细颗粒物(PM2.5),70,71,134,51,102,84,,101,98,7,6,3,5,0.6,0.6
2024-02-10T2300,1288A,118.0661,24.4444,厦门市,鼓浪屿,细颗粒物(PM2.5),67,62,119,48,100,93,,102,101,3,6,4,8,0.1,0.3
2024-02-10T2300,2842A,118.0936,24.5058,厦门市,湖里中学,细颗粒物(PM2.5),74,64,120,54,104,70,,99,94,16,13,1,4,0.8,0.9
2024-02-10T2300,3527A,118.0958,24.5688,厦门市,集美中学,细颗粒物(PM2.5),73,64,125,53,110,89,,103,102,6,9,3,7,0.6,0.7
2024-02-10T2300,3528A,118.1493,24.7245,厦门市,同安二实小,细颗粒物(PM2.5),89,66,133,66,137,71,,96,93,8,9,4,7,0.9,0.9
2024-02-10T2300,2447A,114.3175,29.8142,咸宁市,森林公园,细颗粒物(PM2.5),88,79,59,65,51,96,,95,95,3,3,13,8,0.6,0.6
2024-02-10T2300,2448A,114.3107,29.8454,咸宁市,市发改委,细颗粒物(PM2.5),206,,149,156,132,45,,91,78,20,14,6,7,0.9,0.9
2024-02-10T2300,2449A,114.2936,29.8566,咸宁市,咸安区政府,细颗粒物(PM2.5),133,114,148,101,133,62,,94,84,20,18,11,12,1.0,1
2024-02-10T2300,3655A,114.3375,29.8683,咸宁市,长江产业园,细颗粒物(PM2.5),186,158,134,140,120,39,,95,84,28,16,8,9,0.9,0.8
2024-02-10T2300,1918A,108.7197,34.3956,咸阳市,气象站,,,,,,,,,,,,,,,,
2024-02-10T2300,1919A,108.673,34.3155,咸阳市,实验中学,颗粒物(PM10),121,191,274,71,203,31,,74,61,35,28,10,9,0.9,1.2
2024-02-10T2300,1920A,108.7233,34.3617,咸阳市,师范学院,颗粒物(PM10),82,114,230,33,153,41,,86,74,22,19,7,10,0.7,0.8
2024-02-10T2300,3165A,108.6594,34.2969,咸阳市,两寺渡,颗粒物(PM10),148,245,315,90,212,42,,82,71,22,22,9,8,0.6,1
2024-02-10T2300,3525A,108.6396,34.4078,咸阳市,奥体中心,细颗粒物(PM2.5),112,128,186,84,88,51,,88,80,22,12,8,8,0.8,0.7
2024-02-10T2300,1508A,112.9433,27.8614,湘潭市,板塘,细颗粒物(PM2.5),128,105,174,97,151,67,,81,79,22,22,11,12,1.1,1.1
2024-02-10T2300,1511A,112.9118,27.8403,湘潭市,市监测站,细颗粒物(PM2.5),132,127,185,100,203,72,,80,78,16,21,10,11,1.2,1.4
2024-02-10T2300,1512A,112.8937,27.8728,湘潭市,江麓,细颗粒物(PM2.5),153,138,319,117,267,68,,85,81,19,23,19,24,1.1,1.5
2024-02-10T2300,1513A,112.9227,27.8159,湘潭市,岳塘,细颗粒物(PM2.5),179,174,266,135,214,52,,91,84,25,17,5,10,1.0,1
2024-02-10T2300,1514A,112.9074,27.9119,湘潭市,科大,细颗粒物(PM2.5),140,137,312,107,262,80,,94,93,17,29,9,18,1.0,1.6
2024-02-10T2300,1562A,113.0048,27.9153,湘潭市,昭山,细颗粒物(PM2.5),114,95,186,86,171,80,,69,,8,11,8,11,0.6,0.8
2024-02-10T2300,1564A,112.4876,27.9164,湘潭市,韶山,细颗粒物(PM2.5),134,175,288,102,160,28,,67,49,11,20,5,13,0.7,0.9
2024-02-10T2300,2492A,109.6414,28.2558,湘西土家族苗族自治州,跃进水库,细颗粒物(PM2.5),88,,64,65,62,0,,24,14,3,2,7,7,0.8,0.9
2024-02-10T2300,2493A,109.7325,28.3169,湘西土家族苗族自治州,州政府,细颗粒物(PM2.5),153,155,134,117,112,4,,45,32,15,11,9,11,0.9,0.7
2024-02-10T2300,2494A,109.6958,28.2675,湘西土家族苗族自治州,吉首市计生局,细颗粒物(PM2.5),127,108,144,96,117,9,,43,33,16,12,5,7,0.9,0.9
2024-02-10T2300,2432A,112.155,32.0197,襄阳市,襄城运动路,细颗粒物(PM2.5),255,244,178,205,144,50,,85,70,20,17,12,16,1.3,1.2
2024-02-10T2300,2433A,112.1392,32.0564,襄阳市,樊城新华路,细颗粒物(PM2.5),247,197,152,197,137,49,,79,68,28,23,10,13,0.9,0.9
2024-02-10T2300,2434A,112.1825,32.1142,襄阳市,高新管委会,细颗粒物(PM2.5),254,241,163,204,144,44,,78,67,20,11,10,13,1.1,1.3
2024-02-10T2300,2435A,112.2106,32.0903,襄阳市,襄州航空路,,,,156,,138,39,,82,67,24,17,10,13,1.4,1.2
2024-02-10T2300,3396A,112.0828,32.0067,襄阳市,襄城隆中路,细颗粒物(PM2.5),222,214,177,172,154,62,,75,71,15,13,11,13,1.3,1.3
2024-02-10T2300,3397A,112.1214,32.1008,襄阳市,高新台子湾,细颗粒物(PM2.5),221,221,166,171,141,35,,84,70,37,20,12,15,1.1,1
2024-02-10T2300,2443A,113.9153,30.9285,孝感市,文化路,细颗粒物(PM2.5),285,320,203,235,172,19,,84,48,54,22,9,11,1.8,1.3
2024-02-10T2300,2444A,113.942,30.9075,孝感市,东城区,细颗粒物(PM2.5),252,284,196,202,155,41,,87,65,36,22,9,12,1.3,1.1
2024-02-10T2300,2181A,112.7383,38.4519,忻州市,开发区,细颗粒物(PM2.5),125,148,188,95,140,59,,96,82,21,23,10,19,0.6,0.9
2024-02-10T2300,2182A,112.7003,38.4928,忻州市,会展中心,细颗粒物(PM2.5),137,142,193,104,149,53,,89,79,17,19,12,16,0.5,0.9
2024-02-10T2300,3208A,112.7283,38.4153,忻州市,市政府,颗粒物(PM10),72,94,177,45,120,77,,93,85,10,22,11,26,0.7,1.1
2024-02-10T2300,2389A,113.836,35.311,新乡市,环保西院,细颗粒物(PM2.5),312,295,488,262,369,49,,87,75,31,30,14,58,1.4,1.5
2024-02-10T2300,2390A,113.884,35.272,新乡市,开发区,细颗粒物(PM2.5),377,,296,327,298,39,,98,76,44,27,18,41,1.5,1.3
2024-02-10T2300,2391A,113.883,35.303,新乡市,环保东院,细颗粒物(PM2.5),468,468,358,452,321,44,,91,73,52,43,21,48,1.5,1.4
2024-02-10T2300,3054A,113.9194,35.2847,新乡市,市委党校,细颗粒物(PM2.5),335,327,297,285,262,71,,104,87,25,21,14,28,1.3,1.1
2024-02-10T2300,3475A,113.9188,35.3045,新乡市,市政府,细颗粒物(PM2.5),308,305,404,258,343,56,,100,75,31,32,14,32,1.4,1.2
2024-02-10T2300,3476A,113.9135,35.3327,新乡市,河师大,细颗粒物(PM2.5),282,334,447,232,339,74,,102,91,25,32,14,45,1.5,1.5
2024-02-10T2300,3689A,113.9003,35.372,新乡市,行政服务中心,细颗粒物(PM2.5),277,240,388,227,352,61,,100,88,18,27,12,52,1.2,1.2
2024-02-10T2300,2352A,115.0861,27.9317,新余市,北岗,细颗粒物(PM2.5),95,72,114,71,102,29,,85,65,9,9,3,20,1.0,1
2024-02-10T2300,2353A,114.9886,27.8431,新余市,飞宇,细颗粒物(PM2.5),93,97,135,69,96,39,,80,67,19,17,12,23,0.7,1.2
2024-02-10T2300,2354A,114.9231,27.8246,新余市,第二水厂,细颗粒物(PM2.5),79,65,100,58,75,26,,82,54,27,15,10,12,1.1,1.1
2024-02-10T2300,2355A,114.9308,27.8036,新余市,市气象局,细颗粒物(PM2.5),90,88,110,67,85,49,,83,68,22,27,12,22,0.3,1
2024-02-10T2300,3206A,114.9149,27.807,新余市,新钢沁园村,细颗粒物(PM2.5),80,93,104,59,78,31,,85,56,23,18,11,14,1.0,1
2024-02-10T2300,2054A,114.1099,32.1059,信阳市,平桥分局,细颗粒物(PM2.5),205,191,127,155,112,57,,90,72,14,12,6,7,1.0,0.8
2024-02-10T2300,2064A,113.9956,32.1271,信阳市,南湾水厂,细颗粒物(PM2.5),205,160,123,155,112,57,,95,80,10,10,3,5,1.1,0.9
2024-02-10T2300,2065A,114.0775,32.1195,信阳市,市酿酒公司,细颗粒物(PM2.5),256,,123,206,125,30,,89,53,34,20,5,6,1.3,0.9
2024-02-10T2300,2066A,114.0609,32.1399,信阳市,审计局,细颗粒物(PM2.5),287,243,126,237,123,15,,94,62,55,18,6,7,1.7,1
2024-02-10T2300,2200A,122.0392,46.0656,兴安盟,胜华新制药厂,,26,25,112,17,94,81,,78,77,4,10,4,14,0.2,0.4
2024-02-10T2300,2201A,121.9504,46.0741,兴安盟,科右前旗环保局,,31,31,113,14,125,88,,83,83,3,8,4,21,0.3,0.4
2024-02-10T2300,3035A,122.0931,46.0707,兴安盟,北滨河,,35,35,142,18,108,90,,84,84,6,20,1,13,0.5,1
2024-02-10T2300,1077A,114.4704,37.0886,邢台市,达活泉,细颗粒物(PM2.5),304,348,282,254,213,88,,112,98,26,23,16,19,1.5,1.3
2024-02-10T2300,1078A,114.5062,37.0349,邢台市,邢师高专,细颗粒物(PM2.5),331,345,296,281,248,63,,115,93,34,24,22,26,1.4,1.1
2024-02-10T2300,1079A,114.5237,37.0851,邢台市,路桥公司,细颗粒物(PM2.5),321,310,271,271,235,63,,107,90,46,26,20,25,1.4,1.3
2024-02-10T2300,1080A,114.4725,37.0719,邢台市,市环保局,细颗粒物(PM2.5),298,327,296,248,216,85,,104,97,24,20,18,23,1.2,1
2024-02-10T2300,3584A,115.8844,39.0341,雄安新区,容城县环境保护局,细颗粒物(PM2.5),100,119,87,75,53,78,,99,89,17,18,11,11,0.5,0.3
2024-02-10T2300,3585A,115.8665,39.0645,雄安新区,河北容城中学,细颗粒物(PM2.5),104,98,96,78,78,71,,88,81,21,22,11,12,0.5,0.5
2024-02-10T2300,3586A,115.923,38.9405,雄安新区,安新县民政局,细颗粒物(PM2.5),115,125,101,87,75,72,,91,86,11,9,12,13,0.5,0.4
2024-02-10T2300,3587A,115.9324,38.9338,雄安新区,安新县电力局,细颗粒物(PM2.5),105,112,99,79,73,66,,92,83,17,12,14,14,0.5,0.4
2024-02-10T2300,3588A,116.0901,38.9816,雄安新区,雄县环境保护局,细颗粒物(PM2.5),119,127,104,90,67,66,,92,86,21,15,11,18,0.5,0.4
2024-02-10T2300,3589A,116.1105,39.0046,雄安新区,雄县国土资源局,细颗粒物(PM2.5),100,103,82,75,55,80,,97,90,14,11,13,14,0.2,0.2
2024-02-10T2300,1177A,117.179,34.2761,徐州市,黄河新村,"颗粒物(PM10),细颗粒物(PM2.5)",500,610,425,597,412,20,,81,46,43,34,8,13,1.3,1.1
2024-02-10T2300,1178A,117.1918,34.2384,徐州市,淮塔,细颗粒物(PM2.5),425,393,376,387,345,66,,85,65,18,27,10,13,1.2,1.1
2024-02-10T2300,1180A,117.256,34.2153,徐州市,新城区,细颗粒物(PM2.5),429,408,352,393,311,54,,81,64,30,27,10,13,1.1,1.1
2024-02-10T2300,1181A,117.244,34.2911,徐州市,桃园路,细颗粒物(PM2.5),493,552,393,489,334,14,,85,51,53,31,9,13,1.3,1.1
2024-02-10T2300,1182A,117.2933,34.2778,徐州市,农科院,细颗粒物(PM2.5),445,439,323,417,298,42,,87,64,31,23,10,12,1.1,1
2024-02-10T2300,3005A,117.1814,34.29,徐州市,鼓楼区政府,细颗粒物(PM2.5),475,496,361,462,372,25,,74,49,47,33,8,18,1.1,0.9
2024-02-10T2300,3006A,117.1694,34.1781,徐州市,铜山区招生办,细颗粒物(PM2.5),414,476,375,370,304,32,,97,68,40,29,14,21,1.4,1.3
2024-02-10T2300,3288A,117.4754,34.4422,徐州市,大泉街道,细颗粒物(PM2.5),410,506,420,364,312,47,,62,57,25,17,13,18,1.7,1.3
2024-02-10T2300,2396A,113.8276,34.0159,许昌市,监测站,颗粒物(PM10),165,280,313,116,259,52,,81,77,30,32,13,18,0.5,1
2024-02-10T2300,2398A,113.7906,33.9953,许昌市,开发区,颗粒物(PM10),106,162,255,40,217,82,,85,85,10,19,6,12,0.4,0.9
2024-02-10T2300,3134A,113.8172,34.0339,许昌市,市一中,颗粒物(PM10),177,304,362,93,307,60,,84,77,26,30,12,16,0.5,1
2024-02-10T2300,3337A,113.8614,34.0442,许昌市,许昌学院,颗粒物(PM10),119,188,283,53,214,74,,97,89,13,21,11,17,0.4,0.8
2024-02-10T2300,3338A,113.843,34.0823,许昌市,芙蓉广场,颗粒物(PM10),115,180,205,54,155,68,,94,83,14,17,10,16,0.5,0.8
2024-02-10T2300,3597A,113.8134,34.1251,许昌市,建安区兴业大厦,颗粒物(PM10),105,160,192,56,129,80,,99,91,9,14,6,14,0.4,0.7
2024-02-10T2300,2316A,118.7581,30.9454,宣城市,鳌峰子站,细颗粒物(PM2.5),102,97,91,76,76,60,,101,82,15,8,5,5,0.7,0.7
2024-02-10T2300,2317A,118.7385,30.9743,宣城市,敬亭山子站,细颗粒物(PM2.5),80,78,76,59,58,87,,102,94,10,8,7,5,0.6,0.8
2024-02-10T2300,2318A,118.7173,30.9427,宣城市,开发区子站,细颗粒物(PM2.5),94,79,78,70,67,71,,105,94,12,8,6,6,0.8,0.8
2024-02-10T2300,3470A,118.7724,30.9141,宣城市,夏渡子站,细颗粒物(PM2.5),99,94,90,74,71,74,,99,89,16,14,6,5,0.7,0.7
2024-02-10T2300,2554A,103.0475,30.02,雅安市,建安厂,细颗粒物(PM2.5),112,94,104,84,93,28,,76,63,28,15,6,7,0.7,0.6
2024-02-10T2300,2555A,103.0111,29.9833,雅安市,市政府,细颗粒物(PM2.5),115,103,84,87,76,32,,78,63,19,14,7,10,0.7,0.5
2024-02-10T2300,2556A,102.9905,29.9775,雅安市,川农大,细颗粒物(PM2.5),98,86,68,73,61,47,,82,76,16,11,7,6,0.7,0.6
2024-02-10T2300,3700A,103.0456,29.9956,雅安市,康养中心,,,,,,,,,,,,,,,,
2024-02-10T2300,1642A,121.2514,37.5639,烟台市,开发区,细颗粒物(PM2.5),113,90,270,85,248,63,,84,73,15,29,6,12,1.0,1.8
2024-02-10T2300,1643A,121.3719,37.5433,烟台市,轴承厂,细颗粒物(PM2.5),129,112,191,98,173,56,,93,74,32,28,8,13,1.2,1.4
2024-02-10T2300,1644A,121.3181,37.5436,烟台市,西郊化工站,细颗粒物(PM2.5),113,90,218,85,209,63,,91,71,24,29,8,17,0.9,1.3
2024-02-10T2300,1645A,121.4478,37.4822,烟台市,莱山环保局,细颗粒物(PM2.5),110,102,219,83,189,83,,88,88,15,24,14,15,0.7,1.2
2024-02-10T2300,1646A,121.2611,37.4967,烟台市,福山环保局,细颗粒物(PM2.5),175,156,334,132,291,27,,89,62,37,37,5,9,1.6,1.8
2024-02-10T2300,3057A,121.5992,37.4014,烟台市,牟平检察院,细颗粒物(PM2.5),140,134,204,107,169,63,,98,81,18,22,9,14,1.4,1.7
2024-02-10T2300,3366A,121.5206,37.4336,烟台市,中国农业大学,细颗粒物(PM2.5),156,136,208,119,188,64,,93,84,24,23,10,12,1.1,1.3
2024-02-10T2300,1926A,109.4131,36.6275,延安市,枣园,颗粒物(PM10),61,71,127,32,50,35,,87,64,13,10,3,4,0.7,0.6
2024-02-10T2300,1927A,109.4761,36.6028,延安市,延大医附院,颗粒物(PM10),83,115,187,60,91,18,,79,46,34,22,6,6,0.9,0.7
2024-02-10T2300,1929A,109.5056,36.6106,延安市,百米大道,细颗粒物(PM2.5),85,116,193,63,90,5,,79,45,58,32,6,8,1.2,0.8
2024-02-10T2300,3652A,109.4809,36.5786,延安市,西北局旧址,颗粒物(PM10),80,110,206,45,106,26,,77,49,27,27,8,10,1.1,1.1
2024-02-10T2300,2237A,129.47,42.8883,延边朝鲜族自治州,妇幼医院,细颗粒物(PM2.5),69,65,72,50,52,47,,92,68,20,19,12,22,0.8,0.6
2024-02-10T2300,2238A,129.5055,42.9108,延边朝鲜族自治州,延边医院,细颗粒物(PM2.5),165,257,254,125,219,51,,97,71,21,22,14,34,0.9,0.7
2024-02-10T2300,2239A,129.3964,42.8881,延边朝鲜族自治州,朝阳川镇医院,细颗粒物(PM2.5),55,51,69,39,51,52,,101,72,8,11,7,12,0.8,0.7
2024-02-10T2300,1215A,120.118,33.4022,盐城市,盐城电厂,细颗粒物(PM2.5),235,224,228,185,205,64,,112,94,24,20,8,15,1.3,1.2
2024-02-10T2300,1216A,120.156,33.3942,盐城市,市监测站,细颗粒物(PM2.5),313,287,245,263,218,54,,89,75,32,18,4,8,2.0,1.3
2024-02-10T2300,1218A,120.2144,33.38,盐城市,开发区管委会,细颗粒物(PM2.5),258,222,206,208,204,55,,105,85,21,21,5,9,1.4,1.2
2024-02-10T2300,3004A,120.1544,33.3663,盐城市,宝龙广场,细颗粒物(PM2.5),255,237,223,205,195,57,,100,85,28,21,7,11,1.1,1
2024-02-10T2300,3293A,120.1501,33.3367,盐城市,月亮广场,细颗粒物(PM2.5),255,241,259,205,222,56,,99,82,25,20,5,7,1.5,1.2
2024-02-10T2300,3436A,120.4279,33.205,盐城市,大丰高级中学,细颗粒物(PM2.5),233,212,218,183,198,51,,100,85,19,15,4,11,1.0,1
2024-02-10T2300,1186A,119.389,32.3761,扬州市,邗江监测站,细颗粒物(PM2.5),129,127,173,98,148,84,,107,95,24,31,7,14,1.0,1.3
2024-02-10T2300,2869A,119.447,32.4155,扬州市,五台山医院,细颗粒物(PM2.5),148,129,148,113,135,69,,99,87,28,29,8,12,1.1,1.3
2024-02-10T2300,3164A,119.4686,32.3942,扬州市,广陵建设局,细颗粒物(PM2.5),148,142,164,113,134,73,,107,91,26,26,6,11,1.1,1.3
2024-02-10T2300,3195A,119.3633,32.3972,扬州市,市体育局,细颗粒物(PM2.5),122,119,156,92,131,86,,108,100,19,25,8,15,0.9,1.1
2024-02-10T2300,3294A,119.5653,32.4222,扬州市,引江管理处,细颗粒物(PM2.5),152,153,179,116,139,78,,110,90,25,28,11,11,1.0,1.2
2024-02-10T2300,1699A,111.9797,21.8593,阳江市,鸳鸯湖,细颗粒物(PM2.5),59,53,40,42,33,70,,84,81,13,7,13,12,0.6,0.7
2024-02-10T2300,1701A,111.9491,21.8658,阳江市,马南垌,细颗粒物(PM2.5),123,128,46,93,41,33,,77,64,38,14,8,7,1.1,0.7
2024-02-10T2300,3317A,111.9765,21.8947,阳江市,两阳中学,细颗粒物(PM2.5),68,68,33,49,25,56,,77,73,34,14,11,9,0.5,0.7
2024-02-10T2300,3453A,112.0125,21.8749,阳江市,阳东陶然,细颗粒物(PM2.5),72,75,38,52,31,56,,80,75,19,12,8,8,0.4,0.4
2024-02-10T2300,1738A,113.5758,37.8572,阳泉市,市中心,颗粒物(PM10),99,147,187,46,102,62,,89,80,28,36,12,22,0.7,0.9
2024-02-10T2300,1739A,113.4894,37.8731,阳泉市,赛鱼,颗粒物(PM10),82,113,152,52,80,68,,84,78,21,26,13,18,0.5,0.6
2024-02-10T2300,1740A,113.5819,37.8486,阳泉市,南庄,颗粒物(PM10),91,131,313,54,133,79,,88,84,13,33,9,33,0.6,0.9
2024-02-10T2300,1742A,113.5614,37.8703,阳泉市,平坦,颗粒物(PM10),94,137,178,60,118,66,,86,76,23,34,13,26,0.6,0.8
2024-02-10T2300,1743A,113.5158,37.8392,阳泉市,大阳泉,颗粒物(PM10),71,92,107,39,61,82,,92,88,17,21,9,15,0.5,0.6
2024-02-10T2300,3619A,113.617,37.8571,阳泉市,龙柱,颗粒物(PM10),82,113,138,55,84,68,,88,79,23,30,12,21,0.6,0.9
2024-02-10T2300,2252A,128.5159,47.4311,伊春市,环保局,细颗粒物(PM2.5),89,117,135,66,165,102,,92,92,15,16,8,28,0.9,0.7
2024-02-10T2300,2253A,128.9102,47.7412,伊春市,电力嘉园,细颗粒物(PM2.5),125,117,108,95,86,102,,89,89,9,17,11,24,1.0,0.8
2024-02-10T2300,2254A,129.5029,48.471,伊春市,汤旺河国家公园,,19,13,11,7,7,58,,83,74,8,7,4,5,0.7,0.7
2024-02-10T2300,3342A,128.4741,47.4346,伊春市,中心小学,细颗粒物(PM2.5),158,,160,120,144,96,,85,85,12,10,10,25,1.0,0.8
2024-02-10T2300,3343A,128.6871,47.7369,伊春市,检察院,细颗粒物(PM2.5),190,,116,143,97,102,,88,88,14,13,13,25,0.8,0.5
2024-02-10T2300,3344A,128.8431,47.8474,伊春市,双子河社区,细颗粒物(PM2.5),69,,55,50,41,92,,95,95,11,8,9,9,0.7,0.7
2024-02-10T2300,3480A,129.1368,47.6417,伊春市,美溪镇,细颗粒物(PM2.5),84,,129,62,122,78,,78,78,9,15,10,25,0.6,0.8
2024-02-10T2300,2703A,81.2815,43.9404,伊犁哈萨克自治州,市环保局,细颗粒物(PM2.5),89,86,130,66,109,27,,74,65,59,38,14,20,1.9,2.1
2024-02-10T2300,2704A,81.2996,43.9174,伊犁哈萨克自治州,新政府片区,细颗粒物(PM2.5),202,190,92,152,73,10,,70,52,95,45,14,9,4.0,1.9
2024-02-10T2300,2705A,81.3364,43.941,伊犁哈萨克自治州,第二水厂,细颗粒物(PM2.5),117,144,106,88,86,9,,72,57,75,37,12,12,2.9,1.9
2024-02-10T2300,1882A,104.563,28.793,宜宾市,石马中学,,,,,,,,,,,,,,,,
2024-02-10T2300,1883A,104.6201,28.7728,宜宾市,市委,细颗粒物(PM2.5),123,107,107,93,91,28,,90,68,43,22,7,9,1.0,0.9
2024-02-10T2300,1884A,104.6055,28.793,宜宾市,宜宾四中,细颗粒物(PM2.5),120,109,108,91,96,31,,87,70,35,18,9,10,1.0,0.9
2024-02-10T2300,1885A,104.639,28.7562,宜宾市,市政府,细颗粒物(PM2.5),156,121,100,119,92,5,,91,64,63,26,9,12,1.4,0.9
2024-02-10T2300,1886A,104.5742,28.7199,宜宾市,黄金嘴,细颗粒物(PM2.5),122,114,146,92,124,21,,85,69,35,18,9,12,0.9,0.8
2024-02-10T2300,3728A,104.68,28.8071,宜宾市,白酒学院,细颗粒物(PM2.5),93,80,94,69,79,69,,102,96,16,10,9,9,0.7,0.8
2024-02-10T2300,1840A,111.2992,30.6981,宜昌市,白龙岗,细颗粒物(PM2.5),122,107,107,92,94,51,,81,72,19,19,8,7,1.0,0.9
2024-02-10T2300,1841A,111.3549,30.6465,宜昌市,伍家岗,细颗粒物(PM2.5),125,116,119,95,103,33,,88,72,28,19,7,7,0.8,0.8
2024-02-10T2300,1842A,111.2628,30.6961,宜昌市,点军区,细颗粒物(PM2.5),128,107,136,97,122,48,,78,71,17,20,6,6,0.9,0.9
2024-02-10T2300,1843A,111.3275,30.7819,宜昌市,夷陵区,细颗粒物(PM2.5),145,139,172,111,149,39,,92,77,23,17,5,5,0.7,0.7
2024-02-10T2300,3546A,111.4606,30.552,宜昌市,猇亭区张家湾站,细颗粒物(PM2.5),109,101,95,82,79,65,,83,76,16,17,7,6,1.0,0.9
2024-02-10T2300,3653A,111.3119,30.7273,宜昌市,云深路,细颗粒物(PM2.5),139,120,115,106,104,46,,88,77,16,14,7,7,0.8,0.7
2024-02-10T2300,2371A,114.3408,27.8064,宜春市,槟榔水业,,,,,,,,,,,,,,,,
2024-02-10T2300,2373A,114.3956,27.7844,宜春市,市石油公司,细颗粒物(PM2.5),115,98,124,87,100,44,,95,75,10,10,5,7,1.6,1.5
2024-02-10T2300,2374A,114.3703,27.7914,宜春市,市气象局,细颗粒物(PM2.5),144,122,134,110,114,45,,97,81,17,14,11,12,1.6,1.4
2024-02-10T2300,2375A,114.4013,27.8074,宜春市,市广电局,细颗粒物(PM2.5),206,158,151,156,129,30,,84,62,39,23,10,13,1.2,1.3
2024-02-10T2300,3151A,114.375,27.8097,宜春市,宜春学院北校区,细颗粒物(PM2.5),333,347,183,283,149,28,,91,66,35,19,12,14,1.5,1.4
2024-02-10T2300,3415A,114.4519,28.0828,宜春市,万载县环保局,细颗粒物(PM2.5),160,153,146,122,120,40,,84,68,14,12,11,20,1.1,1.1
2024-02-10T2300,2467A,112.4067,28.6428,益阳市,甘溪港,细颗粒物(PM2.5),192,172,301,144,241,59,,90,82,16,21,13,26,0.7,1
2024-02-10T2300,2468A,112.3458,28.5808,益阳市,市环保局,细颗粒物(PM2.5),214,197,208,164,175,55,,98,87,11,7,11,12,1.2,1.2
2024-02-10T2300,2469A,112.3437,28.5531,益阳市,市特殊教育学校,细颗粒物(PM2.5),218,196,176,168,157,62,,100,91,17,13,10,10,1.2,1.1
2024-02-10T2300,2470A,112.3347,28.6047,益阳市,资阳区政务中心,细颗粒物(PM2.5),242,202,244,192,244,51,,98,87,16,10,8,10,1.1,1.2
2024-02-10T2300,2471A,112.3744,28.5819,益阳市,赫山环保分局,细颗粒物(PM2.5),245,225,269,195,232,29,,94,76,26,16,8,16,1.5,1.6
2024-02-10T2300,1484A,105.9512,38.6016,银川市,贺兰山马莲口,,28,28,83,9,14,81,,88,83,14,14,6,6,0.2,0.2
2024-02-10T2300,1488A,106.2328,38.4975,银川市,贺兰山东路,颗粒物(PM10),62,74,117,31,36,67,,91,80,17,16,4,7,0.5,0.5
2024-02-10T2300,1489A,106.1358,38.5036,银川市,学院路,颗粒物(PM10),55,59,109,27,29,45,,94,79,32,15,9,10,0.7,0.5
2024-02-10T2300,2924A,106.2266,38.4418,银川市,水乡路,颗粒物(PM10),69,87,118,31,29,72,,92,83,18,14,11,13,0.3,0.3
2024-02-10T2300,2925A,106.2757,38.4842,银川市,上海东路,颗粒物(PM10),67,84,120,41,49,71,,91,80,19,14,11,14,0.3,0.3
2024-02-10T2300,2926A,106.1015,38.497,银川市,文昌北街,颗粒物(PM10),61,71,110,39,30,10,,93,74,68,12,7,6,0.5,0.3
2024-02-10T2300,3523A,106.5105,38.3856,银川市,滨河新区,颗粒物(PM10),55,60,105,18,21,43,,89,73,28,16,28,11,0.6,0.4
2024-02-10T2300,2357A,116.9822,28.1136,鹰潭市,龙虎山,,,,,,,,,,,,,,,,
2024-02-10T2300,2358A,117.0564,28.2642,鹰潭市,新监测站,细颗粒物(PM2.5),90,88,108,67,81,50,,104,79,20,15,6,18,0.4,0.7
2024-02-10T2300,2359A,117.0311,28.2475,鹰潭市,财苑宾馆,细颗粒物(PM2.5),145,127,110,111,93,23,,108,75,41,16,8,15,0.7,0.7
2024-02-10T2300,2360A,117.0222,28.2264,鹰潭市,体育馆,细颗粒物(PM2.5),153,117,94,117,88,30,,111,84,18,6,6,16,0.8,0.7
2024-02-10T2300,2361A,117.0017,28.2131,鹰潭市,三川水表,细颗粒物(PM2.5),77,65,86,56,77,48,,111,82,1,2,5,11,0.7,0.6
2024-02-10T2300,1597A,122.2703,40.7094,营口市,大庆路,颗粒物(PM10),77,103,409,49,328,75,,95,84,17,30,8,17,0.5,1.8
2024-02-10T2300,1598A,122.2150,40.6511,营口市,镜湖西路,细颗粒物(PM2.5),104,101,395,78,362,73,,86,80,20,30,9,23,0.7,1.4
2024-02-10T2300,1599A,122.1658,40.6789,营口市,西炮台,细颗粒物(PM2.5),123,115,257,93,233,65,,81,69,22,26,8,11,0.6,1.1
2024-02-10T2300,3379A,122.1139,40.2278,营口市,鲅鱼圈市民活动中心,细颗粒物(PM2.5),180,153,504,136,375,57,,59,59,21,42,14,40,1.5,2
2024-02-10T2300,3866A,122.2469,40.66302,营口市,三高中,细颗粒物(PM2.5),79,78,415,58,378,82,,86,83,19,32,11,28,0.5,1.3
2024-02-10T2300,4006A,122.3622,40.6762,营口市,老边实验小学,细颗粒物(PM2.5),204,,405,154,248,30,,88,66,56,41,12,27,1.2,2
2024-02-10T2300,2477A,111.6217,26.2081,永州市,零陵南津渡,细颗粒物(PM2.5),73,70,96,53,90,55,,100,87,9,8,7,9,0.8,0.7
2024-02-10T2300,2478A,111.6156,26.4214,永州市,市环境监测站,细颗粒物(PM2.5),260,225,173,210,160,10,,96,74,46,20,7,9,1.3,0.9
2024-02-10T2300,2479A,111.6236,26.2331,永州市,零陵区环保局,细颗粒物(PM2.5),119,97,100,90,95,45,,87,62,13,13,9,8,0.9,0.9
2024-02-10T2300,2480A,111.5992,26.4364,永州市,永州市环保局,细颗粒物(PM2.5),189,168,147,142,114,23,,95,77,34,15,9,11,1.1,0.9
2024-02-10T2300,2481A,111.5989,26.4519,永州市,冷水滩区环保局,细颗粒物(PM2.5),220,181,169,170,166,38,,91,72,24,17,12,8,1.2,1
2024-02-10T2300,2638A,109.7414,38.3344,榆林市,红石峡森林公园,颗粒物(PM10),71,92,116,35,42,24,,93,68,34,15,7,7,0.8,0.7
2024-02-10T2300,2639A,109.7456,38.2911,榆林市,世纪广场,颗粒物(PM10),82,114,155,57,76,7,,85,51,69,34,12,10,1.0,0.8
2024-02-10T2300,2640A,109.7289,38.2839,榆林市,实验中学,细颗粒物(PM2.5),70,83,136,51,61,19,,87,65,59,24,15,12,1.1,0.8
2024-02-10T2300,2641A,109.7336,38.2478,榆林市,环保监测大楼,细颗粒物(PM2.5),127,149,157,96,76,9,,89,61,68,24,11,9,0.9,0.6
2024-02-10T2300,2509A,110.1106,22.7019,玉林市,寒山水库,细颗粒物(PM2.5),65,,137,47,117,30,,43,41,5,6,1,1,0.8,0.8
2024-02-10T2300,2510A,110.1675,22.6411,玉林市,市监测站,细颗粒物(PM2.5),212,201,126,162,112,32,,78,65,25,10,7,7,0.8,0.5
2024-02-10T2300,2511A,110.1433,22.6164,玉林市,南江一中,细颗粒物(PM2.5),251,242,131,201,118,25,,78,60,32,13,6,8,0.9,0.6
2024-02-10T2300,3532A,110.1945,22.6831,玉林市,玉林师范学院东校区,细颗粒物(PM2.5),109,,122,82,100,65,,83,76,8,9,5,13,0.4,0.4
2024-02-10T2300,3533A,110.0527,22.5893,玉林市,福绵环保局,细颗粒物(PM2.5),166,138,117,126,130,66,,81,74,8,9,5,16,0.7,0.7
2024-02-10T2300,2675A,97,33.0014,玉树藏族自治州,玉树县结古镇,,20,18,21,13,16,63,,90,83,15,9,18,16,0.6,0.5
2024-02-10T2300,1715A,102.575,24.3711,玉溪市,东风水库,细颗粒物(PM2.5),68,58,43,49,41,65,,85,82,10,8,10,11,0.9,0.9
2024-02-10T2300,2882A,102.5389,24.3703,玉溪市,玉溪一中,颗粒物(PM10),76,101,51,49,35,64,,91,83,11,6,11,13,1.0,1
2024-02-10T2300,2883A,102.5381,24.3389,玉溪市,文体中心,细颗粒物(PM2.5),72,77,50,52,38,65,,86,80,15,11,12,13,1.0,1.1
2024-02-10T2300,1847A,113.1094,29.3578,岳阳市,南湖风景区,细颗粒物(PM2.5),178,140,165,134,159,56,,94,80,28,16,7,12,1.2,1.2
2024-02-10T2300,1848A,113.1493,29.4251,岳阳市,城陵矶,细颗粒物(PM2.5),137,131,169,104,136,35,,95,75,38,15,7,13,0.9,1
2024-02-10T2300,1849A,113.1497,29.3575,岳阳市,开发区,细颗粒物(PM2.5),159,138,154,121,138,38,,96,80,40,21,6,10,1.0,0.9
2024-02-10T2300,1850A,113.2621,29.4758,岳阳市,云溪区,细颗粒物(PM2.5),148,157,149,113,121,16,,93,67,35,16,11,12,1.3,1
2024-02-10T2300,1851A,112.9943,29.4402,岳阳市,君山区,细颗粒物(PM2.5),172,139,177,130,157,53,,98,86,24,13,7,12,0.8,0.9
2024-02-10T2300,1852A,113.2117,29.355,岳阳市,金凤水库,细颗粒物(PM2.5),93,69,195,69,165,94,,102,100,10,12,4,9,0.6,0.9
2024-02-10T2300,1712A,112.0392,22.9169,云浮市,新市府,,38,35,34,26,31,31,,68,54,4,4,3,4,0.6,0.8
2024-02-10T2300,1714A,112.0539,22.9539,云浮市,牧羊,细颗粒物(PM2.5),52,37,64,36,54,53,,80,70,6,6,8,11,0.6,0.7
2024-02-10T2300,3628A,112.0336,22.9374,云浮市,文笔,细颗粒物(PM2.5),208,172,58,158,54,16,,71,52,23,6,10,10,0.6,0.5
2024-02-10T2300,2175A,110.9956,35.0147,运城市,运城中学,颗粒物(PM10),127,203,285,78,194,59,,86,75,19,26,10,16,0.3,0.9
2024-02-10T2300,2178A,110.9686,35.0303,运城市,地区技校,颗粒物(PM10),127,204,303,84,207,43,,80,68,31,29,14,21,0.6,0.9
2024-02-10T2300,2179A,111.0414,35.1147,运城市,空港新区,颗粒物(PM10),104,157,277,58,178,54,,83,75,16,26,12,17,0.9,1.5
2024-02-10T2300,3667A,111.0283,35.0547,运城市,水利职院,颗粒物(PM10),129,207,322,70,207,62,,86,78,19,30,26,19,0.7,1
2024-02-10T2300,3670A,111.0522,35.0439,运城市,禹都公园,颗粒物(PM10),125,200,285,68,196,62,,85,78,21,31,15,17,0.7,1
2024-02-10T2300,1637A,117.558,34.8438,枣庄市,市中区政府,细颗粒物(PM2.5),453,490,375,429,291,29,,100,65,54,41,16,39,1.8,1.7
2024-02-10T2300,1638A,117.2852,34.7837,枣庄市,薛城环保局,细颗粒物(PM2.5),466,513,381,448,324,46,,78,62,40,30,18,17,2.0,1.5
2024-02-10T2300,1639A,117.5852,34.7745,枣庄市,峄城区政府,细颗粒物(PM2.5),323,334,356,273,324,60,,92,70,41,38,20,46,1.2,1.3
2024-02-10T2300,1640A,117.7276,34.5578,枣庄市,台儿庄区环保局,细颗粒物(PM2.5),387,398,326,337,279,43,,72,61,40,31,9,9,1.8,1.5
2024-02-10T2300,1641A,117.4518,35.0992,枣庄市,山亭区环保局,细颗粒物(PM2.5),424,434,371,386,291,17,,112,68,54,37,14,38,2.0,1.5
2024-02-10T2300,3364A,117.3152,34.8103,枣庄市,市环保局,细颗粒物(PM2.5),394,403,356,344,309,65,,70,67,34,36,10,14,1.4,1.4
2024-02-10T2300,1680A,110.3539,21.2706,湛江市,湛江影剧院,细颗粒物(PM2.5),202,169,129,152,112,33,,61,53,22,12,19,27,1.0,0.9
2024-02-10T2300,1681A,110.3928,21.2228,湛江市,市环境监测站,细颗粒物(PM2.5),198,148,101,148,91,39,,57,50,22,13,14,16,1.0,1.1
2024-02-10T2300,1682A,110.4019,21.1997,湛江市,环保局宿舍,细颗粒物(PM2.5),206,,95,156,95,43,,58,54,22,12,17,14,1.1,0.9
2024-02-10T2300,1683A,110.4111,21.2028,湛江市,霞山游泳场,细颗粒物(PM2.5),183,144,102,138,88,32,,50,40,32,17,10,13,1.1,1.2
2024-02-10T2300,1684A,110.3316,21.2679,湛江市,麻章区环保局,细颗粒物(PM2.5),149,122,142,114,123,50,,60,58,11,8,10,26,0.9,0.8
2024-02-10T2300,1685A,110.4558,21.2567,湛江市,坡头区环保局,细颗粒物(PM2.5),185,,98,139,95,21,,59,50,40,14,6,12,1.0,0.8
2024-02-10T2300,1858A,110.5319,29.1217,张家界市,永定新区,细颗粒物(PM2.5),100,92,149,75,112,22,,70,55,18,10,3,7,0.7,0.7
2024-02-10T2300,1859A,110.4697,29.1242,张家界市,电业局,细颗粒物(PM2.5),147,174,155,112,132,3,,72,50,44,16,6,5,1.0,0.9
2024-02-10T2300,1860A,110.5594,29.3547,张家界市,未央路,细颗粒物(PM2.5),90,89,65,67,50,25,,64,41,10,9,3,3,0.6,0.6
2024-02-10T2300,1861A,110.4417,29.315,张家界市,袁家界,细颗粒物(PM2.5),54,45,37,38,33,67,,72,68,5,6,5,5,0.8,0.8
2024-02-10T2300,1057A,114.8883,40.8336,张家口市,人民公园,颗粒物(PM10),54,57,66,23,38,70,,90,83,13,12,8,7,0.6,0.4
2024-02-10T2300,1059A,114.8687,40.8042,张家口市,五金库,细颗粒物(PM2.5),118,115,72,89,50,67,,86,77,11,6,12,9,0.3,0.2
2024-02-10T2300,1060A,114.8902,40.762,张家口市,世纪豪园,颗粒物(PM10),62,73,65,41,47,76,,89,84,14,10,10,8,0.5,0.4
2024-02-10T2300,1061A,114.8916,40.8661,张家口市,北泵房,颗粒物(PM10),52,54,60,23,36,71,,95,84,10,9,8,9,0.7,0.6
2024-02-10T2300,3131A,114.879,40.7993,张家口市,烟厂,细颗粒物(PM2.5),77,75,64,56,40,66,,85,77,14,10,10,9,0.6,0.5
2024-02-10T2300,3323A,115.2773,40.9724,张家口市,青少年活动中心,细颗粒物(PM2.5),270,307,168,220,122,44,,90,71,35,18,17,14,0.6,0.5
2024-02-10T2300,2654A,100.4698,38.9524,张掖市,润泉湖,颗粒物(PM10),77,103,158,30,79,27,,83,62,11,12,5,16,0.4,0.5
2024-02-10T2300,2655A,100.4154,38.9422,张掖市,区工会,细颗粒物(PM2.5),82,97,138,60,68,16,,86,70,34,11,9,13,1.5,0.6
2024-02-10T2300,2075A,117.6336,24.4674,漳州市,九湖,,,,,,,,,,,,,,,,
2024-02-10T2300,2920A,117.7116,24.506,漳州市,蓝田镇,细颗粒物(PM2.5),85,74,61,63,52,78,,86,86,8,7,4,5,0.7,0.7
2024-02-10T2300,3216A,114.6622,24.5183,漳州市,漳州党校,细颗粒物(PM2.5),83,77,52,61,43,82,,89,89,13,9,5,5,0.8,0.8
2024-02-10T2300,3530A,117.6296,24.5314,漳州市,西洋坪路,细颗粒物(PM2.5),79,69,50,58,44,58,,87,84,11,5,3,4,0.7,0.7
2024-02-10T2300,2596A,103.7667,27.3736,昭通市,监测站,细颗粒物(PM2.5),52,40,53,36,44,80,,97,90,7,8,10,13,0.5,0.7
2024-02-10T2300,2597A,103.7225,27.3361,昭通市,环保局,细颗粒物(PM2.5),114,101,80,86,63,58,,98,82,20,13,27,19,1.0,0.9
2024-02-10T2300,1397A,112.4267,23.0706,肇庆市,睦岗子站,细颗粒物(PM2.5),54,46,36,38,32,31,,78,59,22,17,5,7,0.6,0.7
2024-02-10T2300,1398A,112.4645,23.0475,肇庆市,城中子站,细颗粒物(PM2.5),82,78,36,60,33,39,,97,76,28,14,8,6,0.7,0.6
2024-02-10T2300,1399A,112.5544,23.1522,肇庆市,坑口子站,,26,21,31,18,28,56,,81,68,14,14,5,5,0.6,0.8
2024-02-10T2300,1400A,112.4753,23.1,肇庆市,七星岩子站,,,,,,,,,,,,,,,,
2024-02-10T2300,3313A,112.4575,23.0166,肇庆市,高要湖西,,,,51,,41,19,,95,64,32,11,11,10,0.9,0.9
2024-02-10T2300,3451A,112.5617,23.2083,肇庆市,鼎湖凤凰,,48,38,31,33,27,44,,88,72,9,8,6,7,0.4,0.7
2024-02-10T2300,1203A,119.6707,32.1875,镇江市,新区办事处,细颗粒物(PM2.5),186,212,162,140,115,6,,99,43,99,36,5,10,0.9,1
2024-02-10T2300,1204A,119.4974,32.1968,镇江市,职教中心,细颗粒物(PM2.5),139,139,130,106,94,63,,104,76,36,25,8,10,0.7,1
2024-02-10T2300,1205A,119.4303,32.1328,镇江市,丹徒区监测站,细颗粒物(PM2.5),140,131,147,107,125,67,,106,88,34,20,6,9,0.7,0.9
2024-02-10T2300,2870A,119.4424,32.1873,镇江市,市疾控中心,细颗粒物(PM2.5),137,132,127,104,102,50,,105,68,30,26,4,8,0.8,1
2024-02-10T2300,3287A,119.3842,32.1976,镇江市,富润路1号,细颗粒物(PM2.5),175,140,142,132,125,50,,97,63,42,27,8,13,0.6,0.9
2024-02-10T2300,1316A,113.69031,34.76122,郑州市,烟厂,颗粒物(PM10),87,123,313,33,199,84,,97,88,6,26,11,34,0.6,0.9
2024-02-10T2300,1317A,113.65724,34.77134,郑州市,郑纺机,颗粒物(PM10),86,121,313,43,203,80,,82,78,9,37,9,37,0.4,0.7
2024-02-10T2300,1318A,113.67526,34.80246,郑州市,银行学校,颗粒物(PM10),80,110,289,42,234,79,,93,85,7,28,9,33,0.3,0.6
2024-02-10T2300,1319A,113.56746,34.81334,郑州市,供水公司,颗粒物(PM10),78,105,214,40,146,83,,94,85,6,16,11,23,0.4,0.7
2024-02-10T2300,1320A,113.7329,34.7178,郑州市,经开区管委,颗粒物(PM10),82,114,310,43,231,79,,92,84,10,26,13,31,0.4,0.7
2024-02-10T2300,1321A,113.73961,34.77172,郑州市,四十七中,颗粒物(PM10),82,114,378,50,277,76,,90,82,11,29,14,42,0.5,0.8
2024-02-10T2300,1322A,113.60532,34.74838,郑州市,市监测站,颗粒物(PM10),79,107,244,44,168,83,,97,89,6,19,3,19,0.5,0.7
2024-02-10T2300,1323A,113.64164,34.7525,郑州市,河医大,颗粒物(PM10),115,180,264,66,177,80,,93,85,10,23,46,37,0.3,0.6
2024-02-10T2300,1324A,113.51488,34.91089,郑州市,岗李水库,,,,,,,,,,,,,,,,
2024-02-10T2300,3471A,113.616563,34.86783,郑州市,惠济区政府,颗粒物(PM10),72,93,215,24,148,84,,96,88,4,17,6,18,0.2,0.5
2024-02-10T2300,3590A,113.8374,34.5589,郑州市,北区建设指挥部,颗粒物(PM10),79,108,133,43,73,77,,99,89,16,17,6,14,0.4,0.5
2024-02-10T2300,3591A,113.30952,34.803229,郑州市,上街区政府,颗粒物(PM10),106,161,234,46,155,76,,95,82,15,21,7,36,0.4,0.7
2024-02-10T2300,1379A,113.3769,22.5211,中山市,华柏园,细颗粒物(PM2.5),95,98,64,71,51,24,,94,64,43,17,5,6,0.9,0.8
2024-02-10T2300,1380A,113.3881,22.5497,中山市,张溪,细颗粒物(PM2.5),156,156,66,119,58,16,,103,77,53,14,6,7,1.0,0.6
2024-02-10T2300,1381A,113.4075,22.5111,中山市,紫马岭,细颗粒物(PM2.5),83,88,60,61,51,47,,95,78,16,11,6,8,0.7,0.8
2024-02-10T2300,1382A,113.4411,22.4853,中山市,长江旅游区,,,,,,,,,,,,,,,,
2024-02-10T2300,3454A,113.3528,22.478,中山市,中山南区,细颗粒物(PM2.5),83,68,54,61,49,38,,102,80,16,12,4,6,0.8,0.9
2024-02-10T2300,2680A,105.0025,37.4635,中卫市,沙坡头消防站,,,,,,,,,,,,,,,,
2024-02-10T2300,2682A,105.1971,37.5002,中卫市,环保局站,细颗粒物(PM2.5),158,,374,120,73,52,,83,72,27,12,10,7,0.8,0.3
2024-02-10T2300,3650A,105.1698,37.5162,中卫市,沙坡头区政府站,细颗粒物(PM2.5),113,128,363,85,67,53,,91,76,27,13,11,7,0.6,0.2
2024-02-10T2300,1414A,106.3787,29.8279,重庆市,缙云山,细颗粒物(PM2.5),57,49,59,40,47,100,,103,102,6,12,12,10,0,0.2
2024-02-10T2300,1416A,106.4213,29.8253,重庆市,天生,细颗粒物(PM2.5),128,111,165,97,138,45,,102,91,19,23,8,10,1.0,1
2024-02-10T2300,1417A,106.6263,29.7228,重庆市,两路,细颗粒物(PM2.5),124,109,91,94,78,71,,89,73,25,36,12,11,1.1,1.2
2024-02-10T2300,1418A,106.2953,29.5983,重庆市,虎溪,细颗粒物(PM2.5),129,113,93,98,74,32,,104,83,27,17,4,6,0.8,0.8
2024-02-10T2300,1419A,106.5777,29.5102,重庆市,南坪,细颗粒物(PM2.5),124,114,96,94,76,78,,107,100,22,23,19,12,1.3,1.2
2024-02-10T2300,1420A,106.6556,29.6277,重庆市,唐家沱,细颗粒物(PM2.5),129,118,88,98,77,56,,104,95,19,15,10,10,1.0,0.9
2024-02-10T2300,1421A,106.6349,29.4906,重庆市,茶园,细颗粒物(PM2.5),147,124,113,112,94,76,,104,101,19,21,13,9,1.3,1.3
2024-02-10T2300,1422A,106.3754,29.4572,重庆市,白市驿,细颗粒物(PM2.5),123,96,80,93,63,82,,110,107,24,20,14,6,1.0,0.8
2024-02-10T2300,1425A,106.6205,29.7166,重庆市,空港,细颗粒物(PM2.5),128,107,94,97,76,82,,97,86,17,38,14,11,0.9,1.1
2024-02-10T2300,1426A,106.4782,29.4875,重庆市,新山村,细颗粒物(PM2.5),124,118,102,94,76,59,,100,87,47,36,14,8,0.9,0.9
2024-02-10T2300,1427A,106.5616,29.6453,重庆市,礼嘉,细颗粒物(PM2.5),133,120,92,101,67,62,,102,90,34,30,17,10,1.0,1.1
2024-02-10T2300,1428A,106.4522,29.7091,重庆市,蔡家,细颗粒物(PM2.5),138,116,89,105,73,44,,96,81,15,16,5,7,0.8,0.8
2024-02-10T2300,1429A,106.5093,29.3917,重庆市,鱼新街,细颗粒物(PM2.5),132,126,109,100,87,21,,105,84,57,26,9,9,1.7,1.2
2024-02-10T2300,3014A,106.4958,29.5346,重庆市,歇台子,细颗粒物(PM2.5),110,101,95,83,68,71,,108,99,35,37,16,11,0.9,1
2024-02-10T2300,3015A,106.4037,29.5728,重庆市,龙井湾,细颗粒物(PM2.5),120,105,78,91,69,85,,108,104,13,20,13,8,0.8,0.9
2024-02-10T2300,3016A,106.5507,29.4153,重庆市,龙洲湾,细颗粒物(PM2.5),122,109,91,92,71,71,,96,91,20,18,9,8,1.1,1
2024-02-10T2300,3133A,106.5468,29.5654,重庆市,上清寺,细颗粒物(PM2.5),125,106,100,95,87,4,,89,59,85,42,7,9,1.3,1.1
2024-02-10T2300,3346A,108.3872,31.1628,重庆市,安康,细颗粒物(PM2.5),104,93,145,78,137,31,,64,55,20,18,12,14,0.9,1
2024-02-10T2300,3347A,105.9017,29.3569,重庆市,北山路,细颗粒物(PM2.5),133,,113,101,116,75,,107,104,21,16,12,10,0.8,0.7
2024-02-10T2300,3348A,105.839,30.1946,重庆市,春阳街,细颗粒物(PM2.5),216,201,173,166,162,8,,89,71,68,21,8,11,1.8,1.2
2024-02-10T2300,3349A,107.7983,30.6758,重庆市,人民东路,细颗粒物(PM2.5),176,155,173,133,147,30,,89,70,33,19,10,13,1.2,1.1
2024-02-10T2300,3350A,106.6479,29.0244,重庆市,滩子口,细颗粒物(PM2.5),173,143,140,131,123,14,,80,66,44,20,12,15,1.1,0.8
2024-02-10T2300,3351A,105.7167,29.7076,重庆市,棠香,细颗粒物(PM2.5),193,169,220,145,160,20,,109,88,42,17,6,8,1.3,1.1
2024-02-10T2300,3352A,107.0732,29.8617,重庆市,桃源西路,细颗粒物(PM2.5),182,140,232,137,211,58,,84,81,20,19,3,4,0.6,0.8
2024-02-10T2300,3353A,107.3535,29.7287,重庆市,迎宾大道,细颗粒物(PM2.5),215,,210,165,233,14,,68,53,42,24,11,19,0.9,0.8
2024-02-10T2300,3354A,108.815,29.5081,重庆市,舟白,细颗粒物(PM2.5),206,169,166,156,155,13,,64,57,32,16,8,10,1.0,0.9
2024-02-10T2300,3355A,108.3679,30.8426,重庆市,周家坝,细颗粒物(PM2.5),179,145,157,135,141,6,,68,49,61,29,13,14,1.3,0.9
2024-02-10T2300,3356A,108.4319,30.7555,重庆市,百安坝,细颗粒物(PM2.5),113,99,105,85,103,61,,86,81,15,16,10,10,0.6,0.7
2024-02-10T2300,3482A,107.7541,29.3277,重庆市,芙蓉中路,细颗粒物(PM2.5),78,59,102,57,90,38,,82,70,16,10,7,10,0.8,0.9
2024-02-10T2300,3483A,108.7661,29.5368,重庆市,西山,细颗粒物(PM2.5),145,,138,111,136,15,,57,45,22,13,10,11,0.8,0.7
2024-02-10T2300,3484A,106.2628,29.32,重庆市,行政中心,细颗粒物(PM2.5),135,113,136,103,130,40,,98,84,30,21,11,18,1.0,1
2024-02-10T2300,3485A,107.0944,29.1608,重庆市,高寺路,细颗粒物(PM2.5),165,134,210,125,220,28,,81,69,26,16,10,22,0.9,0.9
2024-02-10T2300,3599A,106.2649,29.9851,重庆市,书院路,细颗粒物(PM2.5),211,184,153,161,150,17,,85,61,19,13,8,10,1.1,1
2024-02-10T2300,3600A,106.2339,29.5559,重庆市,虎峰,细颗粒物(PM2.5),150,138,115,115,94,65,,114,108,30,20,12,11,0.9,0.9
2024-02-10T2300,3601A,106.0499,29.8342,重庆市,龙门街,细颗粒物(PM2.5),185,163,202,139,168,18,,96,63,41,28,10,11,1.5,1.3
2024-02-10T2300,3610A,105.5933,29.4105,重庆市,昌元,细颗粒物(PM2.5),256,237,249,206,214,34,,96,80,52,22,8,10,1.3,1.2
2024-02-10T2300,1258A,122.122,30.0203,舟山市,定海檀枫,细颗粒物(PM2.5),120,108,140,91,119,30,,95,64,45,28,7,8,0.7,0.8
2024-02-10T2300,1259A,122.3094,29.9558,舟山市,普陀东港,细颗粒物(PM2.5),73,69,121,53,99,82,,93,82,28,41,8,9,0.8,1
2024-02-10T2300,1260A,122.19,29.9944,舟山市,临城新区,细颗粒物(PM2.5),105,82,122,79,108,53,,93,73,24,24,8,9,0.7,0.8
2024-02-10T2300,2067A,114.6613,33.6128,周口市,市环境监测站,细颗粒物(PM2.5),415,431,331,372,310,32,,73,53,46,26,10,31,1.3,1.2
2024-02-10T2300,2068A,114.6758,33.6347,周口市,周口师范,细颗粒物(PM2.5),289,314,254,239,218,48,,78,63,38,26,10,17,0.8,0.8
2024-02-10T2300,2069A,114.6546,33.5979,周口市,市运管处,细颗粒物(PM2.5),304,297,285,254,271,57,,79,70,30,24,11,23,1.0,1
2024-02-10T2300,2070A,114.6369,33.6406,周口市,川汇区环保局,细颗粒物(PM2.5),259,320,275,209,266,64,,79,70,22,19,10,23,1.0,1.1
2024-02-10T2300,1515A,113.135,27.8244,株洲市,天台山庄,细颗粒物(PM2.5),145,146,321,111,253,53,,82,78,24,19,11,22,1.0,1.1
2024-02-10T2300,1518A,113.095,27.8867,株洲市,株冶医院,细颗粒物(PM2.5),179,155,347,135,276,61,,78,74,19,23,12,20,0.8,1.1
2024-02-10T2300,1519A,113.167,27.8667,株洲市,市四中,细颗粒物(PM2.5),147,141,294,112,256,62,,77,74,17,17,6,17,0.8,1
2024-02-10T2300,1520A,113.143,27.8381,株洲市,火车站,细颗粒物(PM2.5),138,129,320,105,262,58,,84,81,12,12,11,32,1.0,1.2
2024-02-10T2300,1524A,113.13,27.8528,株洲市,市监测站,细颗粒物(PM2.5),207,197,370,157,288,54,,84,79,22,20,10,17,1.0,1.2
2024-02-10T2300,1559A,113.251,27.8336,株洲市,大京风景区,细颗粒物(PM2.5),98,74,173,73,141,11,,71,49,7,10,8,12,0.9,0.9
2024-02-10T2300,2031A,113.1817,27.9958,株洲市,云田中学,细颗粒物(PM2.5),117,110,234,88,168,73,,91,85,7,11,8,14,0.8,1
2024-02-10T2300,1367A,113.5814,22.2618,珠海市,吉大,细颗粒物(PM2.5),87,72,53,64,49,67,,87,81,19,13,5,6,0.7,0.7
2024-02-10T2300,1368A,113.4881,22.2335,珠海市,前山,细颗粒物(PM2.5),93,91,66,69,49,38,,82,64,18,11,10,11,0.8,0.8
2024-02-10T2300,1369A,113.628,22.4251,珠海市,唐家,细颗粒物(PM2.5),87,68,47,64,50,56,,96,88,12,10,5,7,0.8,0.8
2024-02-10T2300,1370A,113.299,22.2281,珠海市,斗门,细颗粒物(PM2.5),119,106,58,90,47,59,,96,82,20,11,6,6,0.7,0.7
2024-02-10T2300,3308A,113.3494,22.0569,珠海市,金湾,细颗粒物(PM2.5),119,109,74,90,46,40,,84,72,19,12,6,6,0.3,0.4
2024-02-10T2300,3448A,113.5433,22.1163,珠海市,横琴,细颗粒物(PM2.5),64,56,54,46,49,52,,83,75,11,10,7,8,0.6,0.6
2024-02-10T2300,2420A,114.0189,32.9656,驻马店市,市一纸厂,细颗粒物(PM2.5),250,346,276,200,189,43,,91,74,34,22,13,13,0.6,0.8
2024-02-10T2300,2421A,114.0114,33.015,驻马店市,市彩印厂,细颗粒物(PM2.5),180,253,213,136,145,66,,92,82,15,13,13,14,0.4,0.6
2024-02-10T2300,2422A,113.9976,32.9771,驻马店市,天方二分厂,细颗粒物(PM2.5),226,286,327,176,266,41,,89,71,33,28,11,22,0.6,0.8
2024-02-10T2300,3339A,114.0012,33.0412,驻马店市,小管楼,颗粒物(PM10),114,178,146,70,106,74,,91,83,8,9,10,14,0.2,0.4
2024-02-10T2300,2561A,104.6617,30.1372,资阳市,莲花山,细颗粒物(PM2.5),100,90,154,75,140,94,,98,96,14,17,8,9,0.5,0.5
2024-02-10T2300,2562A,104.6356,30.1506,资阳市,资阳中学,细颗粒物(PM2.5),143,126,112,109,105,50,,107,94,29,13,7,7,1.1,1
2024-02-10T2300,2563A,104.6295,30.1383,资阳市,四三一厂,细颗粒物(PM2.5),319,324,251,269,198,15,,102,84,57,24,10,11,1.4,1.1
2024-02-10T2300,2564A,104.6463,30.1146,资阳市,师范校,细颗粒物(PM2.5),412,438,328,368,278,8,,97,74,62,23,11,9,1.3,1.2
2024-02-10T2300,2565A,104.6296,30.1256,资阳市,区法院,细颗粒物(PM2.5),221,185,238,171,198,9,,107,82,71,29,6,8,1.6,1.2
2024-02-10T2300,1631A,118.0414,36.8103,淄博市,人民公园,细颗粒物(PM2.5),195,168,398,146,348,36,,92,76,44,43,20,27,1.7,1.3
2024-02-10T2300,1633A,117.8525,36.4847,淄博市,双山,细颗粒物(PM2.5),109,97,211,82,189,51,,101,76,27,30,18,26,0.7,1.1
2024-02-10T2300,1634A,117.9592,36.6331,淄博市,气象站,细颗粒物(PM2.5),125,127,292,95,260,38,,98,72,34,35,24,30,0.9,1.3
2024-02-10T2300,1635A,118.3092,36.8194,淄博市,莆田园,细颗粒物(PM2.5),185,175,223,139,187,54,,104,85,30,27,22,24,2.0,1.6
2024-02-10T2300,3363A,117.9883,36.8372,淄博市,新区,细颗粒物(PM2.5),201,175,349,151,305,27,,95,72,35,27,11,23,1.6,1.2
2024-02-10T2300,3644A,117.8661,36.805,淄博市,三金集团,细颗粒物(PM2.5),228,217,340,178,290,36,,99,84,53,36,30,46,1.6,1.4
2024-02-10T2300,3645A,118.0253,36.8406,淄博市,东风化工厂,细颗粒物(PM2.5),216,191,368,166,317,52,,100,82,41,38,18,23,2.0,1.2
2024-02-10T2300,3027A,104.72,29.3427,自贡市,青杠林路,细颗粒物(PM2.5),148,133,221,113,196,52,,103,89,34,29,5,6,0.7,0.7
2024-02-10T2300,3028A,104.776,29.3627,自贡市,檀木林体育馆,细颗粒物(PM2.5),129,112,157,98,138,80,,103,97,13,14,8,9,0.5,0.6
2024-02-10T2300,3360A,104.7894,29.3194,自贡市,南湖救助站,细颗粒物(PM2.5),124,122,158,94,144,61,,101,92,35,25,4,6,0.6,0.6
2024-02-10T2300,3638A,104.7636,29.3338,自贡市,轻化工大学,细颗粒物(PM2.5),112,112,208,84,165,62,,95,82,28,34,6,6,0.6,0.8
2024-02-10T2300,1911A,106.9222,27.6869,遵义市,丁字口,细颗粒物(PM2.5),138,137,233,105,193,12,,45,33,54,32,77,49,1.3,1.1
2024-02-10T2300,1912A,106.9242,27.7019,遵义市,凤凰山,细颗粒物(PM2.5),90,73,126,67,118,94,,103,103,7,11,22,19,0.7,0.9
2024-02-10T2300,1913A,106.8906,27.6486,遵义市,忠庄,细颗粒物(PM2.5),128,115,261,97,212,21,,92,80,40,18,42,22,1.1,0.9
2024-02-10T2300,1914A,106.9231,27.6506,遵义市,舟水桥,细颗粒物(PM2.5),98,101,267,73,194,17,,55,48,25,17,17,20,0.8,1
2024-02-10T2300,1915A,106.9178,27.72,遵义市,干田坝,细颗粒物(PM2.5),103,100,189,77,187,18,,71,58,36,23,28,27,0.9,1
2024-02-10T2300,3536A,106.8547,27.5919,遵义市,第十二小学,细颗粒物(PM2.5),249,219,243,199,213,5,,84,63,44,19,129,45,1.6,0.8
