timepoint,stationcode,longitude,latitude,area,positionname,primarypollutant,aqi,pm10,pm10_24h,pm2_5,pm2_5_24h,o3,o3_24h,o3_8h,o3_8h_24h,no2,no2_24h,so2,so2_24h,co,co_24h
2024-04-07T1800,2566A,102.1879,31.914,阿坝藏族羌族自治州,州农科所,颗粒物(PM10),70,89,19,14,7,23,,22,22,14,8,1,3,0.9,0.7
2024-04-07T1800,2568A,102.2502,31.8896,阿坝藏族羌族自治州,马师校,,22,17,14,8,13,70,,67,67,13,8,4,4,0.4,0.4
2024-04-07T1800,3994A,102.2165,31.9024,阿坝藏族羌族自治州,马尔康中学西区,,26,,17,18,13,76,,71,71,9,8,5,5,0.4,0.4
2024-04-07T1800,2695A,80.292,41.1694,阿克苏地区,电视台,颗粒物(PM10),83,115,155,34,45,118,,104,104,5,9,5,5,0.6,0.7
2024-04-07T1800,2696A,80.2613,41.1551,阿克苏地区,艺术中心,颗粒物(PM10),88,126,156,36,45,118,,104,104,9,12,4,4,0.6,0.7
2024-04-07T1800,2204A,105.6467,38.8363,阿拉善盟,西城区西花园,,49,47,49,23,21,156,,150,150,10,12,14,12,0.7,0.7
2024-04-07T1800,2205A,105.6985,38.8411,阿拉善盟,蒙二幼,,47,47,48,23,21,137,,130,130,10,9,11,10,0.5,0.6
2024-04-07T1800,2206A,105.724,38.8516,阿拉善盟,环保局新楼,,50,50,45,25,20,141,,134,134,10,9,8,8,0.5,0.5
2024-04-07T1800,2708A,88.1264,47.8517,阿勒泰地区,市站,,33,23,29,12,9,105,,91,91,2,8,4,5,0.2,0.2
2024-04-07T1800,2630A,80.1161,32.5,阿里地区,阿里监测站,,37,33,21,7,8,116,,106,106,4,8,8,10,0.4,0.5
2024-04-07T1800,3192A,80.0903,32.5028,阿里地区,阿里藏医院,,,0,13,,4,,,109,109,2,4,8,9,0.6,0.6
2024-04-07T1800,2642A,109.0318,32.6537,安康市,香溪洞,,36,36,24,11,12,97,,85,85,7,9,6,6,0.4,0.5
2024-04-07T1800,2643A,109.0281,32.6939,安康市,安康市监测站,,36,36,25,16,14,97,,92,92,9,12,8,9,0.5,0.5
2024-04-07T1800,2644A,109.0072,32.6975,安康市,汉滨区检察院,,34,27,25,15,13,106,,88,88,6,11,8,9,0.4,0.5
2024-04-07T1800,2291A,117.0809,30.5177,安庆市,环科院,,40,40,34,23,30,57,,72,60,19,17,6,7,0.7,0.6
2024-04-07T1800,2292A,117.0331,30.5119,安庆市,马山宾馆,,45,45,35,26,30,56,,76,60,24,19,6,8,0.7,0.5
2024-04-07T1800,2294A,116.9896,30.6145,安庆市,安庆大学,,21,21,36,13,30,62,,68,66,14,15,7,8,0.5,0.4
2024-04-07T1800,3173A,117.0598,30.5351,安庆市,市人大,,38,32,33,26,36,51,,74,58,23,19,4,5,0.7,0.6
2024-04-07T1800,3122A,105.9606,26.2611,安顺市,伍家关,,,,,,,,,,,,,,,,
2024-04-07T1800,3123A,105.9408,26.2431,安顺市,凤凰山,细颗粒物(PM2.5),52,44,30,36,23,44,,47,42,15,12,8,9,0.8,0.7
2024-04-07T1800,3124A,105.9439,26.2564,安顺市,金钟山,细颗粒物(PM2.5),55,48,28,39,24,44,,44,43,11,11,5,6,0.6,0.6
2024-04-07T1800,3125A,105.8983,26.2481,安顺市,娄家坡,细颗粒物(PM2.5),54,46,32,38,24,43,,45,43,11,10,6,8,0.7,0.7
2024-04-07T1800,1818A,114.4839,36.0621,安阳市,棉研所,,,,,,,,,,,,,,,,
2024-04-07T1800,1819A,114.3551,36.1017,安阳市,红庙街,颗粒物(PM10),54,57,75,21,38,120,,123,123,10,23,4,9,0.3,0.8
2024-04-07T1800,1820A,114.361,36.0681,安阳市,银杏小区,,48,48,64,15,48,119,,119,119,3,19,6,10,0.5,0.8
2024-04-07T1800,3141A,114.3922,36.0878,安阳市,信访局,,48,48,69,17,42,121,,120,120,5,20,3,6,0.4,0.6
2024-04-07T1800,3669A,114.4705,36.0637,安阳市,左辅环卫站,颗粒物(PM10),52,53,69,20,42,98,,111,111,8,20,7,7,0.3,0.5
2024-04-07T1800,3703A,114.2917,36.0949,安阳市,安钢职工学校,颗粒物(PM10),60,70,90,15,41,117,,124,124,11,31,6,15,0.7,1.1
2024-04-07T1800,1748A,123.044,41.1196,鞍山市,深沟寺,,33,33,108,12,66,103,,122,116,14,22,8,10,0.5,1
2024-04-07T1800,1749A,123.011,41.0931,鞍山市,太阳城,,48,48,111,17,63,105,,130,123,16,24,8,12,0.6,1.2
2024-04-07T1800,1750A,123.0485,41.1442,鞍山市,太平,,32,32,124,14,71,101,,118,112,21,35,4,10,0.3,0.8
2024-04-07T1800,1751A,122.9642,41.0971,鞍山市,铁西三道街,,42,42,135,16,85,100,,131,124,27,39,4,10,0.5,1.4
2024-04-07T1800,1752A,122.9341,41.0833,鞍山市,铁西工业园区,,34,30,153,17,98,106,,127,122,16,44,6,10,0.2,1.2
2024-04-07T1800,1753A,123.022,41.0821,鞍山市,明达新区,颗粒物(PM10),53,56,107,16,63,102,,124,116,18,26,10,13,0.5,1
2024-04-07T1800,1754A,123.1289,41.0228,鞍山市,千山,,,,,,,,,,,,,,,,
2024-04-07T1800,2195A,107.4212,40.761,巴彦淖尔市,附二中,颗粒物(PM10),63,75,83,28,29,142,,126,126,10,26,9,16,0.4,0.4
2024-04-07T1800,2196A,107.37,40.7372,巴彦淖尔市,市环保大楼,颗粒物(PM10),60,70,71,33,25,144,,130,130,9,24,6,9,0.3,0.3
2024-04-07T1800,1956A,86.1472,41.7538,巴音郭楞蒙古自治州,孔雀公园,颗粒物(PM10),80,109,173,28,40,123,,102,102,2,24,6,6,0.2,0.4
2024-04-07T1800,1957A,86.1972,41.7166,巴音郭楞蒙古自治州,棉纺厂,颗粒物(PM10),70,90,206,21,44,118,,100,100,8,22,3,4,0.3,0.3
2024-04-07T1800,1958A,86.2357,41.7173,巴音郭楞蒙古自治州,经济开发区,颗粒物(PM10),69,88,181,23,44,115,,101,101,10,16,6,6,0.3,0.3
2024-04-07T1800,2914A,106.7677,31.8794,巴中市,苏山坪,,21,12,16,8,9,66,,62,62,8,8,4,4,0.3,0.3
2024-04-07T1800,3182A,106.7656,31.8545,巴中市,丽阳花园,,23,12,21,8,12,72,,68,68,12,16,3,3,0.5,0.5
2024-04-07T1800,3183A,106.7418,31.8654,巴中市,圣泉水务公司,,20,13,18,10,12,64,,64,64,12,19,4,4,0.4,0.5
2024-04-07T1800,3616A,106.7616,31.8344,巴中市,市中心医院,,24,14,23,7,14,75,,71,71,8,15,6,5,0.4,0.4
2024-04-07T1800,2235A,122.7911,45.6077,白城市,洮北区环保局,颗粒物(PM10),108,165,36,19,16,104,,107,107,9,7,4,4,0.2,0.2
2024-04-07T1800,2236A,122.8738,45.5725,白城市,市环保局,细颗粒物(PM2.5),68,50,34,49,14,89,,90,90,9,12,4,4,0.5,0.5
2024-04-07T1800,2231A,126.4219,41.9171,白山市,喜丰,颗粒物(PM10),57,64,83,21,36,125,,139,136,19,20,11,15,0.9,1
2024-04-07T1800,2232A,126.4077,41.9419,白山市,环保局,颗粒物(PM10),54,58,75,34,50,126,,133,130,11,14,10,12,0.7,0.9
2024-04-07T1800,2647A,104.1724,36.5446,白银市,第三小学,,38,34,44,18,34,120,,108,108,12,26,6,10,0.4,0.8
2024-04-07T1800,2648A,104.1465,36.5482,白银市,动力公司,,41,41,39,15,29,122,,112,112,10,19,8,11,0.5,0.8
2024-04-07T1800,2512A,106.6103,23.9011,百色市,市监测站,,33,33,24,11,9,33,,31,31,17,14,9,6,0.8,0.8
2024-04-07T1800,2513A,106.6538,23.8859,百色市,市中心血站,,26,26,26,10,9,32,,30,30,18,17,10,11,0.9,0.9
2024-04-07T1800,3406A,106.6085,23.8798,百色市,祈福高中,,25,25,22,12,11,30,,29,29,17,13,10,11,0.8,0.8
2024-04-07T1800,2270A,117.396,32.939,蚌埠市,工人疗养院,颗粒物(PM10),62,74,84,35,49,99,,112,112,19,27,8,8,0.7,0.6
2024-04-07T1800,2271A,117.3605,32.9427,蚌埠市,百货大楼,颗粒物(PM10),67,84,82,45,47,102,,115,115,24,28,5,5,0.8,0.7
2024-04-07T1800,2273A,117.4185,32.8911,蚌埠市,蚌埠学院,细颗粒物(PM2.5),59,61,71,42,50,90,,115,112,26,36,6,12,0.7,0.6
2024-04-07T1800,2274A,117.3533,32.9673,蚌埠市,淮上区政府,细颗粒物(PM2.5),64,73,74,46,54,109,,116,116,9,22,6,6,0.6,0.5
2024-04-07T1800,2275A,117.3145,32.8977,蚌埠市,高新区,颗粒物(PM10),51,51,62,35,48,111,,122,122,18,26,7,7,0.7,0.6
2024-04-07T1800,3715A,117.3092,32.9314,蚌埠市,蚌埠田家炳中学,颗粒物(PM10),62,73,82,39,50,111,,121,121,16,26,6,7,0.6,0.6
2024-04-07T1800,1585A,109.8756,40.6532,包头市,市环境监测站,,47,47,51,12,18,138,,122,122,19,30,13,14,0.4,0.3
2024-04-07T1800,1587A,109.9991,40.5842,包头市,包头八中,,,55,68,23,32,134,,121,121,20,41,12,23,,0.7
2024-04-07T1800,1588A,109.8538,40.6821,包头市,青山宾馆,,,44,47,23,19,135,,127,127,,29,14,13,0.6,0.5
2024-04-07T1800,1589A,109.8642,40.6288,包头市,惠龙物流,,45,44,47,24,21,144,,134,134,17,31,12,16,0.6,0.7
2024-04-07T1800,1590A,110.0377,40.5546,包头市,东河鸿龙湾,细颗粒物(PM2.5),53,46,58,37,25,138,,128,128,15,27,11,12,0.6,0.8
2024-04-07T1800,3283A,109.9154,40.5685,包头市,滨河大厦,颗粒物(PM10),51,52,48,24,23,144,,131,131,11,29,10,14,0.6,0.7
2024-04-07T1800,3419A,109.9447,40.6261,包头市,包头市委党校,,46,46,48,21,18,147,,125,125,16,38,12,17,0.9,0.9
2024-04-07T1800,3683A,109.8331,40.6576,包头市,昆区政府,,43,43,46,24,20,127,,119,119,26,26,14,14,0.9,0.8
2024-04-07T1800,1930A,107.185,34.3063,宝鸡市,庙沟村,,41,41,49,19,25,101,,81,81,12,25,8,8,0.7,0.7
2024-04-07T1800,1931A,107.0708,34.3017,宝鸡市,竹园沟,,42,42,48,21,29,117,,92,92,16,19,3,3,0.5,0.5
2024-04-07T1800,1932A,107.1906,34.3672,宝鸡市,三陆医院,颗粒物(PM10),51,52,65,26,34,112,,84,84,18,31,6,8,0.5,0.7
2024-04-07T1800,1933A,107.1431,34.3547,宝鸡市,监测站,,49,49,57,26,32,111,,87,87,19,32,6,6,0.6,0.6
2024-04-07T1800,1934A,107.1186,34.3739,宝鸡市,技工学校,颗粒物(PM10),51,51,56,22,30,111,,91,91,21,23,5,6,0.4,0.5
2024-04-07T1800,1935A,107.3906,34.3528,宝鸡市,陈仓区环保局家属楼,颗粒物(PM10),52,54,72,18,44,114,,99,99,17,33,4,36,0.6,0.8
2024-04-07T1800,1936A,107.2058,34.3497,宝鸡市,文理学院,颗粒物(PM10),52,53,63,24,30,116,,89,89,19,33,4,6,0.5,0.6
2024-04-07T1800,1937A,107.2386,34.3622,宝鸡市,三迪小学,颗粒物(PM10),52,54,64,30,36,112,,88,88,20,38,6,7,0.5,0.7
2024-04-07T1800,1051A,115.493,38.8632,保定市,游泳馆,颗粒物(PM10),64,78,146,28,79,127,,116,116,14,27,3,7,0.3,0.7
2024-04-07T1800,1052A,115.5213,38.8959,保定市,华电二区,颗粒物(PM10),59,68,102,26,65,120,,108,108,11,22,1,5,0.2,0.7
2024-04-07T1800,1053A,115.4713,38.9108,保定市,接待中心,颗粒物(PM10),54,57,115,27,72,114,,106,106,13,22,2,5,0.2,0.6
2024-04-07T1800,1054A,115.4612,38.8416,保定市,地表水厂,颗粒物(PM10),73,96,144,26,74,115,,113,113,22,41,4,8,0.6,1.1
2024-04-07T1800,3581A,115.31981,38.95208,保定市,满城区生态环境分局,颗粒物(PM10),65,80,136,29,68,114,,110,110,9,21,6,8,0.2,0.5
2024-04-07T1800,3582A,115.47694,38.76408,保定市,清苑区第二中学,颗粒物(PM10),68,86,138,28,72,123,,118,118,19,34,5,7,0.2,0.6
2024-04-07T1800,3583A,115.62909,39.02311,保定市,徐水物探局,颗粒物(PM10),65,80,134,17,61,113,,105,105,19,29,6,8,0.2,0.5
2024-04-07T1800,4004A,115.4202,38.8656,保定市,双鹰农机,细颗粒物(PM2.5),110,84,121,83,85,117,,113,113,18,27,5,8,0.4,0.8
2024-04-07T1800,4034A,115.5150,38.8590,保定市,植保所站,颗粒物(PM10),53,55,117,29,70,121,,116,116,18,35,4,6,0.3,0.7
2024-04-07T1800,2594A,99.1678,25.1081,保山市,市环境监测站,颗粒物(PM10),54,57,66,30,34,128,,134,131,7,7,8,10,0.5,0.6
2024-04-07T1800,2595A,99.1711,25.1328,保山市,市环保局,颗粒物(PM10),53,56,69,17,33,127,,127,,4,5,8,9,0.4,0.6
2024-04-07T1800,1866A,109.2262,21.588,北海市,牛尾岭水库,,,,,,,,,,,,,,,,
2024-04-07T1800,1867A,109.1436,21.4086,北海市,海滩公园,,38,38,49,15,22,51,,42,42,16,15,9,10,0.8,0.8
2024-04-07T1800,1868A,109.0981,21.4661,北海市,新市环保局,,28,26,38,19,22,44,,39,39,12,13,7,7,0.9,0.9
2024-04-07T1800,1869A,109.1778,21.5233,北海市,北海工业园,颗粒物(PM10),51,52,45,22,23,43,,35,35,16,15,10,10,0.9,0.9
2024-04-07T1800,3400A,109.1911,21.4415,北海市,龙潭自来水厂,,30,30,40,19,27,55,,41,41,10,12,5,8,0.8,0.8
2024-04-07T1800,1001A,116.3621,39.8784,北京市,万寿西宫,,44,44,61,12,27,97,,92,92,15,30,1,2,0.2,0.4
2024-04-07T1800,1002A,116.2202,40.2915,北京市,定陵,,,,,,,,,,,,,,,,
2024-04-07T1800,1003A,116.4174,39.9289,北京市,东四,,44,44,61,10,26,100,,96,96,11,25,3,2,0.3,0.1
2024-04-07T1800,1004A,116.4072,39.8863,北京市,天坛,,38,38,59,9,26,96,,93,93,21,29,1,2,0.1,0.3
2024-04-07T1800,1005A,116.462,39.9365,北京市,农展馆,,43,43,58,9,22,96,,92,92,22,33,2,3,0.1,0.3
2024-04-07T1800,1006A,116.3392,39.9295,北京市,官园,,46,46,57,11,21,107,,101,101,15,22,2,3,0.4,0.4
2024-04-07T1800,1007A,116.2878,39.9611,北京市,海淀万柳,,50,50,58,10,22,99,,100,100,18,25,2,3,0.3,0.4
2024-04-07T1800,1008A,116.6636,40.135,北京市,顺义新城,,37,37,64,9,26,97,,92,92,17,30,3,2,0.2,0.3
2024-04-07T1800,1009A,116.6275,40.3275,北京市,怀柔镇,,49,49,42,10,12,97,,93,93,19,17,1,1,0.2,0.3
2024-04-07T1800,1010A,116.2296,40.217,北京市,昌平镇,颗粒物(PM10),56,61,34,12,7,95,,91,91,18,23,3,3,0.2,0.2
2024-04-07T1800,1011A,116.3966,39.9821,北京市,奥体中心,,44,44,49,11,18,92,,83,83,21,37,1,2,0.1,0.3
2024-04-07T1800,1012A,116.184,39.9136,北京市,古城,,41,41,55,9,16,100,,98,98,14,25,3,2,0.3,0.5
2024-04-07T1800,3281A,115.9718,40.4529,北京市,延庆夏都,,31,28,35,9,10,99,,91,91,5,18,1,2,0.2,0.2
2024-04-07T1800,3417A,117.0709,40.1465,北京市,平谷新城,,39,39,56,10,23,92,,94,94,12,19,1,2,0.1,0.3
2024-04-07T1800,3418A,116.8336,40.4095,北京市,密云新城,,48,48,47,12,13,97,,96,96,16,22,3,3,0.2,0.3
2024-04-07T1800,3671A,116.088,39.9726,北京市,门头沟三家店,,,,,,,,,,,,,,,,
2024-04-07T1800,3672A,116.1541,39.8204,北京市,丰台云岗,,41,41,55,9,17,98,,93,93,10,16,3,3,0.2,0.3
2024-04-07T1800,3673A,116.6804,39.9081,北京市,通州东关,,38,38,68,9,29,97,,90,90,11,27,3,3,0.2,0.3
2024-04-07T1800,3674A,115.9577,39.7603,北京市,房山燕山,,37,37,54,11,23,102,,93,93,14,16,3,3,0.2,0.3
2024-04-07T1800,3675A,116.4672,39.7733,北京市,大兴旧宫,,35,35,63,9,29,95,,88,88,15,27,3,2,0.2,0.3
2024-04-07T1800,3694A,115.986,40.4563,北京市,延庆石河营,,32,32,38,10,10,98,,93,93,12,21,3,3,0.2,0.2
2024-04-07T1800,3695A,116.6151,40.3053,北京市,怀柔新城,颗粒物(PM10),51,51,41,14,13,101,,95,95,17,14,3,3,0.1,0.2
2024-04-07T1800,3696A,116.2545,39.8768,北京市,丰台小屯,,45,45,65,9,21,93,,91,91,15,38,3,2,0.2,0.3
2024-04-07T1800,3697A,116.84,40.3844,北京市,密云镇,,43,43,48,12,14,94,,90,90,10,26,3,2,0.3,0.3
2024-04-07T1800,1761A,123.8275,41.3064,本溪市,大峪,,40,40,100,20,57,119,,127,127,18,26,12,10,0.8,0.8
2024-04-07T1800,1762A,123.7567,41.3325,本溪市,溪湖,颗粒物(PM10),51,52,139,17,72,119,,127,127,18,39,11,18,0.6,1.7
2024-04-07T1800,1763A,123.7169,41.3094,本溪市,彩屯,"颗粒物(PM10),细颗粒物(PM2.5)",72,93,127,52,78,115,,128,128,26,34,12,15,0.9,1.6
2024-04-07T1800,1764A,123.7669,41.2864,本溪市,东明,颗粒物(PM10),59,68,105,23,77,99,,123,120,35,37,15,10,1.3,1
2024-04-07T1800,1765A,123.7992,41.2664,本溪市,新立屯,颗粒物(PM10),55,60,83,35,56,103,,136,130,36,39,13,13,0.5,0.6
2024-04-07T1800,1766A,123.8142,41.3472,本溪市,威宁,颗粒物(PM10),57,63,131,16,63,104,,114,114,20,37,11,8,0.8,0.9
2024-04-07T1800,2587A,105.2864,27.3125,毕节市,八中,,18,12,9,12,6,57,,58,58,10,10,6,5,0.5,0.5
2024-04-07T1800,2588A,105.31,27.2944,毕节市,师专,,16,9,10,4,6,51,,58,54,11,9,5,5,0.4,0.4
2024-04-07T1800,3537A,105.3631,27.3533,毕节市,长征村,,19,5,13,3,10,58,,61,58,9,9,5,5,0.5,0.5
2024-04-07T1800,1629A,118.0018,37.3617,滨州市,第二水厂,颗粒物(PM10),64,78,80,27,37,144,,144,144,19,30,16,10,0.8,0.8
2024-04-07T1800,1630A,117.9776,37.393,滨州市,北中新校,颗粒物(PM10),59,68,78,22,32,144,,141,141,19,28,15,20,0.5,0.7
2024-04-07T1800,3514A,117.9378,37.3956,滨州市,中海酒店,颗粒物(PM10),60,70,80,24,43,148,,144,144,13,24,13,24,0.6,0.8
2024-04-07T1800,3515A,117.9378,37.3553,滨州市,开发区一中,颗粒物(PM10),67,83,82,29,38,124,,123,123,23,34,14,13,0.7,0.8
2024-04-07T1800,3516A,118.0917,37.694,滨州市,金海六路,颗粒物(PM10),59,68,76,24,36,150,,147,147,17,28,10,13,0.5,0.6
2024-04-07T1800,4028A,117.9956,37.3753,滨州市,滨州市西街道办事处,颗粒物(PM10),60,70,75,27,41,131,,133,133,18,24,15,13,0.7,0.7
2024-04-07T1800,2311A,115.8072,33.8399,亳州市,污水处理厂,,41,33,56,17,29,130,,131,131,12,22,12,12,0.4,0.4
2024-04-07T1800,2312A,115.7789,33.8518,亳州市,三国揽胜宫,,44,44,61,14,24,127,,125,125,11,18,9,10,0.5,0.5
2024-04-07T1800,3332A,115.7633,33.8034,亳州市,亳州学院,,40,40,54,20,26,128,,129,129,10,14,10,10,0.7,0.7
2024-04-07T1800,2693A,82.0485,44.8556,博尔塔拉蒙古自治州,市党校,,37,24,30,17,18,118,,101,101,5,8,7,7,0.2,0.3
2024-04-07T1800,2694A,82.0806,44.8969,博尔塔拉蒙古自治州,市环保局,,44,44,50,15,19,102,,88,88,11,20,8,9,0.2,0.4
2024-04-07T1800,1071A,116.8842,38.2991,沧州市,沧县城建局,颗粒物(PM10),68,86,96,42,54,149,,143,143,24,26,6,9,0.6,0.6
2024-04-07T1800,1072A,116.8584,38.3254,沧州市,电视转播站,颗粒物(PM10),66,82,89,39,51,156,,145,145,12,17,11,12,0.3,0.3
2024-04-07T1800,1073A,116.8709,38.3228,沧州市,市环保局,颗粒物(PM10),72,94,98,49,59,153,,156,156,19,21,4,6,0.4,0.4
2024-04-07T1800,3324A,116.8136,38.3004,沧州市,河北水利电力学院,颗粒物(PM10),71,92,101,38,54,148,,143,143,14,27,7,8,0.3,0.4
2024-04-07T1800,2622A,97.1806,31.1273,昌都市,昌都监测站,,45,45,14,6,8,118,,113,113,8,9,8,8,0.5,0.6
2024-04-07T1800,3719A,97.1714,31.1406,昌都市,昌都会议中心,,39,,7,14,9,122,,105,105,5,7,9,9,0.5,0.6
2024-04-07T1800,2690A,88.1236,43.8886,昌吉回族自治州,天山天池,,,,8,,7,,,90,,,6,,6,,0.5
2024-04-07T1800,2692A,87.2717,44.0297,昌吉回族自治州,新区政务中心,,38,18,29,12,14,120,,107,107,13,22,6,6,0.3,0.4
2024-04-07T1800,3613A,87.3095,44.0142,昌吉回族自治州,亚心广场,,37,29,30,5,6,116,,104,104,11,22,6,6,0.3,0.3
2024-04-07T1800,1119A,125.3325,43.9166,长春市,食品厂,颗粒物(PM10),88,126,84,51,43,89,,124,123,31,28,8,8,0.5,0.5
2024-04-07T1800,1120A,125.2863,43.9027,长春市,客车厂,颗粒物(PM10),86,122,82,44,41,90,,126,126,28,25,6,6,0.5,0.5
2024-04-07T1800,1121A,125.2841,43.8463,长春市,邮电学院,,,128,85,27,33,98,,128,128,21,20,,9,0.4,0.4
2024-04-07T1800,1122A,125.3716,43.8772,长春市,劳动公园,颗粒物(PM10),84,117,84,35,33,106,,139,139,21,23,6,7,0.4,0.4
2024-04-07T1800,1123A,125.3297,43.8805,长春市,园林处,颗粒物(PM10),75,100,70,23,28,95,,123,123,21,25,10,11,0.5,0.5
2024-04-07T1800,1124A,125.4605,43.79,长春市,净月潭,颗粒物(PM10),80,109,66,26,27,107,,130,130,10,10,8,8,0.4,0.4
2024-04-07T1800,1125A,125.7194,43.515,长春市,甩湾子,,,,,,,,,,,,,,,,
2024-04-07T1800,1126A,125.3863,43.8447,长春市,经开区环卫处,颗粒物(PM10),79,108,76,28,31,102,,130,130,18,24,6,7,0.4,0.4
2024-04-07T1800,1127A,125.245,43.7783,长春市,高新区管委会,颗粒物(PM10),95,140,76,29,26,99,,128,128,17,20,7,8,0.4,0.4
2024-04-07T1800,1128A,125.1761,43.8325,长春市,岱山公园,颗粒物(PM10),98,146,80,33,32,90,,126,126,24,27,7,8,0.3,0.4
2024-04-07T1800,1335A,113.0833,28.2325,长沙市,经开区环保局,细颗粒物(PM2.5),72,55,51,52,52,71,,75,75,27,19,5,5,0.6,0.5
2024-04-07T1800,1336A,112.8872,28.2189,长沙市,高开区环保局,细颗粒物(PM2.5),68,60,52,49,51,80,,77,77,14,13,4,4,0.6,0.6
2024-04-07T1800,1337A,113.0792,28.2053,长沙市,马坡岭,细颗粒物(PM2.5),75,55,53,55,56,70,,71,71,28,25,6,6,0.6,0.6
2024-04-07T1800,1338A,112.9394,28.19,长沙市,湖南师范大学,细颗粒物(PM2.5),72,64,65,52,52,83,,79,79,14,13,3,4,0.6,0.6
2024-04-07T1800,1339A,113.0178,28.1322,长沙市,雨花区环保局,细颗粒物(PM2.5),60,56,52,43,46,68,,70,70,25,22,4,4,0.7,0.6
2024-04-07T1800,1340A,112.9792,28.2597,长沙市,伍家岭,细颗粒物(PM2.5),73,56,59,53,59,71,,67,67,20,20,5,5,0.9,0.8
2024-04-07T1800,1341A,113.0014,28.1944,长沙市,火车新站,细颗粒物(PM2.5),64,51,51,46,49,79,,80,80,22,18,3,4,0.8,0.7
2024-04-07T1800,1342A,112.9844,28.1178,长沙市,天心区环保局,,,62,60,50,51,53,,53,53,34,31,,2,0.5,0.5
2024-04-07T1800,1343A,112.8908,28.1308,长沙市,湖南中医药大学,细颗粒物(PM2.5),75,60,56,55,57,65,,57,57,16,18,3,3,0.8,0.8
2024-04-07T1800,1344A,112.9581,28.3611,长沙市,沙坪,,48,48,52,29,28,79,,74,74,16,14,6,6,0.6,0.6
2024-04-07T1800,1727A,113.1147,36.1547,长治市,清华站,颗粒物(PM10),56,62,82,36,43,120,,126,126,28,33,9,12,0.8,0.8
2024-04-07T1800,1728A,113.1031,36.1989,长治市,监测站,颗粒物(PM10),57,64,79,36,45,118,,134,134,30,30,13,16,0.8,0.9
2024-04-07T1800,1730A,113.0886,36.2125,长治市,审计局,颗粒物(PM10),54,58,69,36,47,134,,140,139,23,30,13,16,0.5,0.6
2024-04-07T1800,1731A,113.0844,36.1856,长治市,长治八中,颗粒物(PM10),64,78,90,32,43,128,,134,134,35,39,8,11,0.6,0.8
2024-04-07T1800,2845A,113.1569,36.1911,长治市,德盛苑,细颗粒物(PM2.5),55,58,59,39,39,129,,136,136,23,24,10,13,0.7,0.8
2024-04-07T1800,3568A,113.06,36.0464,长治市,向阳小学,细颗粒物(PM2.5),88,103,102,65,62,111,,130,130,40,30,19,17,0.9,1
2024-04-07T1800,3569A,112.8792,36.3144,长治市,屯留一中,细颗粒物(PM2.5),65,68,78,47,52,140,,144,144,18,32,10,16,0.7,0.8
2024-04-07T1800,3570A,113.235,36.3489,长治市,潞城四中,颗粒物(PM10),60,70,95,32,47,152,,159,159,14,41,6,9,0.4,0.7
2024-04-07T1800,1854A,111.6975,28.9703,常德市,市二中,颗粒物(PM10),61,71,56,42,38,111,,100,100,16,16,7,7,0.6,0.6
2024-04-07T1800,1857A,111.7158,29.1456,常德市,白鹤山,颗粒物(PM10),69,87,57,49,49,76,,61,61,9,6,3,3,0.8,0.7
2024-04-07T1800,3138A,111.7153,29.0289,常德市,武陵区永安,颗粒物(PM10),53,56,48,31,32,117,,107,107,11,18,8,8,0.6,0.5
2024-04-07T1800,3139A,111.6892,28.9881,常德市,鼎城区玉霞,颗粒物(PM10),52,54,57,34,30,118,,101,101,13,18,9,9,0.6,0.6
2024-04-07T1800,3140A,111.6625,29.0531,常德市,武陵区长庚,颗粒物(PM10),55,60,51,33,35,118,,93,93,11,18,8,8,0.6,0.6
2024-04-07T1800,1196A,119.9633,31.762,常州市,市监测站,颗粒物(PM10),61,72,89,26,45,68,,84,83,38,41,7,8,0.6,0.6
2024-04-07T1800,1200A,119.9468,31.7069,常州市,武进监测站,颗粒物(PM10),61,72,84,27,35,58,,80,76,44,35,13,15,0.9,0.8
2024-04-07T1800,1201A,119.9255,31.9087,常州市,安家,颗粒物(PM10),57,63,81,28,45,57,,89,86,42,44,5,8,0.8,0.8
2024-04-07T1800,3002A,119.9805,31.8174,常州市,行政中心,,49,49,69,34,44,74,,90,87,29,36,9,10,0.6,0.6
2024-04-07T1800,3003A,120.0522,31.7748,常州市,经开区,颗粒物(PM10),53,55,87,25,42,76,,87,85,35,40,6,7,0.5,0.5
2024-04-07T1800,3010A,119.9025,31.7964,常州市,钟楼,颗粒物(PM10),54,57,81,26,42,66,,85,83,38,38,7,9,0.8,0.8
2024-04-07T1800,3429A,119.8598,31.7066,常州市,武进经发区,,46,46,58,24,31,48,,84,78,55,39,6,8,1.0,0.9
2024-04-07T1800,3430A,119.5826,31.7245,常州市,金坛城区,,48,48,47,28,28,47,,84,80,55,33,5,7,0.9,0.7
2024-04-07T1800,2220A,120.4318,41.5881,朝阳市,西梁,,39,36,70,27,25,87,,97,97,15,29,9,16,0.5,0.7
2024-04-07T1800,2221A,120.4521,41.5646,朝阳市,河畔小区,,40,40,72,17,21,88,,98,98,18,26,7,10,0.4,0.6
2024-04-07T1800,2222A,120.4176,41.5648,朝阳市,八里堡,,49,49,77,20,25,88,,98,98,15,31,8,15,0.5,0.7
2024-04-07T1800,2223A,120.3806,41.5969,朝阳市,农业园区,,31,29,88,13,22,98,,104,104,8,25,7,12,0.3,0.4
2024-04-07T1800,1705A,116.6367,23.6719,潮州市,西园路,,39,39,26,20,16,14,,31,25,39,21,6,6,1.0,0.6
2024-04-07T1800,3026A,116.6183,23.6608,潮州市,市政府,,30,30,24,19,19,23,,40,31,40,25,11,8,1.2,0.8
2024-04-07T1800,4036A,116.6461,23.6761,潮州市,金山,,38,34,23,26,19,15,,29,21,37,23,8,7,1.2,0.8
2024-04-07T1800,2472A,113.0073,25.9061,郴州市,马头岭,,16,14,22,11,10,42,,44,43,15,10,3,3,0.8,0.8
2024-04-07T1800,2473A,113.0116,25.8226,郴州市,市职中,,18,16,19,12,17,39,,44,41,18,13,4,4,0.7,0.7
2024-04-07T1800,2474A,113.0161,25.8001,郴州市,兴隆步行街,,20,20,23,14,17,44,,46,43,14,11,3,3,0.8,0.8
2024-04-07T1800,2475A,113.0383,25.8071,郴州市,市审计局,,19,,18,13,14,43,,43,41,15,13,4,4,0.9,0.8
2024-04-07T1800,2476A,113.0348,25.7759,郴州市,市环保局,,15,14,20,10,16,37,,41,36,18,13,2,2,0.8,0.8
2024-04-07T1800,1431A,103.9728,30.7236,成都市,金泉两河,,36,36,35,16,15,53,,45,45,13,21,1,1,0.4,0.4
2024-04-07T1800,1432A,104.176,30.6872,成都市,十里店,,42,42,31,21,17,51,,64,57,29,22,1,1,0.6,0.5
2024-04-07T1800,1433A,104.079,30.5706,成都市,三瓦窑,,43,40,32,30,17,52,,69,56,30,24,2,2,0.5,0.4
2024-04-07T1800,1434A,104.1114,30.63,成都市,沙河铺,,40,36,34,28,19,43,,61,50,27,17,2,2,0.5,0.4
2024-04-07T1800,1437A,104.0786,30.6531,成都市,君平街,,40,40,32,23,15,55,,67,61,26,22,5,4,0.6,0.6
2024-04-07T1800,1438A,103.613,31.0283,成都市,灵岩寺,,21,17,16,11,12,65,,68,58,10,10,6,10,0.5,0.5
2024-04-07T1800,2880A,104.0239,30.65639,成都市,大石西路,,33,33,34,19,16,50,,64,57,31,23,3,2,0.6,0.5
2024-04-07T1800,3136A,104.2725,30.5589,成都市,龙泉驿区区政府,,25,22,20,17,12,59,,63,62,30,17,2,1,0.6,0.5
2024-04-07T1800,3357A,104.0106,30.6931,成都市,金博路,,29,25,30,20,17,51,,51,49,18,20,1,1,0.5,0.5
2024-04-07T1800,3359A,104.0578,30.5225,成都市,华阳,,39,34,31,27,20,65,,65,60,22,22,2,2,0.5,0.5
2024-04-07T1800,3487A,104.2394,30.5319,成都市,车城东七路,,35,35,33,24,20,65,,64,64,26,22,3,3,0.5,0.5
2024-04-07T1800,3488A,104.3853,30.7453,成都市,青白江技师分院,,22,22,25,11,10,56,,62,58,24,20,2,2,0.5,0.5
2024-04-07T1800,3489A,104.0789,30.4072,成都市,科学城,,33,30,30,23,15,74,,78,69,18,18,5,4,0.5,0.5
2024-04-07T1800,4011A,103.8506,30.6947,成都市,光华大道三段,,32,26,35,22,19,59,,47,47,17,20,1,3,0.5,0.5
2024-04-07T1800,1062A,117.9531,40.9081,承德市,铁路,,32,32,40,10,9,93,,90,90,7,9,11,13,0.2,0.3
2024-04-07T1800,1063A,117.9392,40.9763,承德市,中国银行,,32,21,40,18,8,100,,97,97,10,21,10,11,0.3,0.3
2024-04-07T1800,1064A,117.9503,40.928,承德市,开发区,,39,39,51,19,15,90,,89,89,12,22,10,10,0.2,0.3
2024-04-07T1800,1065A,117.8051,40.9655,承德市,文化中心,,46,46,66,13,12,92,,93,93,11,28,6,15,0.3,0.3
2024-04-07T1800,1066A,117.9268,41.0026,承德市,离宫,,42,42,37,5,11,92,,89,89,2,11,5,5,0.2,0.2
2024-04-07T1800,2314A,117.47,30.6618,池州市,池州学院,,25,17,28,17,24,43,,64,55,33,17,3,3,0.6,0.5
2024-04-07T1800,3237A,117.4918,30.6617,池州市,展览馆,,20,20,21,14,21,34,,62,52,39,13,3,3,0.5,0.5
2024-04-07T1800,3333A,117.5627,30.695,池州市,第八中学,,19,17,31,13,22,42,,58,50,29,12,2,2,0.6,0.6
2024-04-07T1800,3334A,117.5038,30.6243,池州市,第十二中学,,19,18,30,13,23,38,,53,51,30,16,3,3,0.6,0.7
2024-04-07T1800,1744A,118.9233,42.2816,赤峰市,松山一中,,28,28,39,2,8,80,,83,83,17,27,9,10,0.3,0.4
2024-04-07T1800,1745A,118.9576,42.2728,赤峰市,哈达街,,30,30,33,14,7,74,,79,79,22,22,10,11,0.5,0.5
2024-04-07T1800,1746A,118.8788,42.2554,赤峰市,天义路,,24,24,32,6,12,71,,77,77,13,12,5,8,0.4,0.4
2024-04-07T1800,3058A,119.2658,42.0353,赤峰市,银河街,,,37,63,12,22,,,86,86,17,23,11,18,0.4,0.6
2024-04-07T1800,3286A,118.9359,42.3147,赤峰市,桥北物流园区,,43,43,35,22,15,82,,86,86,16,28,4,6,0.5,0.3
2024-04-07T1800,2521A,107.3476,22.4136,崇左市,市环保局江州分局,,19,19,19,7,11,25,,18,18,11,12,7,7,0.8,0.9
2024-04-07T1800,2522A,107.3702,22.3707,崇左市,城南新区,,20,20,22,8,13,30,,21,21,9,14,6,6,0.7,0.8
2024-04-07T1800,2298A,118.3093,32.3153,滁州市,老年大学,,46,36,80,32,61,74,,83,83,39,28,8,10,0.6,0.8
2024-04-07T1800,2299A,118.3244,32.2786,滁州市,人大宾馆,,43,43,88,28,63,78,,84,84,36,31,6,8,0.8,1
2024-04-07T1800,3207A,118.3118,32.3038,滁州市,市政府原办公楼,细颗粒物(PM2.5),53,45,85,37,62,68,,84,84,49,31,8,8,0.7,0.9
2024-04-07T1800,3331A,118.3267,32.2634,滁州市,图书馆,,42,42,86,28,60,74,,82,82,36,31,7,9,0.8,1
2024-04-07T1800,2605A,101.5482,25.0441,楚雄彝族自治州,州环境监测站,,45,45,56,20,39,125,,128,128,5,10,8,9,0.4,0.5
2024-04-07T1800,2606A,101.538,25.0492,楚雄彝族自治州,市经济开发区,,38,37,59,24,39,121,,126,126,6,11,5,6,0.5,0.6
2024-04-07T1800,2548A,107.5277,31.2827,达州市,达州职业技术学院,,23,23,23,5,5,57,,62,62,25,21,5,5,0.7,0.6
2024-04-07T1800,2549A,107.5086,31.2186,达州市,市环境监测站,,25,25,20,9,6,66,,66,66,24,27,5,5,0.6,0.5
2024-04-07T1800,2550A,107.4988,31.2132,达州市,凤凰小区,,34,34,18,7,7,65,,70,70,25,26,6,6,0.7,0.7
2024-04-07T1800,2551A,107.5082,31.1986,达州市,达县机关宾馆,,36,36,19,12,11,52,,64,64,39,30,5,4,0.6,0.5
2024-04-07T1800,2552A,107.4644,31.2124,达州市,市政中心,,30,30,25,9,7,57,,69,69,34,25,8,6,0.7,0.6
2024-04-07T1800,2614A,100.1542,25.7054,大理白族自治州,大理市环境监测站,,38,26,40,23,32,120,,130,120,8,8,7,8,0.6,0.7
2024-04-07T1800,2615A,100.2171,25.5811,大理白族自治州,大理古城,,37,37,45,20,25,117,,131,116,8,5,6,6,0.7,0.7
2024-04-07T1800,1109A,121.612,38.9741,大连市,甘井子,细颗粒物(PM2.5),110,146,118,83,70,97,,104,104,69,36,7,8,0.8,0.8
2024-04-07T1800,1110A,121.565,38.9511,大连市,周水子,细颗粒物(PM2.5),124,,107,94,72,115,,117,117,50,33,10,9,1.2,1
2024-04-07T1800,1111A,121.5637,38.8845,大连市,星海三站,细颗粒物(PM2.5),104,113,102,78,71,124,,109,109,30,25,6,7,0.9,0.8
2024-04-07T1800,1112A,121.6302,38.9117,大连市,青泥洼桥,细颗粒物(PM2.5),115,137,110,87,69,145,,130,130,32,30,12,13,1.1,1
2024-04-07T1800,1113A,121.6251,38.8638,大连市,傅家庄,细颗粒物(PM2.5),79,90,102,58,68,82,,117,115,34,19,10,11,0.9,0.9
2024-04-07T1800,1114A,121.5213,38.8661,大连市,七贤岭,细颗粒物(PM2.5),99,128,110,74,66,136,,117,117,27,26,12,13,0.7,0.7
2024-04-07T1800,1115A,121.2529,38.8061,大连市,旅顺,细颗粒物(PM2.5),109,120,109,82,72,118,,109,109,38,33,11,12,1.0,1
2024-04-07T1800,1116A,121.7485,39.1311,大连市,金州,细颗粒物(PM2.5),137,159,118,104,78,129,,118,118,50,28,15,14,1.1,0.9
2024-04-07T1800,1117A,121.7811,39.0496,大连市,开发区,细颗粒物(PM2.5),98,121,117,73,72,124,,104,104,40,38,7,9,0.5,0.6
2024-04-07T1800,1118A,121.9762,39.0631,大连市,双D港,颗粒物(PM10),67,83,102,44,69,107,,114,114,17,26,8,11,0.8,0.9
2024-04-07T1800,1789A,124.81117,46.03138,大庆市,大同区,颗粒物(PM10),98,145,63,33,27,76,,86,85,8,9,7,7,0.3,0.4
2024-04-07T1800,1790A,125.129,46.533,大庆市,龙凤区,,38,30,54,26,20,80,,88,87,7,13,4,5,0.2,0.3
2024-04-07T1800,1791A,124.902,46.408,大庆市,红岗区,颗粒物(PM10),71,91,57,31,17,81,,85,85,6,7,5,6,0.4,0.4
2024-04-07T1800,1792A,125.153,46.586,大庆市,萨尔图区,,39,39,58,19,18,78,,86,86,5,9,5,6,0.2,0.2
2024-04-07T1800,1793A,124.9042,46.6215,大庆市,让胡路区,颗粒物(PM10),71,91,66,30,25,77,,88,87,5,9,6,7,0.3,0.4
2024-04-07T1800,3481A,125.141,46.634,大庆市,萨区政府监测点,,38,38,46,13,17,80,,89,88,3,9,6,7,0.2,0.3
2024-04-07T1800,1721A,113.3819,40.1097,大同市,果树场,,,,,,,,,,,,,,,,
2024-04-07T1800,1723A,113.2994,40.0758,大同市,云冈宾馆,,38,38,46,14,15,121,,106,106,15,24,6,12,0.1,0.4
2024-04-07T1800,1724A,113.3444,40.0917,大同市,大同大学,,39,34,45,16,16,122,,104,104,9,21,15,21,0.3,0.5
2024-04-07T1800,1725A,113.2661,40.1269,大同市,安家小村,,40,40,58,18,16,114,,100,100,11,18,14,19,0.2,0.7
2024-04-07T1800,1726A,113.2711,40.0844,大同市,教育学院,,45,45,53,20,16,118,,101,101,16,27,10,16,0.4,0.7
2024-04-07T1800,3282A,113.3397,40.0597,大同市,大同市卫生学校,颗粒物(PM10),51,51,52,20,15,116,,102,102,19,26,7,14,0.3,0.5
2024-04-07T1800,3565A,113.1367,40.1122,大同市,云冈站,,48,48,48,15,16,122,,106,106,14,29,9,17,0.3,0.5
2024-04-07T1800,3566A,113.1186,40.2556,大同市,图书馆,,37,37,33,17,14,114,,108,108,17,16,15,13,0.4,0.6
2024-04-07T1800,3567A,113.5931,40.0461,大同市,区一中,,36,34,46,6,18,113,,100,100,9,12,7,6,0.3,0.4
2024-04-07T1800,3676A,113.2802,40.0995,大同市,第二人民医院,,42,42,54,16,16,121,,105,105,14,23,10,14,0.4,0.7
2024-04-07T1800,2269A,124.1069,50.4097,大兴安岭地区,科技局,,23,20,18,16,16,72,,75,75,3,4,4,4,0.2,0.2
2024-04-07T1800,3663A,124.1164,50.4278,大兴安岭地区,红旗社区,,24,9,8,2,4,76,,81,80,2,4,4,5,0.4,0.4
2024-04-07T1800,1600A,124.3303,40.0625,丹东市,江湾东路,细颗粒物(PM2.5),68,71,93,49,67,106,,127,127,22,22,28,13,0.6,0.9
2024-04-07T1800,1601A,124.4256,40.1503,丹东市,临江后街,颗粒物(PM10),62,74,104,38,64,119,,141,141,12,24,13,15,0.7,0.9
2024-04-07T1800,1602A,124.3933,40.1461,丹东市,元宝山,颗粒物(PM10),59,68,96,32,58,112,,130,129,25,27,10,11,0.8,1
2024-04-07T1800,1603A,124.3633,40.1092,丹东市,民主桥,颗粒物(PM10),63,75,95,39,56,108,,127,127,19,26,15,14,0.7,0.9
2024-04-07T1800,3541A,109.5726,19.5167,儋州市,第一中学子站,,39,39,37,24,27,92,,79,79,5,6,9,9,0.5,0.6
2024-04-07T1800,3542A,109.5567,19.5187,儋州市,东坡学校子站,,38,37,38,26,26,95,,81,81,6,8,9,9,0.6,0.6
2024-04-07T1800,2616A,98.5842,24.428,德宏傣族景颇族自治州,德宏州监测站,颗粒物(PM10),61,72,89,19,45,136,,132,132,12,29,2,5,0.3,0.6
2024-04-07T1800,3677A,98.5881,24.4368,德宏傣族景颇族自治州,芒市人民政府综合楼,颗粒物(PM10),60,69,85,34,52,134,,131,131,13,21,5,6,0.3,0.7
2024-04-07T1800,1901A,104.4239,31.1208,德阳市,东山公园,,35,31,21,24,15,48,,62,56,32,17,2,1,0.5,0.4
2024-04-07T1800,1902A,104.3826,31.1317,德阳市,西小区,,50,50,37,25,19,61,,64,58,28,24,2,2,0.4,0.4
2024-04-07T1800,1904A,104.3553,31.1091,德阳市,耐火材料厂,,43,43,35,23,18,68,,64,64,18,21,2,2,0.4,0.4
2024-04-07T1800,3639A,104.4019,31.1244,德阳市,市教育局,,41,41,31,24,16,53,,62,57,30,20,2,2,0.4,0.4
2024-04-07T1800,1622A,116.3032,37.4674,德州市,儿童乐园,细颗粒物(PM2.5),79,75,84,58,53,145,,140,140,14,18,10,11,0.7,0.7
2024-04-07T1800,1624A,116.2991,37.4451,德州市,监理站,颗粒物(PM10),60,70,84,34,45,144,,143,143,15,19,10,10,0.5,0.5
2024-04-07T1800,3066A,116.2721,37.4379,德州市,九衢泉纯净水厂,颗粒物(PM10),65,80,88,31,40,132,,134,134,16,23,9,9,0.5,0.6
2024-04-07T1800,3371A,116.3728,37.4403,德州市,开发区人民医院,细颗粒物(PM2.5),83,73,90,61,45,143,,140,140,14,18,10,12,0.5,0.5
2024-04-07T1800,3372A,116.3572,37.4094,德州市,太阳城中学,颗粒物(PM10),59,68,86,31,46,136,,137,137,10,19,9,10,0.4,0.6
2024-04-07T1800,3511A,116.5652,37.3319,德州市,陵城艺术中心,颗粒物(PM10),57,63,77,24,36,132,,127,127,18,23,6,9,0.6,0.7
2024-04-07T1800,2621A,99.7056,27.8317,迪庆藏族自治州,迪庆州站,,36,28,24,15,16,113,,112,112,10,9,9,9,0.2,0.3
2024-04-07T1800,3180A,99.7136,27.8094,迪庆藏族自治州,质量技术监督局,,39,39,22,19,10,114,,108,108,9,9,6,6,0.3,0.5
2024-04-07T1800,2663A,104.6241,35.5734,定西市,东关小学,,,27,56,12,26,124,,119,119,7,21,3,4,,0.4
2024-04-07T1800,2664A,104.6194,35.5934,定西市,供电公司,,39,28,48,23,30,122,,115,115,8,25,10,5,0.1,0.2
2024-04-07T1800,1389A,113.7547,23.0494,东莞市,莞城梨川,,13,13,19,6,13,14,,24,14,26,25,7,8,0.9,0.8
2024-04-07T1800,1390A,113.7944,23.0128,东莞市,东城石井,,15,10,24,6,15,9,,14,10,29,30,7,7,0.7,0.7
2024-04-07T1800,1391A,113.7383,22.9658,东莞市,南城西平,,17,7,20,6,14,7,,15,10,33,33,3,3,0.7,0.7
2024-04-07T1800,3319A,113.7338,23.0381,东莞市,万江金泰,,13,8,21,6,14,7,,19,7,26,25,10,10,0.5,0.5
2024-04-07T1800,3626A,113.7533,23.0202,东莞市,南城元岭,,13,9,20,5,14,10,,20,11,26,26,7,7,0.9,0.8
2024-04-07T1800,3627A,113.7875,23.0457,东莞市,东城主山,,13,10,19,6,14,10,,18,11,26,26,8,8,0.7,0.7
2024-04-07T1800,1666A,118.6614,37.4309,东营市,市环保局,臭氧1小时,102,66,89,29,44,203,,188,188,19,35,13,21,0.4,0.5
2024-04-07T1800,3036A,118.6904,37.4338,东营市,开发区管委会,臭氧1小时,80,67,83,36,46,184,,174,174,36,45,9,16,0.5,0.6
2024-04-07T1800,3365A,118.5719,37.565,东营市,垦利区民丰路,臭氧1小时,74,61,80,19,37,179,,171,171,24,37,11,15,0.5,0.7
2024-04-07T1800,3498A,118.5055,37.8612,东营市,河口城区,细颗粒物(PM2.5),104,141,95,78,61,166,,160,160,15,24,10,11,0.9,0.5
2024-04-07T1800,3646A,118.4978,37.4623,东营市,胜利站,颗粒物(PM10),62,74,82,22,40,162,,169,169,28,38,12,20,0.5,0.7
2024-04-07T1800,3734A,118.35,37.26,东营市,理想之城,臭氧1小时,62,61,91,29,43,169,,165,165,20,41,18,21,0.7,0.8
2024-04-07T1800,1591A,110.0023,39.8129,鄂尔多斯市,综合楼,颗粒物(PM10),131,212,70,29,17,130,,113,113,18,30,9,9,0.5,0.5
2024-04-07T1800,1592A,109.9486,39.8261,鄂尔多斯市,巴音孟克林场办事处,颗粒物(PM10),115,180,65,29,21,126,,111,111,15,40,15,11,0.6,0.6
2024-04-07T1800,1593A,109.7736,39.5986,鄂尔多斯市,康泽苑,颗粒物(PM10),51,51,50,17,17,135,,117,117,9,22,4,7,0.5,0.6
2024-04-07T1800,1594A,109.8119,39.5989,鄂尔多斯市,华泰汽车城,颗粒物(PM10),57,63,52,27,21,120,,108,108,14,38,8,9,0.4,0.5
2024-04-07T1800,1595A,109.9734,39.7884,鄂尔多斯市,奥林花园,颗粒物(PM10),106,161,75,29,23,125,,111,111,17,46,9,10,0.6,0.7
2024-04-07T1800,2436A,114.8938,30.3994,鄂州市,市政府,细颗粒物(PM2.5),74,84,76,54,48,59,,70,62,33,26,8,10,1.1,1
2024-04-07T1800,2437A,114.8989,30.3714,鄂州市,赵家坝,细颗粒物(PM2.5),77,75,69,56,49,61,,71,63,28,20,7,8,1.3,1.2
2024-04-07T1800,3654A,114.8094,30.4089,鄂州市,精准医疗中心,细颗粒物(PM2.5),77,85,92,56,54,57,,68,67,42,25,7,9,2.2,1.2
2024-04-07T1800,2454A,109.4978,30.2981,恩施土家族苗族自治州,湖北民院,,23,23,26,13,12,73,,84,84,17,15,10,9,0.7,0.7
2024-04-07T1800,2455A,109.4707,30.2798,恩施土家族苗族自治州,州电力总公司,,24,12,16,10,10,74,,80,80,10,16,6,6,0.4,0.5
2024-04-07T1800,3549A,109.5061,30.3772,恩施土家族苗族自治州,龙凤新区,,,12,16,7,11,,,80,80,9,10,7,7,0.7,0.8
2024-04-07T1800,2499A,108.3411,21.6158,防城港市,沙万,,24,24,26,10,18,27,,27,27,15,14,4,3,0.8,0.8
2024-04-07T1800,2500A,108.3514,21.7731,防城港市,防城档案局,,23,23,35,13,21,27,,22,22,14,16,4,4,0.8,0.8
2024-04-07T1800,2501A,108.3506,21.6414,防城港市,大海花园,,21,21,26,9,14,24,,22,22,13,13,5,4,0.9,0.9
2024-04-07T1800,1371A,113.1294,23.0067,佛山市,湾梁,,17,12,17,8,10,6,,6,6,33,33,10,10,0.8,0.7
2024-04-07T1800,1372A,113.1083,23.0478,佛山市,华材职中,,20,14,19,8,10,5,,6,5,39,37,7,6,0.7,0.7
2024-04-07T1800,1373A,113.144,23.0453,佛山市,南海气象局,,17,,16,9,9,3,,3,3,33,32,6,6,0.9,0.8
2024-04-07T1800,1374A,113.2881,22.8094,佛山市,顺德苏岗,,18,16,17,7,12,0,,5,3,35,36,4,4,0.9,0.8
2024-04-07T1800,1376A,112.8383,22.8678,佛山市,高明孔堂,,26,26,32,12,15,9,,10,8,38,31,10,8,0.9,0.9
2024-04-07T1800,1377A,112.8836,23.1588,佛山市,三水监测站,,19,19,11,11,8,6,,12,8,26,21,7,6,0.9,0.7
2024-04-07T1800,1378A,112.867,23.185,佛山市,三水云东海,,13,10,14,9,9,8,,16,9,26,23,5,5,0.7,0.7
2024-04-07T1800,3625A,113.2544,22.7642,佛山市,容桂街道办,,19,12,24,7,12,4,,8,7,37,40,6,6,0.9,0.8
2024-04-07T1800,1280A,119.3903,26.0543,福州市,鼓山,,,,,,,,,,,,,,,,
2024-04-07T1800,1282A,119.2681,26.0504,福州市,师大,,23,23,17,16,13,57,,76,59,26,18,4,3,0.5,0.5
2024-04-07T1800,1283A,119.2984,26.1028,福州市,五四北路,,29,25,18,20,16,54,,73,50,32,25,3,3,0.5,0.4
2024-04-07T1800,1284A,119.2648,26.0768,福州市,杨桥西路,,25,24,18,17,13,60,,79,60,27,18,4,3,0.5,0.5
2024-04-07T1800,1285A,119.317,26.0746,福州市,紫阳,,27,27,18,18,12,57,,78,57,27,20,4,3,0.6,0.5
2024-04-07T1800,3048A,119.5799,26.0936,福州市,九龙,,22,14,12,6,4,69,,94,81,8,9,3,3,0.4,0.4
2024-04-07T1800,3526A,119.5189,25.9664,福州市,吴航,,25,14,10,10,7,78,,85,80,12,10,3,3,0.4,0.4
2024-04-07T1800,1755A,123.7977,41.8491,抚顺市,望花区,颗粒物(PM10),60,69,144,26,94,123,,145,144,21,30,11,18,0.5,1.1
2024-04-07T1800,1756A,123.9161,41.8822,抚顺市,顺城区,颗粒物(PM10),55,60,140,22,88,126,,155,152,34,38,9,12,0.5,1.1
2024-04-07T1800,1757A,124.0436,41.8611,抚顺市,东洲区,颗粒物(PM10),53,55,120,23,85,124,,138,138,18,21,8,11,0.5,1
2024-04-07T1800,1758A,123.9247,41.8642,抚顺市,新抚区,颗粒物(PM10),60,70,114,22,83,138,,155,153,20,30,10,13,0.6,1.3
2024-04-07T1800,1759A,124.0972,41.8961,抚顺市,大伙房水库,颗粒物(PM10),57,63,120,21,76,141,,159,157,15,20,14,12,0.5,1
2024-04-07T1800,1760A,123.7086,41.8391,抚顺市,沈抚新城,颗粒物(PM10),60,69,129,17,84,128,,147,145,17,28,7,11,0.4,1
2024-04-07T1800,2376A,116.2127,28.0814,抚州市,桐源党溪,,,,37,,23,,,71,,,5,,4,,1.0
2024-04-07T1800,2377A,116.3544,27.9831,抚州市,市站,,22,22,32,13,23,56,,62,49,11,10,2,1,0.7,0.7
2024-04-07T1800,2378A,116.3565,27.963,抚州市,血防站,,27,27,35,13,21,57,,67,52,17,13,3,3,1.0,0.9
2024-04-07T1800,2379A,116.3564,28.0007,抚州市,采茶剧团,,19,19,32,13,23,59,,66,51,12,11,4,4,0.7,0.7
2024-04-07T1800,2380A,116.385,27.9647,抚州市,医学分院,,26,26,32,11,19,38,,60,47,31,14,8,10,0.8,0.7
2024-04-07T1800,2207A,121.6094,41.998,阜新市,工业园区,颗粒物(PM10),62,73,94,14,24,95,,108,108,16,31,7,11,0.6,0.8
2024-04-07T1800,2208A,121.6697,42.0279,阜新市,长青街,颗粒物(PM10),63,76,82,22,35,93,,108,108,19,33,6,15,0.6,0.9
2024-04-07T1800,2209A,121.6673,42.0705,阜新市,农业园区,颗粒物(PM10),58,65,69,9,15,93,,106,106,14,17,5,19,0.3,0.5
2024-04-07T1800,2210A,121.6717,42.0224,阜新市,东苑,颗粒物(PM10),57,63,88,14,33,92,,107,107,20,34,6,25,0.5,1.1
2024-04-07T1800,2211A,121.6506,42.0498,阜新市,玉龙新城,颗粒物(PM10),52,54,76,14,20,90,,107,107,16,32,7,10,0.5,0.8
2024-04-07T1800,2301A,115.8277,32.8929,阜阳市,市监测站,细颗粒物(PM2.5),70,85,73,51,48,107,,110,110,21,27,8,10,0.6,0.4
2024-04-07T1800,2303A,115.8554,32.8605,阜阳市,开发区,细颗粒物(PM2.5),93,77,82,69,51,93,,102,102,29,29,8,9,0.5,0.5
2024-04-07T1800,2875A,115.784,32.8892,阜阳市,阜阳职业技术学院,细颗粒物(PM2.5),72,78,72,52,46,113,,113,113,19,25,6,9,0.6,0.5
2024-04-07T1800,3468A,115.7901,32.8613,阜阳市,市规划展馆,细颗粒物(PM2.5),68,69,66,49,46,112,,114,114,18,24,7,10,0.6,0.5
2024-04-07T1800,3469A,115.836,32.9183,阜阳市,枣园社区,细颗粒物(PM2.5),75,65,59,55,44,101,,110,110,26,31,9,11,0.6,0.5
2024-04-07T1800,2669A,102.9099,34.9841,甘南藏族自治州,州政府,,33,24,18,17,18,105,,88,88,4,10,11,12,0.3,0.4
2024-04-07T1800,3380A,102.8914,34.9617,甘南藏族自治州,甘肃民族师范学院,,35,31,10,16,7,109,,89,89,2,10,8,9,0.4,0.5
2024-04-07T1800,2570A,101.9603,30.0475,甘孜藏族自治州,水桥子,,22,13,6,2,5,18,,42,33,43,20,11,11,0.6,0.4
2024-04-07T1800,3065A,101.9533,29.9972,甘孜藏族自治州,州环保局,,22,11,9,1,6,16,,39,27,43,24,9,8,0.4,0.4
2024-04-07T1800,3414A,115.8347,28.932,赣江新区,桑海产业园,,41,41,54,27,39,92,,86,81,20,20,6,8,0.4,0.5
2024-04-07T1800,2362A,114.9017,25.9149,赣州市,通天岩,,,,,,,,,,,,,,,,
2024-04-07T1800,2363A,114.9367,25.8664,赣州市,地委,,20,19,15,14,12,46,,44,44,13,10,4,5,1.2,1.1
2024-04-07T1800,2364A,114.9461,25.8481,赣州市,气象台,,26,,21,18,14,46,,46,46,20,12,5,6,0.9,0.8
2024-04-07T1800,2365A,114.9322,25.8333,赣州市,市图书馆,,,20,15,18,10,,,45,45,11,10,30,18,,0.9
2024-04-07T1800,2366A,114.8905,25.8471,赣州市,华坚鞋城,,,17,18,10,12,55,,44,44,,9,,16,,1
2024-04-07T1800,3109A,115.0093,25.8613,赣州市,赣县区卫计委,,15,11,9,7,9,46,,47,39,13,11,8,8,0.7,0.8
2024-04-07T1800,2683A,106.2319,36.1417,固原市,马园,,47,47,49,15,19,97,,101,101,20,31,5,5,0.6,0.7
2024-04-07T1800,2684A,106.2792,36.0022,固原市,监测站,,44,44,42,23,23,104,,107,107,12,18,5,5,0.5,0.6
2024-04-07T1800,2685A,106.2375,36.0211,固原市,新区,,37,37,44,20,20,100,,102,102,13,13,4,13,0.5,0.5
2024-04-07T1800,3522A,106.2177,35.9959,固原市,原州区十五小,,38,38,42,20,22,112,,115,115,10,16,7,7,0.3,0.3
2024-04-07T1800,2543A,106.6308,30.5278,广安市,小平旧居,,,,,,,,,,,,,,,,
2024-04-07T1800,2544A,106.6303,30.4576,广安市,市委,,23,23,20,16,12,54,,60,60,13,11,4,4,0.7,0.7
2024-04-07T1800,2545A,106.6271,30.4663,广安市,友谊中学,,23,,28,16,14,55,,61,61,19,14,4,4,0.7,0.6
2024-04-07T1800,2547A,106.6388,30.4551,广安市,广电花园,,26,,18,18,13,47,,57,57,18,12,7,6,0.8,0.7
2024-04-07T1800,2902A,106.6351,30.4865,广安市,北辰小学,,23,23,21,14,13,54,,60,60,15,11,4,4,0.5,0.5
2024-04-07T1800,2523A,105.8945,32.4535,广元市,黑石坡,颗粒物(PM10),66,81,26,7,12,89,,72,72,6,10,6,6,0.2,0.3
2024-04-07T1800,2524A,105.821,32.4444,广元市,老城,,,18,35,7,15,75,,66,66,12,28,8,7,,0.6
2024-04-07T1800,2526A,105.8628,32.4287,广元市,监测站,,36,36,27,14,15,78,,68,68,12,13,7,7,0.6,0.6
2024-04-07T1800,3617A,105.8047,32.4166,广元市,经开区,,26,26,35,12,19,81,,74,74,10,21,4,6,0.5,0.6
2024-04-07T1800,1345A,113.2347,23.1423,广州市,广雅中学,,21,14,15,8,9,4,,4,4,42,43,4,4,1.0,0.8
2024-04-07T1800,1346A,113.2612,23.105,广州市,市五中,,16,14,16,9,13,8,,11,8,31,32,7,6,1.0,0.8
2024-04-07T1800,1348A,113.3478,23.0916,广州市,广东商学院,,9,9,17,5,12,3,,4,4,18,35,4,4,0.8,0.7
2024-04-07T1800,1349A,113.4332,23.1047,广州市,市八十六中,,17,10,17,5,11,4,,6,5,33,33,4,5,0.7,0.6
2024-04-07T1800,1350A,113.3505,22.9483,广州市,番禺中学,,22,14,20,6,10,5,,10,6,44,41,3,3,0.8,0.8
2024-04-07T1800,1351A,113.2146,23.3916,广州市,花都师范,,15,9,9,5,4,7,,19,9,29,22,5,5,0.8,0.7
2024-04-07T1800,1352A,113.2597,23.1331,广州市,市监测站,,17,13,16,7,9,3,,5,4,33,35,5,5,0.8,0.7
2024-04-07T1800,1353A,113.5618,23.312,广州市,九龙镇镇龙,,12,10,8,6,5,6,,20,8,23,17,5,5,0.7,0.5
2024-04-07T1800,1354A,113.2765,23.1544,广州市,麓湖,,13,10,14,6,10,3,,4,3,26,28,4,4,0.9,0.8
2024-04-07T1800,1355A,113.443,23.3035,广州市,帽峰山森林公园,,9,5,7,2,2,15,,28,15,17,13,3,3,0.6,0.4
2024-04-07T1800,2846A,113.3221,23.1322,广州市,体育西,,12,11,16,7,13,6,,8,6,24,24,7,7,1.0,0.8
2024-04-07T1800,3298A,113.5717,23.5491,广州市,从化街口,,12,7,11,4,7,8,,10,10,24,27,6,7,0.9,0.8
2024-04-07T1800,3299A,113.3472,23.3692,广州市,白云竹料,,11,5,7,3,5,14,,14,13,21,22,5,5,0.8,0.6
2024-04-07T1800,3300A,113.2981,23.237,广州市,白云嘉禾,,18,10,13,4,7,7,,10,5,35,34,4,4,0.9,0.8
2024-04-07T1800,3301A,113.4256,23.1716,广州市,黄埔科学城,,13,4,12,2,8,7,,15,5,26,22,3,3,0.9,0.8
2024-04-07T1800,3302A,113.3942,23.0483,广州市,番禺大学城,,17,17,20,6,12,3,,6,4,33,35,1,2,0.6,0.5
2024-04-07T1800,3303A,113.4922,22.8168,广州市,南沙黄阁,,25,24,30,10,18,4,,9,6,49,43,6,6,1.0,0.8
2024-04-07T1800,3304A,113.5342,22.7896,广州市,南沙街,,32,32,23,18,16,2,,12,10,49,37,9,7,0.9,0.7
2024-04-07T1800,3443A,113.2902,23.5544,广州市,花都梯面,,8,4,4,2,3,21,,18,18,12,19,5,6,0.8,0.9
2024-04-07T1800,3445A,113.7858,23.7478,广州市,从化良口,,8,2,2,0,1,19,,24,22,12,11,4,4,0.8,0.7
2024-04-07T1800,3446A,113.8051,23.2614,广州市,增城荔城,,7,3,5,2,4,21,,28,20,14,12,5,5,0.6,0.4
2024-04-07T1800,2505A,109.568,23.1478,贵港市,德智高中,,11,11,8,6,8,29,,32,32,14,14,4,4,0.8,0.8
2024-04-07T1800,2506A,109.6047,23.0666,贵港市,江南子站,,9,9,9,6,9,25,,28,28,17,15,6,6,0.9,0.9
2024-04-07T1800,2507A,109.6014,23.0948,贵港市,贵城子站,,24,24,16,8,8,20,,23,23,16,14,6,6,1.0,1
2024-04-07T1800,2508A,109.5669,23.1065,贵港市,荷城子站,,17,17,10,0,3,24,,28,28,12,11,9,9,0.7,0.7
2024-04-07T1800,3405A,109.5886,23.1172,贵港市,新世纪学校,,17,17,10,7,5,25,,28,28,10,10,6,6,0.9,0.9
2024-04-07T1800,1439A,106.6899,26.5998,贵阳市,马鞍山,,18,17,11,7,2,56,,52,52,7,7,6,6,0.5,0.5
2024-04-07T1800,1440A,106.6971,26.5694,贵阳市,市环保站,,28,22,22,19,9,62,,60,60,11,12,2,2,0.4,0.4
2024-04-07T1800,1441A,106.6243,26.6266,贵阳市,鉴湖路,,22,22,20,9,8,58,,52,52,8,8,3,3,0.5,0.5
2024-04-07T1800,1442A,106.7487,26.6343,贵阳市,燕子冲,,,,8,14,6,61,,53,53,8,6,7,6,0.6,0.6
2024-04-07T1800,1443A,106.6555,26.4365,贵阳市,碧云窝,,31,31,21,14,7,63,,60,60,11,10,6,5,0.5,0.5
2024-04-07T1800,1444A,106.694,26.5161,贵阳市,中院村,,27,27,17,17,7,50,,49,49,16,13,8,8,0.5,0.5
2024-04-07T1800,1445A,106.7109,26.6027,贵阳市,红边门,,29,29,14,17,10,55,,56,56,10,8,4,4,0.5,0.5
2024-04-07T1800,1446A,106.7164,26.5699,贵阳市,新华路,,27,27,14,17,7,66,,64,64,10,8,2,2,0.5,0.6
2024-04-07T1800,1447A,106.674,26.5424,贵阳市,太慈桥,,20,19,11,12,5,64,,60,60,10,10,6,6,0.5,0.5
2024-04-07T1800,1552A,106.805,26.3003,贵阳市,桐木岭,,,,,,,,,,,,,,,,
2024-04-07T1800,1862A,110.4144,25.3167,桂林市,电子科大尧山校区,,23,10,9,10,6,73,,74,73,7,6,3,4,0.7,0.7
2024-04-07T1800,1863A,110.2819,25.2697,桂林市,监测站,,22,20,12,15,12,48,,64,56,16,12,25,9,0.9,0.9
2024-04-07T1800,1864A,110.3089,25.2708,桂林市,龙隐路小学,,16,15,10,11,10,50,,63,59,10,9,18,9,0.7,0.7
2024-04-07T1800,1865A,110.2869,25.2178,桂林市,八中,,15,15,12,8,8,46,,59,54,16,12,10,7,0.9,0.9
2024-04-07T1800,3403A,110.1764,25.2381,桂林市,创业大厦,,20,14,12,9,10,63,,60,60,6,8,6,7,0.6,0.7
2024-04-07T1800,3531A,110.296,25.1253,桂林市,旅游学院,,15,7,6,5,6,46,,55,54,12,12,7,6,0.7,0.7
2024-04-07T1800,2674A,100.2561,34.4714,果洛藏族自治州,玛沁县大武镇,,38,28,20,15,14,120,,115,115,18,17,11,12,0.4,0.5
2024-04-07T1800,1129A,126.5422,45.755,哈尔滨市,岭北,,45,45,32,15,14,87,,106,105,12,14,6,9,0.4,0.6
2024-04-07T1800,1130A,126.561,45.8167,哈尔滨市,松北商大,颗粒物(PM10),68,86,34,18,13,82,,103,102,15,9,6,5,0.4,0.4
2024-04-07T1800,1131A,126.979,45.5419,哈尔滨市,阿城会宁,颗粒物(PM10),72,94,47,34,16,98,,103,103,19,14,12,9,0.4,0.4
2024-04-07T1800,1132A,126.599,45.7222,哈尔滨市,南岗学府路,颗粒物(PM10),55,60,42,11,13,78,,94,94,14,14,7,9,0.5,0.4
2024-04-07T1800,1133A,126.689,45.7733,哈尔滨市,太平宏伟公园,颗粒物(PM10),61,72,42,24,16,87,,104,104,17,14,5,6,0.4,0.4
2024-04-07T1800,1134A,126.635,45.7667,哈尔滨市,道外承德广场,颗粒物(PM10),59,67,35,27,21,85,,97,97,14,18,8,9,0.4,0.4
2024-04-07T1800,1135A,126.685,45.7319,哈尔滨市,香坊红旗大街,颗粒物(PM10),70,90,43,26,16,87,,101,101,10,8,4,5,0.5,0.4
2024-04-07T1800,1136A,126.6411,45.7258,哈尔滨市,动力和平路,颗粒物(PM10),128,205,44,22,15,88,,105,105,10,10,5,6,0.5,0.5
2024-04-07T1800,1137A,126.593,45.7478,哈尔滨市,道里建国路,,,,36,,21,81,,97,96,3,9,8,10,0.3,0.7
2024-04-07T1800,1138A,126.615,45.61,哈尔滨市,平房东轻厂,颗粒物(PM10),74,97,47,25,19,85,,101,100,13,13,5,6,0.3,0.3
2024-04-07T1800,1139A,126.595,45.9855,哈尔滨市,呼兰师专,颗粒物(PM10),61,71,43,37,16,70,,94,93,20,15,7,7,0.4,0.4
2024-04-07T1800,1140A,126.6206,45.6842,哈尔滨市,省农科院,颗粒物(PM10),64,77,45,26,20,90,,106,106,17,16,5,6,0.4,0.4
2024-04-07T1800,2688A,93.5128,42.8172,哈密市,地区监测站,,38,24,43,15,16,121,,115,115,6,19,3,5,0.2,0.3
2024-04-07T1800,2689A,93.4961,42.8328,哈密市,哈密师范学校,,37,,43,18,19,118,,110,110,7,18,5,6,0.2,0.4
2024-04-07T1800,2671A,100.9048,36.9639,海北藏族自治州,海晏县西海镇,,35,30,32,13,22,111,,106,106,5,13,14,14,0.4,0.5
2024-04-07T1800,3867A,102.0738,36.5056,海东市,平安区公安北苑,,42,23,29,12,19,132,,108,108,7,15,8,9,0.5,0.7
2024-04-07T1800,1409A,110.576,19.9507,海口市,东寨港,,,,,,,,,,,,,,,,
2024-04-07T1800,1410A,110.3232,20.0574,海口市,海南大学,,33,31,31,23,22,81,,69,69,16,8,8,7,0.3,0.2
2024-04-07T1800,1411A,110.283,20.0053,海口市,秀英海南医院,,35,30,32,24,23,80,,65,65,13,10,6,5,0.3,0.3
2024-04-07T1800,1412A,110.338,19.9969,海口市,海南师范大学,,32,28,31,22,22,81,,70,70,9,4,6,5,0.4,0.3
2024-04-07T1800,1413A,110.33,20.0356,海口市,龙华路环保局宿舍,,30,30,31,21,22,88,,70,70,8,7,9,8,0.4,0.3
2024-04-07T1800,3539A,110.5111,19.9736,海口市,桂林洋子站,,,46,36,27,24,,,61,61,9,4,8,7,0.2,0.2
2024-04-07T1800,2673A,100.6188,36.2866,海南藏族自治州,共和县恰卜恰镇,,39,17,22,11,13,124,,110,110,5,13,9,11,0.6,0.6
2024-04-07T1800,2676A,97.3731,37.3753,海西蒙古族藏族自治州,德令哈市,,43,43,46,14,16,114,,112,112,14,10,13,13,0.6,0.5
2024-04-07T1800,1048A,114.5302,36.6116,邯郸市,东污水处理厂,细颗粒物(PM2.5),64,74,86,46,63,130,,141,139,9,22,7,8,0.4,0.6
2024-04-07T1800,1049A,114.4918,36.5713,邯郸市,矿院,颗粒物(PM10),67,84,90,31,56,123,,131,131,6,20,8,9,0.7,0.9
2024-04-07T1800,1050A,114.484,36.6133,邯郸市,丛台公园,颗粒物(PM10),56,62,83,19,35,127,,141,141,9,21,6,9,0.4,0.6
2024-04-07T1800,3458A,114.7895,36.5593,邯郸市,香泉濮院小区,颗粒物(PM10),72,93,73,28,44,127,,126,126,8,12,7,8,0.1,0.3
2024-04-07T1800,3579A,114.50634,36.77178,邯郸市,永年区实验高中,颗粒物(PM10),79,108,134,54,80,157,,156,156,14,28,7,11,0.4,0.7
2024-04-07T1800,3580A,114.20016,36.44293,邯郸市,峰峰矿区临水派出所,颗粒物(PM10),68,85,110,32,57,128,,157,157,6,17,8,16,0.8,1.4
2024-04-07T1800,2634A,106.9893,33.1842,汉中市,汉川机床厂子校,,30,28,37,17,23,93,,80,80,12,17,17,9,0.5,0.5
2024-04-07T1800,2635A,107.0154,33.0706,汉中市,市监测站,,42,42,41,22,23,86,,86,86,18,16,21,8,1.0,0.7
2024-04-07T1800,2636A,107.0089,33.1138,汉中市,鑫源开发区,,40,40,52,16,27,89,,82,82,16,27,21,12,0.8,0.6
2024-04-07T1800,2637A,107.007,33.0323,汉中市,南郑大河坎水厂,,28,28,39,16,21,89,,88,88,12,13,14,8,0.7,0.6
2024-04-07T1800,1223A,120.2072,30.2111,杭州市,滨江,,48,48,41,29,22,79,,75,75,36,35,4,4,0.6,0.6
2024-04-07T1800,1224A,120.0633,30.2747,杭州市,西溪,,35,33,37,24,25,73,,74,74,31,29,6,6,0.6,0.7
2024-04-07T1800,1226A,120.3461,30.3153,杭州市,下沙,,39,39,40,22,23,85,,94,94,39,33,5,5,0.6,0.7
2024-04-07T1800,1227A,120.1269,30.2456,杭州市,卧龙桥,,35,32,34,24,26,92,,90,90,26,27,4,4,0.5,0.6
2024-04-07T1800,1228A,120.1903,30.2692,杭州市,浙江农大,,33,30,29,23,21,85,,86,86,29,33,5,5,0.6,0.6
2024-04-07T1800,1230A,120.1197,30.3119,杭州市,和睦小学,,46,46,50,20,23,86,,82,82,25,30,6,6,0.6,0.7
2024-04-07T1800,1231A,120.3019,30.4183,杭州市,临平镇,,45,44,43,31,36,87,,96,96,20,17,4,4,0.5,0.5
2024-04-07T1800,1232A,120.2697,30.1819,杭州市,城厢镇,,45,39,35,31,27,77,,78,78,42,41,5,5,0.7,0.7
2024-04-07T1800,1233A,120.0883,30.1808,杭州市,云栖,,39,39,40,25,23,77,,74,74,36,31,5,5,0.6,0.7
2024-04-07T1800,3557A,119.9464,30.0494,杭州市,镇二中,,35,30,28,24,22,59,,65,64,25,18,6,6,0.7,0.7
2024-04-07T1800,3558A,119.7183,30.2367,杭州市,市府大楼,,26,25,31,18,25,72,,74,74,31,27,5,5,0.6,0.6
2024-04-07T1800,3656A,120.1556,30.2864,杭州市,消防大队,,33,33,36,23,23,86,,85,85,32,35,7,7,0.7,0.7
2024-04-07T1800,1270A,117.1959,31.7848,合肥市,明珠广场,,32,31,51,22,37,49,,65,64,41,29,6,11,0.7,0.7
2024-04-07T1800,1271A,117.3072,31.8764,合肥市,三里街,,32,29,58,22,37,58,,67,67,35,28,5,7,0.5,0.7
2024-04-07T1800,1272A,117.2588,31.8707,合肥市,琥珀山庄,,24,24,54,9,28,76,,76,76,23,23,3,5,0.4,0.6
2024-04-07T1800,1273A,117.1604,31.9052,合肥市,董铺水库,,34,34,59,17,31,80,,80,80,22,21,1,2,0.4,0.5
2024-04-07T1800,1274A,117.25,31.8571,合肥市,长江中路,,30,24,57,21,41,75,,71,71,23,25,5,7,0.8,0.8
2024-04-07T1800,1275A,117.266,31.9436,合肥市,庐阳区,,25,24,67,17,43,72,,63,63,28,28,3,4,0.5,0.6
2024-04-07T1800,1276A,117.336,31.8586,合肥市,瑶海区,,26,24,58,18,39,71,,71,71,26,25,6,7,0.5,0.6
2024-04-07T1800,1277A,117.3027,31.7964,合肥市,包河区,,29,29,59,19,32,40,,62,61,50,32,6,7,0.4,0.5
2024-04-07T1800,1278A,117.2776,31.7385,合肥市,滨湖新区,,32,22,45,22,28,63,,75,75,21,15,6,6,0.4,0.4
2024-04-07T1800,1279A,117.1318,31.8403,合肥市,高新区,,27,27,54,18,40,67,,71,66,30,26,6,7,0.7,0.7
2024-04-07T1800,3464A,117.3803,31.9147,合肥市,高教基地,,23,22,60,10,27,71,,75,75,22,27,4,6,0.3,0.5
2024-04-07T1800,3614A,79.924,37.0877,和田地区,地区环保局,颗粒物(PM10),187,324,310,83,88,102,,93,93,5,16,5,6,0.7,0.8
2024-04-07T1800,3615A,79.9131,37.113,和田地区,市环保局,颗粒物(PM10),192,333,287,65,61,108,,94,94,8,23,5,5,0.4,0.6
2024-04-07T1800,2516A,108.2011,24.715,河池市,东仁乐园,,21,21,17,8,8,21,,28,27,10,6,7,7,0.7,0.7
2024-04-07T1800,2517A,108.0497,24.6947,河池市,市环保站,,27,27,17,5,6,38,,41,41,20,10,9,8,0.7,0.6
2024-04-07T1800,2518A,108.0983,24.6989,河池市,市疾控中心,,37,37,16,15,9,36,,42,42,19,13,7,7,0.6,0.6
2024-04-07T1800,1696A,114.6778,23.7569,河源市,源西,,9,3,4,3,2,25,,20,19,17,19,4,4,0.8,0.7
2024-04-07T1800,1697A,114.6944,23.7586,河源市,东埔,,,6,6,4,6,23,,21,19,,13,6,6,0.8,0.6
2024-04-07T1800,1698A,114.6892,23.7233,河源市,老城,,9,3,5,2,3,27,,21,21,9,13,5,5,0.7,0.6
2024-04-07T1800,1718A,115.4208,35.2464,菏泽市,气象局,颗粒物(PM10),56,62,69,28,33,146,,143,143,15,24,5,9,0.4,0.5
2024-04-07T1800,1719A,115.4747,35.2375,菏泽市,市政协,颗粒物(PM10),62,73,66,34,35,142,,144,144,16,20,4,7,0.5,0.5
2024-04-07T1800,3374A,115.5564,35.0891,菏泽市,定陶老年大学,颗粒物(PM10),54,58,65,17,31,139,,138,138,12,21,5,7,0.3,0.4
2024-04-07T1800,3647A,115.4702,35.2706,菏泽市,菏泽医专,颗粒物(PM10),56,61,59,22,25,135,,137,137,16,20,4,7,0.3,0.3
2024-04-07T1800,2514A,111.5264,24.4172,贺州市,环保小区,,16,11,11,11,8,35,,40,40,16,11,6,6,0.7,0.8
2024-04-07T1800,2515A,111.5608,24.4078,贺州市,政协大楼,,33,32,17,23,9,35,,39,39,14,10,7,7,0.9,0.9
2024-04-07T1800,3534A,111.4744,24.4553,贺州市,西湾,,15,15,10,4,6,34,,41,41,12,9,7,6,0.9,1
2024-04-07T1800,2385A,114.17,35.9019,鹤壁市,市监测站,细颗粒物(PM2.5),60,62,103,43,58,120,,118,118,20,38,6,11,0.4,0.6
2024-04-07T1800,2386A,114.2956,35.7511,鹤壁市,市交警支队,颗粒物(PM10),53,55,68,31,42,122,,119,119,12,20,10,9,0.3,0.4
2024-04-07T1800,2387A,114.2878,35.7306,鹤壁市,迎宾馆,细颗粒物(PM2.5),70,,57,51,55,122,,121,121,13,21,10,12,0.4,0.5
2024-04-07T1800,3474A,114.2617,35.6822,鹤壁市,大新区,颗粒物(PM10),57,63,67,28,33,119,,118,118,14,27,8,10,0.4,0.6
2024-04-07T1800,3596A,114.1572,35.9603,鹤壁市,南山宾馆,颗粒物(PM10),63,76,112,38,63,124,,135,135,11,27,9,13,0.6,0.9
2024-04-07T1800,2244A,130.2537,47.3416,鹤岗市,哈啤分公司,,26,26,27,15,15,73,,73,71,9,6,15,14,0.6,0.6
2024-04-07T1800,2245A,130.2684,47.3086,鹤岗市,斯达机电,,39,39,39,16,19,76,,79,78,20,9,12,11,0.5,0.5
2024-04-07T1800,2246A,130.3114,47.3388,鹤岗市,东山纸板厂,,29,29,34,7,18,75,,79,76,12,7,14,13,0.6,0.6
2024-04-07T1800,2247A,130.1097,47.3382,鹤岗市,五号水库,,30,14,22,5,12,96,,92,92,4,5,10,10,0.4,0.4
2024-04-07T1800,2263A,127.4833,50.2524,黑河市,交通局,,38,38,18,19,16,68,,72,70,9,5,6,5,0.3,0.3
2024-04-07T1800,2264A,127.5144,50.2341,黑河市,环保局,,37,37,17,19,15,64,,70,66,12,8,6,6,0.3,0.3
2024-04-07T1800,2265A,127.5291,50.2472,黑河市,大黑河岛,,,19,18,5,11,,,,,,8,,2,,0.4
2024-04-07T1800,1074A,115.6838,37.7541,衡水市,电机北厂,细颗粒物(PM2.5),69,84,75,50,47,158,,151,151,11,14,5,5,0.4,0.5
2024-04-07T1800,1075A,115.6303,37.7316,衡水市,市监测站,颗粒物(PM10),71,92,78,47,47,162,,147,147,18,21,8,6,0.7,0.6
2024-04-07T1800,3188A,115.6683,37.7217,衡水市,市城管局,颗粒物(PM10),76,101,84,52,49,149,,138,138,17,20,7,6,0.5,0.4
2024-04-07T1800,3459A,115.5989,37.5491,衡水市,地表水厂,颗粒物(PM10),79,108,87,41,49,156,,147,147,11,16,6,6,0.4,0.5
2024-04-07T1800,2456A,112.5003,26.9167,衡阳市,原169医院,,37,37,35,24,21,62,,59,55,18,17,6,6,0.7,0.7
2024-04-07T1800,2457A,112.6194,26.9258,衡阳市,衡阳化工总厂,,49,49,36,32,28,60,,57,57,20,18,6,7,0.8,0.8
2024-04-07T1800,2458A,112.6211,26.8956,衡阳市,珠晖区环保局,,46,40,35,32,31,59,,58,58,20,17,7,7,0.9,0.9
2024-04-07T1800,2459A,112.6197,26.8733,衡阳市,市委党校,,42,42,39,27,26,66,,65,65,18,16,8,11,0.8,0.8
2024-04-07T1800,2460A,112.6006,26.8919,衡阳市,市监测站,,46,37,34,32,28,64,,58,58,17,13,7,7,0.9,0.8
2024-04-07T1800,2461A,112.5664,26.9056,衡阳市,真空机电公司,,40,40,33,27,26,53,,54,51,21,14,7,6,0.8,0.7
2024-04-07T1800,3399A,112.6703,26.882,衡阳市,师范学院,细颗粒物(PM2.5),52,38,40,36,32,60,,67,67,17,14,7,7,0.8,0.7
2024-04-07T1800,2608A,103.3772,23.3993,红河哈尼族彝族自治州,污水处理厂,细颗粒物(PM2.5),93,116,98,69,64,166,,155,155,10,11,9,10,0.7,0.7
2024-04-07T1800,2609A,103.3861,23.35,红河哈尼族彝族自治州,监测站,细颗粒物(PM2.5),104,119,83,78,62,153,,145,145,13,10,11,9,0.9,0.8
2024-04-07T1800,3038A,103.3758,23.368,红河哈尼族彝族自治州,州图书馆,细颗粒物(PM2.5),100,104,85,75,61,148,,142,142,13,10,8,7,0.9,0.9
2024-04-07T1800,1090A,111.6507,40.7517,呼和浩特市,呼市一监,,44,44,34,18,13,136,,127,127,10,21,10,9,0.4,0.5
2024-04-07T1800,1091A,111.6572,40.8033,呼和浩特市,小召,颗粒物(PM10),58,66,39,20,13,128,,118,118,15,28,8,7,0.4,0.5
2024-04-07T1800,1094A,111.7516,40.8369,呼和浩特市,如意水处理厂,,44,44,32,15,10,124,,114,114,9,22,10,9,0.4,0.3
2024-04-07T1800,1095A,111.7276,40.8062,呼和浩特市,二十九中,,41,33,32,15,12,129,,117,117,10,19,11,9,0.5,0.5
2024-04-07T1800,1096A,111.5512,40.7866,呼和浩特市,工大金川校区,,,,,,,,,,,,,,,,
2024-04-07T1800,1097A,111.717,40.7612,呼和浩特市,化肥厂生活区,颗粒物(PM10),52,54,42,21,16,126,,117,117,13,20,10,9,0.4,0.4
2024-04-07T1800,3698A,111.5968,40.8178,呼和浩特市,红旗小学,颗粒物(PM10),54,58,35,17,11,127,,114,114,15,23,6,6,0.4,0.3
2024-04-07T1800,3699A,111.6518,40.8389,呼和浩特市,海东办,颗粒物(PM10),53,56,32,14,11,129,,115,115,10,32,5,5,0.2,0.3
2024-04-07T1800,2192A,119.7594,49.2261,呼伦贝尔市,区环保局,,28,28,34,17,20,82,,88,88,11,14,4,4,0.3,0.3
2024-04-07T1800,3061A,119.7512,49.1577,呼伦贝尔市,国华电力东,,28,24,28,12,15,87,,90,90,5,6,4,4,0.2,0.2
2024-04-07T1800,1250A,120.0751,30.8669,湖州市,城西水厂,,38,37,38,26,26,75,,84,84,38,35,3,4,0.7,0.6
2024-04-07T1800,2873A,120.0875,30.8955,湖州市,仁皇山新区,,43,43,36,30,29,59,,76,73,49,37,5,6,0.7,0.6
2024-04-07T1800,2907A,120.1844,30.8596,湖州市,吴兴区站,,38,38,34,26,21,77,,88,88,35,30,4,5,0.5,0.4
2024-04-07T1800,3562A,120.4148,30.8538,湖州市,南浔区站,,40,39,36,28,24,65,,90,89,36,25,4,5,0.5,0.5
2024-04-07T1800,1607A,120.9092,40.7136,葫芦岛市,龙港区,细颗粒物(PM2.5),100,114,159,75,109,169,,141,141,12,38,12,54,0.7,1
2024-04-07T1800,1608A,120.8392,40.7514,葫芦岛市,化工街,颗粒物(PM10),70,90,178,34,100,134,,120,117,17,68,9,25,0.5,1
2024-04-07T1800,1609A,120.8341,40.7073,葫芦岛市,新区,细颗粒物(PM2.5),67,78,152,48,116,147,,149,149,21,57,12,28,0.8,1.2
2024-04-07T1800,1610A,120.8695,40.7677,葫芦岛市,东城区,,48,48,144,22,103,133,,119,119,22,70,7,19,1.0,1.4
2024-04-07T1800,2482A,109.5981,27.5721,怀化市,林科所,,27,24,20,14,13,84,,87,87,4,4,6,8,0.6,0.5
2024-04-07T1800,2483A,109.9453,27.5444,怀化市,河西地税局,,38,36,26,26,19,71,,76,76,17,10,8,8,0.7,0.6
2024-04-07T1800,2484A,109.9781,27.5342,怀化市,市四医院,,44,44,29,26,22,75,,77,77,12,9,8,8,0.5,0.5
2024-04-07T1800,2485A,109.9972,27.5578,怀化市,监测楼,,,,,,,73,,,,,,10,10,,
2024-04-07T1800,2486A,110.0394,27.583,怀化市,市委党校,,45,45,32,30,22,68,,76,76,17,9,18,11,0.6,0.6
2024-04-07T1800,1210A,119.036,33.5981,淮安市,钵池山,,35,34,43,20,37,111,,110,110,15,24,6,6,0.7,0.8
2024-04-07T1800,1211A,119.007,33.575,淮安市,北京南路,,41,41,46,23,35,113,,115,115,21,24,7,7,0.6,0.6
2024-04-07T1800,1212A,118.989,33.6067,淮安市,市监测站,,37,36,46,24,32,118,,115,115,17,21,8,8,0.5,0.6
2024-04-07T1800,1213A,119.135,33.5039,淮安市,楚州区监测站,,39,39,50,21,38,110,,112,112,17,30,8,7,0.6,0.6
2024-04-07T1800,1214A,119.0186,33.6297,淮安市,淮阴区监测站,,41,41,50,26,36,108,,112,112,28,33,5,5,0.4,0.4
2024-04-07T1800,3426A,118.8755,33.2894,淮安市,新华书店,,44,44,49,24,34,109,,119,119,23,27,6,6,0.5,0.5
2024-04-07T1800,2282A,116.8004,33.975,淮北市,监测站,细颗粒物(PM2.5),59,53,68,42,39,126,,133,133,15,19,7,9,0.7,0.6
2024-04-07T1800,2283A,116.8091,33.9007,淮北市,烈山区政府,细颗粒物(PM2.5),62,63,69,44,46,129,,139,139,12,19,5,9,0.5,0.5
2024-04-07T1800,3330A,116.8873,33.9836,淮北市,杜集区检察院,颗粒物(PM10),63,76,71,43,44,137,,139,139,14,16,9,9,0.7,0.7
2024-04-07T1800,4017A,116.7923,33.9535,淮北市,市博物馆,细颗粒物(PM2.5),59,55,66,42,44,130,,138,138,7,14,7,10,0.6,0.6
2024-04-07T1800,2277A,116.8305,32.7727,淮南市,潘集区政府,细颗粒物(PM2.5),77,69,85,56,56,95,,107,107,20,22,5,9,0.6,0.6
2024-04-07T1800,2278A,117.0067,32.6524,淮南市,师范学院,细颗粒物(PM2.5),112,90,86,84,51,85,,97,97,26,22,8,10,0.4,0.5
2024-04-07T1800,2279A,116.8569,32.5951,淮南市,谢家集区政府,细颗粒物(PM2.5),62,47,59,44,43,98,,99,99,27,22,12,14,0.4,0.4
2024-04-07T1800,2280A,116.8281,32.633,淮南市,八公山区政府,细颗粒物(PM2.5),89,98,78,66,50,92,,103,103,23,18,3,7,0.5,0.5
2024-04-07T1800,2281A,116.6325,32.6201,淮南市,焦岗湖风景区管理处,颗粒物(PM10),57,63,53,30,27,76,,84,84,24,43,3,3,0.1,0.1
2024-04-07T1800,2894A,117.0566,32.6531,淮南市,经济技术开发区消防队,细颗粒物(PM2.5),74,70,79,54,48,92,,100,100,25,25,4,6,0.5,0.6
2024-04-07T1800,3329A,117.0108,32.5893,淮南市,山南新区,颗粒物(PM10),52,54,69,34,38,102,,108,108,25,18,4,5,0.3,0.4
2024-04-07T1800,2446A,114.9028,30.4742,黄冈市,职工中心,细颗粒物(PM2.5),92,94,90,68,62,64,,66,,28,22,10,11,1.2,1.1
2024-04-07T1800,2929A,114.8858,30.4519,黄冈市,红卫路,细颗粒物(PM2.5),79,76,79,58,58,70,,74,69,24,21,7,9,1.2,1
2024-04-07T1800,3398A,114.9136,30.4445,黄冈市,市林业局,细颗粒物(PM2.5),84,82,80,62,57,77,,84,82,24,21,3,5,0.8,0.8
2024-04-07T1800,2672A,102.0199,35.5102,黄南藏族自治州,同仁县隆务镇,,36,36,21,12,12,102,,93,93,7,9,6,6,0.4,0.6
2024-04-07T1800,2295A,118.2903,29.6963,黄山市,延安路89号,,49,49,42,14,12,40,,57,54,14,8,5,5,0.7,0.6
2024-04-07T1800,2296A,118.327,29.7178,黄山市,黄山东路89号,,21,21,23,12,12,38,,53,50,15,9,5,5,0.7,0.6
2024-04-07T1800,2297A,118.1371,30.2756,黄山市,黄山区政府5号楼,,15,15,31,8,18,42,,52,52,11,11,4,4,0.6,0.5
2024-04-07T1800,2423A,115.0601,30.2313,黄石市,沈家营,颗粒物(PM10),64,78,70,45,42,102,,95,95,19,17,12,13,0.8,0.7
2024-04-07T1800,2424A,115.0817,30.2006,黄石市,陈家湾,细颗粒物(PM2.5),92,87,70,68,50,93,,89,88,33,20,15,12,1.2,0.8
2024-04-07T1800,2426A,114.8988,30.2019,黄石市,铁山,细颗粒物(PM2.5),75,65,67,55,62,78,,74,74,19,28,16,18,1.0,1.2
2024-04-07T1800,2427A,115.0307,30.2092,黄石市,团城山,细颗粒物(PM2.5),67,71,71,48,41,94,,95,95,25,20,7,8,0.8,0.7
2024-04-07T1800,3149A,115.0235,30.1578,黄石市,笔架山北路,细颗粒物(PM2.5),69,70,60,50,38,80,,86,85,23,17,6,5,1.2,0.6
2024-04-07T1800,1392A,114.4183,23.0528,惠州市,河南岸金山湖子站,,31,31,18,19,13,32,,45,45,20,12,5,4,0.7,0.7
2024-04-07T1800,1393A,114.4053,23.0822,惠州市,下埔横江三路子站,,18,18,18,11,13,23,,39,39,20,15,6,6,0.7,0.6
2024-04-07T1800,1394A,114.4103,23.1142,惠州市,江北云山西路子站,,,,16,14,10,,,37,37,19,13,5,6,,0.6
2024-04-07T1800,1395A,114.4645,22.7833,惠州市,惠阳区承修路船湖子站,,23,23,24,16,16,53,,67,66,16,12,4,4,0.6,0.5
2024-04-07T1800,1396A,114.5317,22.7422,惠州市,大亚湾管委会子站,,28,28,28,17,16,42,,70,69,27,16,3,2,0.6,0.6
2024-04-07T1800,3314A,114.4338,22.8134,惠州市,惠阳秋长,,27,27,23,15,19,50,,76,72,23,12,7,7,0.7,0.7
2024-04-07T1800,3452A,114.6517,22.775,惠州市,大亚湾霞涌,,21,21,20,11,10,50,,57,54,10,8,5,6,0.6,0.6
2024-04-07T1800,2240A,130.9762,45.3001,鸡西市,环保局,,31,31,48,9,17,75,,84,74,6,6,5,5,0.2,0.3
2024-04-07T1800,2243A,130.9429,45.3039,鸡西市,第一中学,,30,27,43,6,12,95,,95,94,5,7,6,6,0.2,0.2
2024-04-07T1800,3707A,131.0207,45.3073,鸡西市,欧美日汽修厂,颗粒物(PM10),53,56,53,11,20,74,,78,77,5,7,3,4,0,0.2
2024-04-07T1800,3709A,130.9967,45.3106,鸡西市,市政设施管理处,,27,23,54,11,18,86,,89,88,10,12,4,5,0.3,0.4
2024-04-07T1800,2367A,114.9754,27.0803,吉安市,红声器材厂,,43,39,45,30,35,66,,62,62,25,24,8,10,0.6,0.6
2024-04-07T1800,2368A,114.9658,27.0999,吉安市,市森林工业局,,48,46,47,33,38,66,,66,66,26,22,14,11,0.7,0.7
2024-04-07T1800,2369A,114.99,27.1312,吉安市,市环境监测站,,48,46,48,33,33,68,,67,67,24,23,14,16,0.6,0.6
2024-04-07T1800,2370A,115.0093,27.0968,吉安市,青原区法院,,46,46,46,32,35,61,,64,64,24,22,12,13,0.7,0.7
2024-04-07T1800,1772A,126.54,43.8622,吉林市,哈达湾,颗粒物(PM10),118,186,66,80,22,143,,126,126,21,13,8,7,0.7,0.5
2024-04-07T1800,1773A,126.5844,43.8358,吉林市,东局子,颗粒物(PM10),94,138,67,69,27,132,,123,123,25,22,8,7,0.8,0.6
2024-04-07T1800,1774A,126.5052,43.8245,吉林市,电力学院,颗粒物(PM10),98,145,66,64,28,141,,129,129,22,16,12,10,0.7,0.6
2024-04-07T1800,1775A,126.6133,43.8972,吉林市,江北,颗粒物(PM10),128,206,71,86,23,138,,119,119,27,21,10,9,0.8,0.6
2024-04-07T1800,1776A,126.555,43.8306,吉林市,江南公园,细颗粒物(PM2.5),99,144,65,74,27,136,,122,122,23,18,8,8,0.7,0.5
2024-04-07T1800,1778A,126.7061,43.7133,吉林市,丰满,,,,,,,,,,,,,,,,
2024-04-07T1800,2868A,126.4739,43.953,吉林市,九站,颗粒物(PM10),142,234,85,107,32,153,,131,131,25,21,12,10,0.8,0.6
2024-04-07T1800,1299A,116.9862,36.6114,济南市,科干所,颗粒物(PM10),68,85,62,37,29,138,,143,143,19,14,9,8,0.7,0.6
2024-04-07T1800,1300A,116.9376,36.665,济南市,农科所,颗粒物(PM10),58,66,71,29,29,135,,140,140,16,23,6,7,0.5,0.5
2024-04-07T1800,1301A,117.1265,36.6734,济南市,开发区,颗粒物(PM10),57,63,63,20,24,135,,141,141,26,35,8,8,0.5,0.6
2024-04-07T1800,1303A,117.0624,36.6868,济南市,省种子仓库,颗粒物(PM10),62,73,70,24,25,137,,142,142,14,23,5,5,0.4,0.4
2024-04-07T1800,1304A,116.9489,36.6447,济南市,机床二厂,颗粒物(PM10),68,85,73,34,28,142,,146,146,15,19,6,8,0.6,0.7
2024-04-07T1800,1305A,117.0495,36.663,济南市,市监测站,颗粒物(PM10),58,66,63,29,24,146,,152,152,23,30,12,11,0.7,0.7
2024-04-07T1800,1306A,116.7675,36.5484,济南市,长清党校,颗粒物(PM10),56,61,67,34,36,139,,144,144,13,15,6,10,0.6,0.6
2024-04-07T1800,1616A,117.6795,36.229,济南市,技术学院,颗粒物(PM10),71,92,93,44,49,160,,157,157,20,30,12,15,0.7,1.2
2024-04-07T1800,1961A,117.532,36.6868,济南市,东山小学,颗粒物(PM10),62,73,65,24,24,148,,148,148,20,25,7,7,0.5,0.4
2024-04-07T1800,3059A,117.7161,36.2049,济南市,泰兴公司,颗粒物(PM10),68,85,93,36,50,151,,152,152,23,45,12,14,1.3,1.3
2024-04-07T1800,3064A,117.6867,36.2171,济南市,莱芜战役纪念馆,颗粒物(PM10),71,92,97,41,49,139,,144,144,24,34,14,13,1.7,1.2
2024-04-07T1800,3494A,117.1673,36.9782,济南市,济阳区政府,颗粒物(PM10),64,78,71,37,34,142,,136,136,22,33,18,11,0.6,0.6
2024-04-07T1800,3495A,117.1171,36.63,济南市,锦屏中学,颗粒物(PM10),63,76,58,32,26,135,,137,137,14,15,9,8,0.5,0.5
2024-04-07T1800,3682A,116.9814,36.6819,济南市,济南四建,颗粒物(PM10),58,66,57,34,29,133,,139,139,19,19,8,9,0.6,0.6
2024-04-07T1800,1653A,116.6251,35.4302,济宁市,火炬城,颗粒物(PM10),54,58,66,29,34,152,,143,143,9,16,8,9,0.6,0.7
2024-04-07T1800,1655A,116.5491,35.4042,济宁市,电化厂,颗粒物(PM10),71,92,89,31,33,162,,144,144,12,23,8,9,0.7,0.7
2024-04-07T1800,3500A,116.5814,35.3707,济宁市,北湖一中,颗粒物(PM10),60,69,63,39,39,159,,149,149,10,17,13,11,1.0,0.9
2024-04-07T1800,3501A,116.8249,35.5593,济宁市,服务中心,颗粒物(PM10),67,83,100,32,41,141,,138,138,14,26,6,7,0.7,0.7
2024-04-07T1800,3678A,116.5907,35.4054,济宁市,市第七中学,颗粒物(PM10),61,72,63,39,35,161,,144,144,11,15,9,8,0.8,0.7
2024-04-07T1800,2255A,130.2751,46.8028,佳木斯市,佳纺,,25,22,26,7,15,77,,91,90,15,7,5,5,0.4,0.4
2024-04-07T1800,2256A,130.3995,46.8307,佳木斯市,发电厂,,27,27,37,9,17,78,,89,89,16,9,4,3,0.4,0.4
2024-04-07T1800,2257A,130.3258,46.7975,佳木斯市,环保局,,26,11,22,0,12,82,,92,92,14,7,4,4,0.5,0.4
2024-04-07T1800,2258A,130.3648,46.8032,佳木斯市,十一中,,24,19,29,8,13,74,,88,85,16,8,4,4,0.4,0.4
2024-04-07T1800,2259A,130.3794,46.7588,佳木斯市,四丰,,32,8,16,3,10,100,,105,105,5,5,1,1,0.5,0.5
2024-04-07T1800,1252A,120.7436,30.778,嘉兴市,清河小学,,36,36,31,20,17,70,,92,92,29,18,6,7,0.7,0.4
2024-04-07T1800,1253A,120.726,30.7478,嘉兴市,嘉兴学院,,37,37,41,24,21,76,,96,96,34,25,5,5,0.7,0.6
2024-04-07T1800,2872A,120.7846,30.7525,嘉兴市,南湖区残联,,36,35,36,25,23,71,,100,99,36,23,5,6,0.5,0.4
2024-04-07T1800,3407A,120.6916,30.7739,嘉兴市,秀洲住建,,32,30,30,22,19,68,,88,88,33,25,4,5,0.6,0.6
2024-04-07T1800,1945A,98.2908,39.7711,嘉峪关市,气象局,颗粒物(PM10),103,156,68,24,22,113,,102,102,4,24,3,15,0.1,0.5
2024-04-07T1800,2884A,98.2672,39.7978,嘉峪关市,酒钢宾馆,颗粒物(PM10),135,219,88,31,25,112,,102,102,8,21,3,35,0.2,0.6
2024-04-07T1800,3248A,98.2643,39.7724,嘉峪关市,雄关区,颗粒物(PM10),102,153,66,29,24,110,,98,98,6,27,4,11,0,0.6
2024-04-07T1800,1383A,113.1064,22.6058,江门市,北街,,21,,30,13,23,5,,12,10,41,42,7,7,0.7,0.7
2024-04-07T1800,1384A,113.0731,22.5835,江门市,西区,,30,30,30,18,17,3,,11,10,39,39,8,7,0.9,0.8
2024-04-07T1800,1385A,113.0219,22.5311,江门市,圭峰西,,22,,28,14,16,5,,21,19,44,37,4,4,0.9,0.8
2024-04-07T1800,1386A,113.0828,22.5947,江门市,东湖,,22,22,33,9,18,3,,11,9,38,38,6,6,0.8,0.7
2024-04-07T1800,3311A,113.1075,22.5647,江门市,江海富民,颗粒物(PM10),53,55,45,35,22,4,,12,11,39,41,7,7,0.8,0.7
2024-04-07T1800,3449A,113.05,22.4667,江门市,新会银湖,,32,32,31,19,15,7,,30,29,40,27,3,3,0.9,0.7
2024-04-07T1800,1828A,113.227,35.2125,焦作市,市环保局,颗粒物(PM10),66,82,102,41,66,145,,148,148,15,29,8,12,0.4,0.7
2024-04-07T1800,1830A,113.1992,35.2590,焦作市,影视城,,,,,,,,,,,,,,,,
2024-04-07T1800,3169A,113.2725,35.2067,焦作市,太极体育中心,颗粒物(PM10),61,72,111,33,65,147,,158,158,16,30,3,8,0.4,0.7
2024-04-07T1800,3335A,113.3137,35.2641,焦作市,马村街道办,"颗粒物(PM10),细颗粒物(PM2.5)",68,85,120,49,67,136,,140,140,24,34,12,14,0.5,0.9
2024-04-07T1800,3336A,113.2465,35.2373,焦作市,焦作技师学院,颗粒物(PM10),69,87,102,46,65,143,,146,146,15,25,10,10,0.5,0.8
2024-04-07T1800,3477A,113.1656,35.2539,焦作市,中站许衡医院,颗粒物(PM10),69,87,95,49,56,149,,149,149,13,28,15,13,0.6,0.9
2024-04-07T1800,3981A,113.2449,35.1803,焦作市,原李万街道办,颗粒物(PM10),52,54,90,34,54,132,,143,143,14,28,8,12,0.5,0.8
2024-04-07T1800,1708A,116.3701,23.5345,揭阳市,新兴,,38,29,26,26,25,15,,43,34,49,23,8,9,1.1,0.6
2024-04-07T1800,1709A,116.3264,23.5443,揭阳市,西马,,37,37,30,16,20,17,,45,32,43,19,9,9,0.9,0.6
2024-04-07T1800,1710A,116.3611,23.5626,揭阳市,东兴,,40,36,31,28,33,16,,40,30,43,23,9,11,1.0,0.7
2024-04-07T1800,1711A,116.4151,23.5294,揭阳市,渔湖,,33,33,26,19,17,17,,42,31,47,23,7,7,0.8,0.6
2024-04-07T1800,3320A,116.403,23.5699,揭阳市,曲溪,,39,28,24,27,19,14,,40,30,46,24,5,7,0.9,0.6
2024-04-07T1800,1944A,102.1692,38.5167,金昌市,天庆家园,,42,42,47,8,12,120,,122,122,10,12,8,16,0.5,0.6
2024-04-07T1800,3170A,102.1864,38.5253,金昌市,市委党校,,50,50,60,19,23,120,,121,121,6,11,8,19,0.4,0.5
2024-04-07T1800,4022A,102.1647,38.5371,金昌市,金川区人防中心,颗粒物(PM10),60,69,59,19,20,124,,127,127,8,10,6,17,0.4,0.5
2024-04-07T1800,1262A,119.647,29.077,金华市,十五中,,29,21,34,20,33,26,,35,30,45,36,3,3,0.5,0.6
2024-04-07T1800,1263A,119.686,29.1029,金华市,监测站,,25,23,40,17,28,24,,28,28,41,35,3,2,0.4,0.5
2024-04-07T1800,3659A,119.656,29.1131,金华市,气象局,,26,24,40,15,23,15,,23,23,51,41,4,3,0.4,0.7
2024-04-07T1800,1767A,121.1115,41.0879,锦州市,南山,颗粒物(PM10),57,64,130,17,89,117,,117,117,19,35,17,28,0.2,0.7
2024-04-07T1800,1768A,121.0533,40.8434,锦州市,开发区,颗粒物(PM10),99,148,174,57,111,133,,129,129,54,68,13,22,0.7,1
2024-04-07T1800,1769A,121.1836,41.1119,锦州市,百股街道,颗粒物(PM10),61,71,123,14,85,114,,116,116,19,33,11,57,0.5,1
2024-04-07T1800,1770A,121.1178,41.1222,锦州市,天安街道,颗粒物(PM10),65,80,128,10,85,110,,114,114,20,46,18,19,0.5,0.9
2024-04-07T1800,1771A,121.1303,41.1386,锦州市,北湖公园,颗粒物(PM10),53,56,110,11,81,74,,85,84,18,30,18,18,0.5,0.9
2024-04-07T1800,2160A,112.85,35.5051,晋城市,自来水公司,颗粒物(PM10),68,85,103,34,46,164,,147,147,15,40,11,12,0.6,1.3
2024-04-07T1800,2161A,112.8318,35.4936,晋城市,白云商贸,颗粒物(PM10),64,78,112,24,47,164,,147,147,18,35,10,10,0.7,1.3
2024-04-07T1800,2162A,112.8508,35.4887,晋城市,市环保局,颗粒物(PM10),61,72,105,29,43,163,,145,145,19,47,10,10,0.6,1.2
2024-04-07T1800,2163A,112.8676,35.4897,晋城市,技术学院,颗粒物(PM10),61,71,96,31,41,164,,147,147,16,40,12,11,0.7,1.2
2024-04-07T1800,2165A,112.8453,35.546,晋城市,白马寺,,,,,,,,,,,,,,,,
2024-04-07T1800,3620A,112.8271,35.4828,晋城市,泽州一中,颗粒物(PM10),56,61,95,27,46,164,,147,147,17,33,11,12,0.6,1.3
2024-04-07T1800,2171A,112.7532,37.6945,晋中市,锦纶小区,颗粒物(PM10),60,70,80,27,34,145,,133,133,20,32,10,10,0.3,0.3
2024-04-07T1800,2173A,112.7249,37.7067,晋中市,南都小区,颗粒物(PM10),59,67,86,30,38,144,,131,131,19,38,11,11,0.5,0.5
2024-04-07T1800,2174A,112.6991,37.6982,晋中市,榆次区政府,颗粒物(PM10),63,75,87,26,36,149,,136,136,20,35,11,12,0.6,0.5
2024-04-07T1800,2865A,112.7195,37.6828,晋中市,榆次三中,颗粒物(PM10),62,73,91,27,35,148,,135,135,19,35,11,11,0.6,0.6
2024-04-07T1800,2439A,112.2014,31.0481,荆门市,竹园小学,,48,48,65,23,41,120,,94,94,13,27,13,10,0.6,0.9
2024-04-07T1800,2440A,112.1969,30.9891,荆门市,掇刀,,45,43,58,31,41,124,,99,99,9,18,12,10,0.5,0.6
2024-04-07T1800,2441A,112.2213,31.0386,荆门市,石化一小,,44,44,66,30,45,124,,98,98,12,24,21,19,0.5,0.7
2024-04-07T1800,3012A,112.1849,31.0362,荆门市,西山林语,,44,44,58,11,31,124,,99,99,12,21,17,12,0.4,0.6
2024-04-07T1800,3547A,112.1632,31.0138,荆门市,龙泉中学南校,,41,41,53,26,29,121,,96,96,2,16,12,9,0.6,0.8
2024-04-07T1800,1844A,112.2494,30.3197,荆州市,市图书馆,,49,49,48,32,27,122,,98,98,15,30,8,7,0.7,0.8
2024-04-07T1800,1845A,112.2008,30.3544,荆州市,市委党校,细颗粒物(PM2.5),53,46,50,37,36,115,,92,92,14,22,8,7,0.6,0.6
2024-04-07T1800,3194A,112.2747,30.3122,荆州市,管委会,,45,42,44,31,31,130,,112,112,15,27,11,9,0.6,0.7
2024-04-07T1800,3548A,112.1655,30.3364,荆州市,学苑路,细颗粒物(PM2.5),53,,47,37,45,124,,100,100,13,22,7,7,0.5,0.6
2024-04-07T1800,2342A,117.3102,29.3867,景德镇市,王港中学,,,,,,,,,,,,,,,,
2024-04-07T1800,2343A,117.2117,29.2933,景德镇市,老干部活动中心,,29,28,25,20,21,28,,46,45,28,13,11,6,0.4,0.3
2024-04-07T1800,2344A,117.1894,29.2789,景德镇市,兽医站,,23,,25,16,19,25,,48,46,30,13,21,7,0.6,0.5
2024-04-07T1800,2345A,117.1547,29.2617,景德镇市,台达陶瓷,,46,39,27,32,24,35,,45,45,22,19,6,6,0.8,0.5
2024-04-07T1800,2346A,117.2461,29.2956,景德镇市,陶研所,,24,24,20,11,12,30,,43,42,19,12,6,5,0.5,0.4
2024-04-07T1800,1803A,115.9872,29.6815,九江市,十里,,49,40,39,34,30,90,,95,95,19,18,10,10,0.7,0.7
2024-04-07T1800,1804A,115.9584,29.7046,九江市,茅山头,细颗粒物(PM2.5),69,,41,50,35,84,,88,88,22,21,11,9,0.7,0.6
2024-04-07T1800,1805A,115.9877,29.7295,九江市,西园,,43,39,42,30,32,78,,83,83,24,22,12,11,0.7,0.6
2024-04-07T1800,1806A,116.0172,29.6547,九江市,五七二七厂,细颗粒物(PM2.5),53,43,41,37,38,68,,72,72,18,12,8,9,0.7,0.7
2024-04-07T1800,1808A,115.9114,29.6038,九江市,综合工业园,细颗粒物(PM2.5),54,42,44,38,40,81,,86,86,35,37,10,10,0.8,0.8
2024-04-07T1800,1809A,116.0721,29.7535,九江市,石化总厂,,46,46,44,29,30,80,,85,85,23,21,9,10,0.9,0.7
2024-04-07T1800,1810A,115.9773,29.5698,九江市,庐山气象台,,25,11,15,10,14,80,,82,82,10,6,6,7,0.8,0.8
2024-04-07T1800,3190A,116.0254,29.6994,九江市,外国语学校,,45,40,40,31,32,72,,89,89,35,25,13,11,0.8,0.7
2024-04-07T1800,2658A,98.5061,39.7443,酒泉市,仓门街子站,颗粒物(PM10),176,302,83,25,25,106,,105,105,5,16,7,10,0.2,0.4
2024-04-07T1800,2659A,98.4989,39.7256,酒泉市,油田生活基地,颗粒物(PM10),164,278,84,31,30,110,,107,107,4,18,8,13,0.2,0.4
2024-04-07T1800,2698A,76.0072,39.4467,喀什地区,巡警大队,颗粒物(PM10),70,89,324,12,55,124,,112,112,6,28,2,3,0.3,0.5
2024-04-07T1800,2699A,75.9755,39.4694,喀什地区,吾办,颗粒物(PM10),74,98,313,23,96,122,,107,107,9,25,4,5,0.2,0.5
2024-04-07T1800,4027A,75.9483,39.4689,喀什地区,老干局,颗粒物(PM10),77,104,331,13,69,130,,114,114,5,19,3,4,0.3,0.5
2024-04-07T1800,1824A,114.3389,34.7781,开封市,肿瘤医院,,50,50,61,18,37,120,,126,126,8,21,4,5,0.2,0.3
2024-04-07T1800,1826A,114.2885,34.7965,开封市,世纪星幼儿园,颗粒物(PM10),51,52,56,22,28,118,,124,124,9,20,5,5,0.3,0.4
2024-04-07T1800,3147A,114.3438,34.8106,开封市,龙亭公园,颗粒物(PM10),51,51,55,14,28,127,,132,132,6,19,3,5,0.3,0.4
2024-04-07T1800,3210A,114.3644,34.7964,开封市,汴京公园,颗粒物(PM10),52,53,63,16,37,120,,124,124,9,23,4,5,0.4,0.5
2024-04-07T1800,3473A,114.2485,34.8306,开封市,技师学院,,48,48,53,18,35,113,,123,123,10,10,4,6,0.4,0.6
2024-04-07T1800,3592A,114.4644,34.7556,开封市,祥符区生态环境局,,44,44,72,19,37,114,,120,120,15,33,4,5,0.4,0.5
2024-04-07T1800,1951A,84.895,45.6094,克拉玛依市,长征新村,,32,19,27,5,6,101,,85,85,2,14,10,10,0.2,0.2
2024-04-07T1800,1952A,84.8988,45.5893,克拉玛依市,南林小区,,34,22,34,14,15,108,,93,93,4,19,8,7,0.2,0.5
2024-04-07T1800,1954A,84.905,44.3396,克拉玛依市,独山子区,,37,28,22,17,11,118,,114,114,7,11,7,7,0.2,0.3
2024-04-07T1800,1955A,85.6979,46.098,克拉玛依市,乌尔禾区商贸楼,,35,14,19,3,11,109,,100,100,2,10,10,9,0.2,0.3
2024-04-07T1800,3612A,85.1045,45.6899,克拉玛依市,白碱滩区新站,,35,23,31,14,12,111,,92,92,2,20,10,9,0.3,0.3
2024-04-07T1800,2697A,76.1454,39.7142,克孜勒苏柯尔克孜自治州,市人民政府,颗粒物(PM10),52,53,181,21,58,133,,127,127,2,10,6,10,0.1,0.1
2024-04-07T1800,3665A,76.1658,39.7157,克孜勒苏柯尔克孜自治州,克州文化中心,颗粒物(PM10),51,51,205,12,63,132,,127,127,4,7,7,6,0.2,0.2
2024-04-07T1800,1450A,102.8204,24.8886,昆明市,呈贡新区,,45,45,61,20,45,118,,127,126,8,13,4,6,0.5,0.6
2024-04-07T1800,1451A,102.6251,24.9608,昆明市,西山森林公园,,,,,,,,,,,,,,,,
2024-04-07T1800,1452A,102.7252,25.0902,昆明市,龙泉镇,,47,47,68,24,41,118,,122,122,9,30,6,7,0.5,0.7
2024-04-07T1800,1453A,102.7266,25.0375,昆明市,东风东路,,47,47,73,28,46,113,,119,119,11,18,6,10,0.5,0.8
2024-04-07T1800,1454A,102.6742,25.0669,昆明市,金鼎山,颗粒物(PM10),52,53,74,18,43,122,,124,124,9,28,5,6,0.5,0.8
2024-04-07T1800,1455A,102.6644,25.0401,昆明市,碧鸡广场,,37,34,71,20,50,116,,120,120,10,28,7,9,0.5,0.7
2024-04-07T1800,3179A,102.7494,25.0119,昆明市,官渡区博物馆,,46,46,72,23,43,121,,130,130,9,16,8,12,0.4,0.7
2024-04-07T1800,3375A,102.8017,24.8336,昆明市,青年创业园,,49,38,65,34,46,127,,134,133,4,9,8,9,0.6,0.7
2024-04-07T1800,3550A,102.7997,24.9786,昆明市,昆明学院,,42,42,74,22,47,118,,127,127,8,14,8,10,0.5,0.7
2024-04-07T1800,3551A,102.5967,24.6736,昆明市,晋宁区生态环境分局,,,74,73,,50,126,,129,129,,8,2,4,0.6,0.7
2024-04-07T1800,3552A,102.6678,24.9856,昆明市,云天化总部,,41,36,71,20,48,129,,139,138,6,22,8,11,0.7,0.9
2024-04-07T1800,1456A,91.1319,29.6514,拉萨市,八廓街,,45,16,17,10,10,141,,139,139,11,14,8,7,0.3,0.4
2024-04-07T1800,1457A,91.1221,29.6747,拉萨市,市环保局,,44,11,18,7,8,140,,138,138,10,11,6,6,0.4,0.4
2024-04-07T1800,1458A,91.0874,29.6475,拉萨市,区监测站,,45,9,13,6,8,143,,137,137,6,10,5,5,0.4,0.4
2024-04-07T1800,1459A,91.1774,29.6541,拉萨市,西藏大学,,45,10,17,5,8,144,,141,141,3,4,3,3,0.6,0.6
2024-04-07T1800,1460A,90.9798,29.6588,拉萨市,区辐射站,,40,23,18,5,9,128,,130,130,17,12,5,6,0.5,0.5
2024-04-07T1800,1461A,91.0834,29.6292,拉萨市,拉萨火车站,,45,12,18,7,9,142,,137,137,5,6,3,4,0.3,0.3
2024-04-07T1800,2520A,109.2203,23.7256,来宾市,来宾技工学校,,29,29,19,6,10,39,,38,38,12,10,7,7,0.9,0.9
2024-04-07T1800,3535A,109.1781,23.7297,来宾市,兴宾区政府,,21,21,17,10,10,41,,39,39,12,9,6,5,0.9,0.9
2024-04-07T1800,4002A,109.2416,23.7461,来宾市,中南小学,,30,30,20,11,10,38,,38,38,14,11,6,5,0.8,0.8
2024-04-07T1800,1476A,103.631,36.1031,兰州市,兰炼宾馆,,43,37,55,30,39,119,,100,100,10,33,7,9,0.3,0.4
2024-04-07T1800,1477A,104.1373,35.9454,兰州市,榆中兰大校区,,,,,,,,,,,,,,,,
2024-04-07T1800,1478A,103.8412,36.0726,兰州市,生物制品所,,48,39,58,33,45,121,,108,108,24,39,10,10,0.5,0.7
2024-04-07T1800,1479A,103.831,36.0464,兰州市,铁路设计院,颗粒物(PM10),51,51,60,32,40,117,,95,95,27,44,8,9,0.6,0.8
2024-04-07T1800,3186A,103.7158,36.1058,兰州市,教育港,,45,31,60,31,44,125,,117,117,14,36,8,8,0.7,0.7
2024-04-07T1800,3241A,103.7439,36.0842,兰州市,百合公园,,40,39,53,28,37,117,,109,109,12,35,7,5,0.7,0.8
2024-04-07T1800,3242A,103.9611,35.998,兰州市,和平,颗粒物(PM10),51,52,61,32,38,138,,120,120,18,26,10,10,0.6,0.7
2024-04-07T1800,3245A,103.6633,36.533,兰州新区,新区管委会,,37,36,46,25,27,118,,107,107,8,16,8,10,0.4,0.5
2024-04-07T1800,3246A,103.6975,36.4789,兰州新区,舟曲中学,,37,21,39,14,28,116,,104,104,8,14,9,12,0.5,0.6
2024-04-07T1800,1067A,116.6708,39.5111,廊坊市,药材公司,颗粒物(PM10),55,59,106,19,50,104,,99,99,15,28,3,3,0.3,0.5
2024-04-07T1800,1068A,116.7214,39.5589,廊坊市,开发区,颗粒物(PM10),53,56,104,19,53,102,,100,100,21,32,1,3,0.2,0.5
2024-04-07T1800,1070A,116.7244,39.5269,廊坊市,北华航天学院,,50,50,98,10,45,103,,100,100,14,25,1,3,0.2,0.5
2024-04-07T1800,2919A,116.7022,39.5453,廊坊市,河北工业大学,颗粒物(PM10),53,55,98,17,49,105,,100,100,19,32,2,3,0.2,0.5
2024-04-07T1800,2535A,103.7723,29.5462,乐山市,花湖湾,,36,36,45,11,15,59,,66,66,14,12,2,2,0.7,0.7
2024-04-07T1800,2536A,103.7627,29.5844,乐山市,牛耳桥,,32,32,27,20,15,62,,71,71,24,23,4,4,0.6,0.5
2024-04-07T1800,2537A,103.7508,29.6006,乐山市,市第三水厂,,24,24,25,12,13,63,,72,72,26,25,3,4,0.5,0.5
2024-04-07T1800,2538A,103.7571,29.5664,乐山市,市监测站,,,,23,,14,65,,78,78,,16,5,5,0.5,0.6
2024-04-07T1800,3361A,103.7311,29.5628,乐山市,理工大学,,23,23,22,12,13,59,,76,76,20,16,6,6,0.4,0.4
2024-04-07T1800,2598A,100.2143,26.8576,丽江市,西南郊,,,,,,,,,,,,,,,,
2024-04-07T1800,2599A,100.2497,26.8802,丽江市,丽江古城,颗粒物(PM10),51,52,41,22,23,103,,102,102,11,10,9,9,0.4,0.5
2024-04-07T1800,2600A,100.2203,26.8906,丽江市,市中心,,32,32,26,9,13,101,,100,100,9,8,8,7,0.5,0.5
2024-04-07T1800,1267A,119.914,28.4514,丽水市,监测站大楼,,24,24,26,15,16,60,,52,52,15,19,3,4,0.5,0.6
2024-04-07T1800,1268A,119.93,28.4586,丽水市,莲都小学,,25,25,28,15,19,59,,51,51,19,22,3,3,0.4,0.5
2024-04-07T1800,1269A,119.879,28.4231,丽水市,余庄前,,17,14,25,7,16,53,,49,49,9,16,4,4,0.4,0.6
2024-04-07T1800,1173A,119.176,34.5885,连云港市,市环境监测站,颗粒物(PM10),54,58,61,29,40,108,,108,108,22,24,9,7,0.6,0.2
2024-04-07T1800,3000A,119.3581,34.6972,连云港市,德源药业,,33,31,55,9,31,104,,119,119,5,21,5,5,0.4,0.5
2024-04-07T1800,3007A,119.178,34.844,连云港市,新城一中,,49,49,70,12,38,98,,124,122,28,28,7,8,0.5,0.5
2024-04-07T1800,3008A,119.3608,34.7519,连云港市,胡沟管理处,颗粒物(PM10),56,61,55,14,29,36,,97,91,73,27,12,8,0.6,0.6
2024-04-07T1800,3009A,119.1478,34.5911,连云港市,矿山设计院,颗粒物(PM10),59,68,60,29,34,105,,107,107,21,21,7,7,0.8,0.7
2024-04-07T1800,3434A,119.2413,34.6539,连云港市,工贸学校,,42,42,50,28,33,128,,122,122,15,10,9,8,0.6,0.5
2024-04-07T1800,3664A,119.4172,34.7341,连云港市,连云街道,,48,48,58,18,29,64,,112,112,60,28,4,4,0.7,0.7
2024-04-07T1800,2571A,102.3431,27.8099,凉山彝族自治州,青龙寺,,35,35,34,9,8,110,,99,99,3,10,5,8,0.5,0.9
2024-04-07T1800,2572A,102.2721,27.8415,凉山彝族自治州,邛海宾馆,,37,32,34,12,17,117,,102,102,4,16,12,12,0.3,0.6
2024-04-07T1800,2573A,102.2625,27.898,凉山彝族自治州,西昌市政府,,42,42,48,19,24,111,,96,96,8,19,4,13,0.5,0.7
2024-04-07T1800,2574A,102.2685,27.8851,凉山彝族自治州,凉山州政府,,39,39,45,12,20,104,,92,92,6,18,7,13,0.4,0.6
2024-04-07T1800,2575A,102.237,27.8914,凉山彝族自治州,长安,颗粒物(PM10),54,58,43,17,20,113,,102,102,14,20,9,16,0.4,0.7
2024-04-07T1800,2212A,123.2,41.1953,辽阳市,宏伟区,,32,32,101,19,73,92,,118,109,24,24,11,15,0.8,1.2
2024-04-07T1800,2213A,123.1683,41.2495,辽阳市,新华园,颗粒物(PM10),54,58,116,26,88,94,,128,122,29,29,11,15,0.7,1.2
2024-04-07T1800,2214A,123.2354,41.2639,辽阳市,滨河路,,42,42,95,21,92,103,,121,118,17,25,13,12,0.5,1
2024-04-07T1800,2215A,123.149,41.2991,辽阳市,铁西工业园,颗粒物(PM10),55,60,125,21,92,102,,122,121,24,30,16,18,0.8,1.1
2024-04-07T1800,2227A,125.1358,42.8845,辽源市,环保局,颗粒物(PM10),52,54,104,34,80,124,,130,130,14,36,9,10,0.6,1
2024-04-07T1800,3239A,125.0764,42.9078,辽源市,银鹰制药,细颗粒物(PM2.5),62,67,126,44,94,117,,129,129,19,40,13,16,0.6,1
2024-04-07T1800,1625A,115.9848,36.4372,聊城市,区政府,颗粒物(PM10),59,67,80,29,37,141,,137,137,13,20,5,10,0.6,0.6
2024-04-07T1800,2878A,116.0072,36.4343,聊城市,聊大东校,,,56,71,28,37,157,,146,146,13,20,6,11,,0.6
2024-04-07T1800,3200A,115.9819,36.4978,聊城市,监控中心,颗粒物(PM10),60,70,78,29,35,145,,139,139,19,20,6,10,0.6,0.6
2024-04-07T1800,3513A,116.0445,36.4361,聊城市,九州社区,颗粒物(PM10),59,68,84,19,26,151,,139,139,5,17,6,11,0.4,0.5
2024-04-07T1800,4018A,116.0567,36.4608,聊城市,星美广场,颗粒物(PM10),60,70,80,23,32,152,,140,140,8,15,5,10,0.6,0.5
2024-04-07T1800,2632A,94.3681,29.6376,林芝市,林芝监测站,,35,11,6,4,3,110,,105,105,5,4,5,5,0.6,0.7
2024-04-07T1800,2633A,94.3616,29.6616,林芝市,林芝人民医院,,36,10,7,5,6,114,,111,111,8,7,6,6,0.5,0.5
2024-04-07T1800,2603A,100.0781,23.8982,临沧市,市环保局,细颗粒物(PM2.5),84,,67,62,60,130,,132,132,7,11,7,10,0.3,0.5
2024-04-07T1800,2604A,100.0894,23.8822,临沧市,市气象局,细颗粒物(PM2.5),57,57,77,40,53,129,,131,131,9,14,6,9,0.6,0.7
2024-04-07T1800,1733A,111.5531,36.0783,临汾市,临钢医院,细颗粒物(PM2.5),90,127,141,67,74,169,,135,135,18,35,15,9,1.2,1.2
2024-04-07T1800,1734A,111.5028,36.0714,临汾市,技工学校,颗粒物(PM10),87,124,131,62,74,186,,150,150,18,39,13,10,1.0,1.1
2024-04-07T1800,1736A,111.5018,36.0855,临汾市,市委,颗粒物(PM10),94,137,138,65,70,180,,147,147,18,36,12,8,1.1,1.1
2024-04-07T1800,3018A,111.505,36.1014,临汾市,唐尧大酒店,颗粒物(PM10),88,126,135,59,66,156,,126,126,18,39,13,10,1.0,0.9
2024-04-07T1800,3668A,111.5036,36.0414,临汾市,城南,细颗粒物(PM2.5),88,101,111,65,71,180,,153,153,20,20,13,14,1.2,1.2
2024-04-07T1800,2667A,103.2069,35.5993,临夏回族自治州,环保局,,41,41,56,18,36,100,,88,88,8,16,3,3,0.3,0.7
2024-04-07T1800,2668A,103.2417,35.6057,临夏回族自治州,建设大厦,,31,14,40,11,32,99,,84,84,19,25,4,4,0.4,0.6
2024-04-07T1800,1618A,118.3429,35.0532,临沂市,沂河小区,颗粒物(PM10),52,53,87,24,56,122,,130,130,13,27,6,15,0.3,0.4
2024-04-07T1800,1619A,118.295,35.0583,临沂市,鲁南制药厂,,44,44,85,21,45,128,,140,140,15,29,5,12,0.2,0.4
2024-04-07T1800,1620A,118.2794,34.9976,临沂市,新光毛纺厂,,46,46,79,20,47,122,,132,132,17,35,4,14,0.5,0.7
2024-04-07T1800,1621A,118.3956,35.0888,临沂市,河东保险公司,,48,48,75,22,43,112,,132,132,28,36,5,10,0.3,0.4
2024-04-07T1800,3370A,118.3564,35.0215,临沂市,十里堡居委,,44,44,79,17,44,124,,134,134,17,33,4,13,0.4,0.6
2024-04-07T1800,3496A,118.3604,35.1084,临沂市,南坊新区,,44,44,70,22,42,125,,142,142,16,25,8,13,0.3,0.5
2024-04-07T1800,3860A,118.3920,35.0300,临沂市,皇山花园小区,,46,46,79,26,51,119,,130,130,20,32,8,16,0.2,0.3
2024-04-07T1800,1870A,109.4856,24.3895,柳州市,柳东小学,,16,,12,11,8,31,,31,31,8,8,6,6,0.9,0.9
2024-04-07T1800,1871A,109.4157,24.3277,柳州市,环保监测站,,11,,12,7,9,35,,36,36,10,12,6,7,0.8,0.9
2024-04-07T1800,1872A,109.389,24.341,柳州市,河西水厂,,,,19,,7,,,25,,,14,,5,,1.2
2024-04-07T1800,1873A,109.4311,24.2921,柳州市,市四中,,,11,14,5,5,36,,38,38,12,12,6,6,,0.9
2024-04-07T1800,1874A,109.4006,24.3631,柳州市,市九中,,22,22,20,5,11,35,,35,35,14,18,6,8,0.8,1.1
2024-04-07T1800,1875A,109.4958,24.3134,柳州市,古亭山,,16,16,12,5,6,35,,31,31,5,6,5,5,0.9,0.9
2024-04-07T1800,3402A,109.5422,24.3996,柳州市,市二中,,13,13,12,7,5,36,,31,30,10,11,7,7,0.8,0.9
2024-04-07T1800,2307A,116.5079,31.737,六安市,监测大楼,,32,24,42,22,43,64,,74,65,24,22,4,5,0.6,0.5
2024-04-07T1800,2308A,116.4738,31.7643,六安市,皖西学院,,39,39,52,18,40,70,,84,68,22,17,3,4,0.6,0.6
2024-04-07T1800,2309A,116.4996,31.7905,六安市,朝阳厂,,29,,47,20,47,72,,75,60,18,20,4,6,0.4,0.5
2024-04-07T1800,2310A,116.5567,31.7886,六安市,开发区,,26,,54,18,34,71,,72,60,16,18,4,5,0.6,0.6
2024-04-07T1800,2576A,104.8,26.5892,六盘水市,窑上,,,,,,,,,,,,,,,,
2024-04-07T1800,2577A,104.83,26.5917,六盘水市,黄土坡,,19,19,23,13,19,40,,44,33,15,14,6,6,0.6,0.7
2024-04-07T1800,2578A,104.89,26.5939,六盘水市,水钢,,20,,29,14,18,48,,46,37,13,12,7,7,0.5,0.5
2024-04-07T1800,2579A,104.8475,26.5894,六盘水市,民中,,32,,25,22,14,39,,44,34,16,13,6,6,0.6,0.7
2024-04-07T1800,2580A,104.9544,26.5506,六盘水市,双水,,15,,22,8,16,45,,47,39,11,12,6,7,0.5,0.6
2024-04-07T1800,2335A,117.0189,25.1181,龙岩市,龙岩师专,,,,,,,,,,,,,,,,
2024-04-07T1800,2336A,117.0217,25.1033,龙岩市,龙岩市监测站,,22,,14,15,16,28,,26,26,29,23,4,6,0.9,0.7
2024-04-07T1800,2337A,117.0258,25.0661,龙岩市,闽西职业技术学院,,13,11,11,5,11,29,,24,24,26,24,8,5,0.7,0.6
2024-04-07T1800,2338A,117.0196,25.0306,龙岩市,龙岩学院,,10,,11,5,6,30,,27,27,17,18,4,3,0.7,0.6
2024-04-07T1800,2665A,105.0822,33.3261,陇南市,汉王镇固水子,,,,,,,,,,,,,,,,
2024-04-07T1800,2885A,104.9339,33.3826,陇南市,滨江中学,,47,47,52,17,15,97,,94,94,7,10,7,7,0.6,0.6
2024-04-07T1800,3247A,104.955,33.371,陇南市,市总工会,,33,33,36,21,14,86,,85,85,14,11,6,5,0.5,0.5
2024-04-07T1800,2487A,111.9589,27.8901,娄底市,电视发射台,,46,46,46,23,27,47,,64,63,6,5,5,5,0.9,0.8
2024-04-07T1800,2488A,111.9975,27.725,娄底市,市监测站,,41,41,47,20,31,60,,70,70,18,15,6,8,0.6,0.5
2024-04-07T1800,2489A,112.0194,27.7314,娄底市,市委党校,,36,36,38,24,31,77,,70,70,13,15,6,6,0.5,0.5
2024-04-07T1800,2490A,111.9561,27.7569,娄底市,涟钢,,43,43,39,26,27,49,,60,60,34,17,7,2,1.3,0.7
2024-04-07T1800,2491A,111.9892,27.7044,娄底市,市政府,,43,37,37,30,29,64,,68,68,17,16,6,6,0.6,0.6
2024-04-07T1800,1893A,105.4324,28.9634,泸州市,九狮山,,16,13,16,10,10,50,,58,52,10,10,5,5,0.3,0.3
2024-04-07T1800,1894A,105.4427,28.9063,泸州市,小市上码头,,15,13,20,7,11,48,,54,51,15,13,9,10,0.4,0.5
2024-04-07T1800,1895A,105.4241,28.8573,泸州市,兰田宪桥,,19,19,19,12,14,52,,58,54,10,10,8,8,0.2,0.3
2024-04-07T1800,1896A,105.4379,28.8833,泸州市,市环监站,,14,11,17,8,14,43,,57,49,13,9,6,6,0.4,0.4
2024-04-07T1800,3490A,105.3617,28.7703,泸州市,纳溪区环保局,,22,22,21,12,11,41,,56,51,24,12,4,5,0.5,0.5
2024-04-07T1800,2183A,111.1406,37.5211,吕梁市,环保局,颗粒物(PM10),53,56,74,20,25,123,,114,114,18,39,7,7,0.5,0.4
2024-04-07T1800,2185A,111.1297,37.5136,吕梁市,自来水公司,颗粒物(PM10),52,54,94,20,30,124,,109,109,17,36,7,7,0.6,0.6
2024-04-07T1800,2867A,111.1283,37.51,吕梁市,马茂庄小学,,49,49,78,22,26,129,,117,117,18,42,7,6,0.5,0.4
2024-04-07T1800,1812A,112.3931,34.6516,洛阳市,市委党校,颗粒物(PM10),52,53,50,29,32,139,,122,122,13,17,2,4,0.5,0.5
2024-04-07T1800,1814A,112.4657,34.6871,洛阳市,豫西宾馆,颗粒物(PM10),63,75,60,32,28,164,,130,130,17,21,7,7,0.6,0.6
2024-04-07T1800,1815A,112.494,34.6886,洛阳市,河南林校,颗粒物(PM10),56,62,47,35,29,157,,123,123,8,13,6,5,0.6,0.6
2024-04-07T1800,1816A,112.3844,34.623,洛阳市,开发区管委会,颗粒物(PM10),54,57,54,30,30,133,,122,122,15,17,7,6,0.2,0.3
2024-04-07T1800,1817A,112.4267,34.6258,洛阳市,市委新办公区,颗粒物(PM10),56,62,55,27,30,131,,118,118,10,14,9,8,0.4,0.5
2024-04-07T1800,3340A,112.6005,34.6326,洛阳市,伊滨,颗粒物(PM10),60,69,56,35,35,155,,128,128,12,18,8,9,0.4,0.5
2024-04-07T1800,3341A,112.4951,34.6332,洛阳市,中移产业园,颗粒物(PM10),55,59,47,32,26,148,,124,124,13,13,7,8,0.6,0.6
2024-04-07T1800,3593A,112.5736,34.8993,洛阳市,吉利监测站,颗粒物(PM10),65,79,61,24,36,162,,138,138,16,30,5,4,0.6,0.6
2024-04-07T1800,3635A,112.3677,34.662,洛阳市,河科大西苑校区,颗粒物(PM10),51,52,56,19,29,138,,121,121,13,22,5,6,0.4,0.4
2024-04-07T1800,3636A,112.4388,34.6781,洛阳市,英才小学,颗粒物(PM10),55,60,58,30,28,148,,123,123,13,20,6,7,0.4,0.5
2024-04-07T1800,2399A,114.051,33.5699,漯河市,三五一五工厂,,49,49,54,30,36,123,,121,121,7,24,12,11,0.5,0.6
2024-04-07T1800,2400A,114.0055,33.5698,漯河市,漯河大学,颗粒物(PM10),53,55,67,29,38,124,,123,123,12,22,7,7,0.3,0.4
2024-04-07T1800,2401A,114.0138,33.5828,漯河市,市水利局,颗粒物(PM10),51,51,55,27,34,124,,124,124,12,23,12,10,0.3,0.4
2024-04-07T1800,2402A,114.0261,33.5698,漯河市,市广电局,颗粒物(PM10),52,54,57,27,35,123,,122,122,13,26,7,6,0.5,0.6
2024-04-07T1800,3478A,113.9749,33.5664,漯河市,市图书馆,,42,42,58,21,34,124,,124,124,13,26,8,8,0.5,0.6
2024-04-07T1800,3479A,114.0967,33.5906,漯河市,召陵区卫健委,,49,48,58,34,29,128,,125,125,13,27,10,7,0.5,0.5
2024-04-07T1800,1798A,118.5092,31.6837,马鞍山市,湖东路四小,,37,37,47,19,29,76,,85,85,22,14,6,7,0.6,0.6
2024-04-07T1800,1799A,118.5024,31.6449,马鞍山市,开发区,,31,31,42,15,28,81,,81,81,27,27,5,6,0.7,0.7
2024-04-07T1800,1800A,118.5228,31.7231,马鞍山市,慈湖,,32,31,46,22,29,77,,83,83,26,23,9,9,0.7,0.7
2024-04-07T1800,1802A,118.6245,31.7241,马鞍山市,濮塘,,35,28,42,24,25,75,,82,82,20,14,4,5,0.8,0.7
2024-04-07T1800,3633A,118.4918,31.6809,马鞍山市,雨山,,24,23,23,12,20,76,,86,86,27,20,4,5,0.7,0.6
2024-04-07T1800,1686A,111.0286,21.4688,茂名市,电白南海,,44,44,30,27,18,44,,49,49,13,8,7,7,0.6,0.6
2024-04-07T1800,1687A,110.9294,21.6533,茂名市,茂石化七小,颗粒物(PM10),51,51,33,31,24,43,,50,50,14,10,8,8,0.7,0.6
2024-04-07T1800,1688A,110.9107,21.6687,茂名市,健康路,,36,36,27,17,15,43,,48,47,12,9,7,6,0.5,0.4
2024-04-07T1800,1689A,110.8592,21.6828,茂名市,高岭,,46,46,36,24,19,43,,46,46,9,7,7,6,0.6,0.6
2024-04-07T1800,3450A,111.01,21.5165,茂名市,电白水东,,32,29,22,22,15,46,,48,48,12,11,5,4,0.5,0.5
2024-04-07T1800,2539A,104.0308,30.0478,眉山市,黑龙滩水库,,28,23,28,19,16,57,,75,70,10,8,2,2,1.0,0.4
2024-04-07T1800,2540A,103.8416,30.0874,眉山市,气象局,,30,30,42,5,9,57,,48,48,26,25,7,7,0.3,0.3
2024-04-07T1800,3137A,103.8578,30.0744,眉山市,市委党校,,19,17,27,9,14,59,,52,52,22,24,7,7,0.1,0.2
2024-04-07T1800,3148A,103.8291,30.0564,眉山市,区人社局,,28,28,30,7,15,56,,49,49,25,26,7,6,0.2,0.2
2024-04-07T1800,1690A,116.1231,24.3284,梅州市,梅江月梅,,8,6,6,4,5,23,,24,24,16,14,2,2,0.5,0.4
2024-04-07T1800,1691A,116.0797,24.2719,梅州市,梅县新城,,13,,6,7,6,20,,20,20,25,21,3,3,0.9,0.6
2024-04-07T1800,1692A,116.1248,24.2654,梅州市,环境监控中心,,10,,5,4,5,24,,26,24,20,14,2,4,0.8,0.6
2024-04-07T1800,3315A,116.1233,24.2991,梅州市,梅龙,,8,,3,4,4,20,,24,22,16,10,6,6,0.8,0.6
2024-04-07T1800,1878A,104.7778,31.4741,绵阳市,富乐山,,30,30,30,18,17,68,,76,76,15,15,9,7,0.5,0.5
2024-04-07T1800,1879A,104.7563,31.4535,绵阳市,市人大,,35,35,35,15,19,64,,73,73,18,26,4,7,0.5,0.5
2024-04-07T1800,1880A,104.6697,31.4668,绵阳市,高新区自来水公司,颗粒物(PM10),55,59,40,35,21,68,,74,74,18,28,8,7,0.4,0.4
2024-04-07T1800,1881A,104.7287,31.5075,绵阳市,三水厂,,30,30,36,21,23,58,,72,72,23,26,5,5,0.4,0.4
2024-04-07T1800,3491A,104.69,31.5322,绵阳市,西科大附属小学,,45,45,34,30,19,68,,75,75,19,26,7,7,0.4,0.5
2024-04-07T1800,3492A,104.5648,31.5343,绵阳市,安州区旅游局,颗粒物(PM10),51,51,34,23,18,70,,74,74,16,17,9,9,0.4,0.4
2024-04-07T1800,1784A,129.61,44.561,牡丹江市,环保大楼,,39,31,46,27,25,93,,110,107,14,9,8,6,0.4,0.4
2024-04-07T1800,1785A,129.6115,44.5782,牡丹江市,文化广场,,45,45,50,28,26,75,,98,94,20,10,10,9,0.6,0.5
2024-04-07T1800,1786A,129.5904,44.5963,牡丹江市,第一医院,,36,35,56,25,25,82,,100,97,14,7,7,7,0.6,0.5
2024-04-07T1800,1787A,129.6364,44.6075,牡丹江市,机车工厂,,50,50,64,15,21,84,,102,100,9,8,8,11,0.3,0.3
2024-04-07T1800,1788A,129.6386,44.5462,牡丹江市,第一中学,,34,34,48,13,20,84,,102,99,12,10,12,8,0.6,0.5
2024-04-07T1800,2531A,105.0703,29.61,内江市,市监测站,,25,25,23,12,13,38,,54,44,16,12,6,6,0.3,0.3
2024-04-07T1800,2532A,105.0717,29.5947,内江市,东兴区政府,,29,29,26,4,8,43,,57,46,15,13,10,10,0.3,0.3
2024-04-07T1800,2533A,105.0653,29.5817,内江市,内江二中,,16,16,17,9,10,35,,51,41,24,17,5,5,0.6,0.6
2024-04-07T1800,2534A,105.0406,29.5822,内江市,内江日报社,,15,,9,8,9,47,,58,51,18,14,6,5,0.6,0.6
2024-04-07T1800,2628A,92.0657,31.4846,那曲市,那曲监测站,,39,24,23,7,14,124,,122,122,4,5,4,6,0.4,0.5
2024-04-07T1800,3128A,92.0506,31.4797,那曲市,那曲会议中心,,47,47,25,14,10,130,,130,130,1,3,6,7,0.2,0.3
2024-04-07T1800,1290A,115.8931,28.6843,南昌市,省外办,细颗粒物(PM2.5),58,60,67,41,51,86,,86,75,26,23,6,6,0.5,0.6
2024-04-07T1800,1291A,115.8886,28.7003,南昌市,省林业公司,,41,41,50,27,42,90,,83,75,21,23,4,5,0.5,0.5
2024-04-07T1800,1292A,115.8126,28.7442,南昌市,林科所,,39,39,46,27,36,98,,100,84,18,18,7,8,0.5,0.6
2024-04-07T1800,1294A,115.8518,28.687,南昌市,建工学校,细颗粒物(PM2.5),58,52,56,41,37,88,,91,76,21,17,5,5,0.7,0.7
2024-04-07T1800,1295A,115.8921,28.6424,南昌市,象湖,细颗粒物(PM2.5),55,48,51,39,42,84,,91,76,23,21,4,5,0.7,0.7
2024-04-07T1800,1296A,115.7423,28.7996,南昌市,武术学校,细颗粒物(PM2.5),53,,24,37,40,82,,79,79,12,11,2,2,0.3,0.4
2024-04-07T1800,1298A,115.9314,28.6842,南昌市,省站,颗粒物(PM10),57,64,62,34,46,86,,87,71,18,18,8,8,0.7,0.7
2024-04-07T1800,3046A,115.9084,28.6062,南昌市,机电学校,细颗粒物(PM2.5),58,64,62,41,42,78,,86,71,28,23,7,7,0.7,0.7
2024-04-07T1800,3690A,115.9721,28.7031,南昌市,外国语学校,,49,40,55,34,40,92,,85,74,19,19,3,4,0.6,0.7
2024-04-07T1800,1905A,106.056,30.8064,南充市,西山风景区,,,,16,,13,,,68,,,6,,2,,0.3
2024-04-07T1800,1906A,106.0789,30.8023,南充市,南充市委,,33,,23,23,18,36,,47,46,25,15,13,7,0.5,0.4
2024-04-07T1800,1907A,106.1031,30.8217,南充市,南充炼油厂,,30,30,32,20,17,44,,54,54,22,13,10,5,0.3,0.2
2024-04-07T1800,1908A,106.1064,30.7856,南充市,高坪区监测站,,27,27,27,17,14,43,,54,54,20,15,6,6,0.2,0.2
2024-04-07T1800,1909A,106.0642,30.7636,南充市,嘉陵区环保局,,18,16,29,12,16,49,,49,49,14,15,6,4,0.4,0.3
2024-04-07T1800,1910A,106.1087,30.8388,南充市,市环境监测站,,32,32,29,22,18,48,,58,58,22,10,6,4,0.6,0.3
2024-04-07T1800,1151A,118.8086,32.1065,南京市,迈皋桥,细颗粒物(PM2.5),55,,53,39,52,67,,84,84,34,26,4,4,0.7,0.7
2024-04-07T1800,1152A,118.7538,32.0551,南京市,草场门,,42,36,51,29,42,74,,89,89,37,30,1,2,0.7,0.6
2024-04-07T1800,1153A,118.7794,32.0745,南京市,山西路,,42,41,60,29,50,77,,90,90,31,23,3,4,0.4,0.4
2024-04-07T1800,1154A,118.7752,32.0023,南京市,中华门,,39,39,59,27,41,74,,87,87,32,24,6,6,0.7,0.7
2024-04-07T1800,1155A,118.8109,32.0309,南京市,瑞金路,,45,41,68,31,41,59,,83,83,34,19,4,4,0.4,0.4
2024-04-07T1800,1156A,118.7997,32.0754,南京市,玄武湖,,43,41,56,30,44,60,,81,81,38,24,7,8,0.6,0.6
2024-04-07T1800,1157A,118.6414,32.0931,南京市,浦口,,41,41,48,17,34,63,,74,74,37,29,3,4,0.6,0.6
2024-04-07T1800,1158A,118.7356,31.9996,南京市,奥体中心,,42,41,69,29,44,78,,86,86,34,24,7,8,0.6,0.5
2024-04-07T1800,1159A,118.9125,32.1028,南京市,仙林大学城,,42,31,57,29,45,71,,88,88,34,26,7,8,0.6,0.6
2024-04-07T1800,3422A,118.8436,31.9198,南京市,江宁彩虹桥,,42,33,46,29,44,76,,89,89,35,22,3,4,0.5,0.6
2024-04-07T1800,3423A,119.0138,31.6494,南京市,溧水永阳,,35,,36,24,17,69,,87,87,24,17,4,4,0.5,0.5
2024-04-07T1800,3424A,118.879,31.3302,南京市,高淳老职中,,27,20,20,11,16,84,,87,86,24,21,4,7,0.5,0.5
2024-04-07T1800,3427A,118.8554,32.3578,南京市,六合雄州,,43,35,58,30,46,70,,77,77,50,44,5,8,0.8,0.9
2024-04-07T1800,1401A,108.3103,22.7881,南宁市,二十一中,,19,19,26,10,17,33,,21,21,15,18,4,4,1.0,1
2024-04-07T1800,1402A,108.3141,22.8528,南宁市,北湖,,20,20,29,4,18,28,,20,20,16,18,6,8,0.8,0.9
2024-04-07T1800,1403A,108.3206,22.8225,南宁市,市监测站,,21,21,27,6,16,26,,19,19,19,18,6,7,0.8,0.9
2024-04-07T1800,1404A,108.3829,22.8037,南宁市,大自然花园,,14,14,21,9,14,29,,24,24,15,16,6,6,0.8,0.9
2024-04-07T1800,1405A,108.4394,22.7904,南宁市,仙葫,,24,24,18,7,12,31,,30,30,17,17,6,6,0.9,1
2024-04-07T1800,1406A,108.2397,22.8467,南宁市,区农职院,,22,22,32,10,16,24,,16,16,24,24,7,6,0.9,1
2024-04-07T1800,1407A,108.3275,22.735,南宁市,英华嘉园,,16,16,23,7,14,25,,22,22,20,19,6,6,0.9,0.9
2024-04-07T1800,1408A,108.2257,22.7757,南宁市,沙井镇街道办,,27,27,34,14,17,24,,16,16,24,22,5,5,0.9,1
2024-04-07T1800,3401A,108.4834,22.7618,南宁市,红星社区,,32,32,19,14,16,29,,30,30,14,15,7,8,0.8,1
2024-04-07T1800,2331A,118.0966,26.6761,南平市,茫荡山,,,,,,,,,,,,,,,,
2024-04-07T1800,2332A,118.1681,26.6369,南平市,南平市监测站,,18,13,18,12,11,43,,43,43,15,16,4,4,0.9,0.8
2024-04-07T1800,2333A,118.1825,26.6489,南平市,南平铝业有限公司,,23,20,19,16,15,31,,42,42,23,19,7,7,1.0,0.9
2024-04-07T1800,2334A,118.1756,26.6272,南平市,南平七中,,23,,16,16,11,42,,40,40,13,12,4,4,0.8,0.7
2024-04-07T1800,1168A,120.9098,31.9663,南通市,狼山街道,,31,31,41,14,22,89,,99,99,21,21,8,9,0.5,0.5
2024-04-07T1800,1169A,120.86,32.0005,南通市,虹桥,,,40,49,23,24,91,,98,98,21,18,4,4,,0.4
2024-04-07T1800,1170A,120.87,32.02,南通市,城中,,37,37,50,23,25,96,,100,100,17,17,5,5,0.5,0.4
2024-04-07T1800,1171A,120.94,31.93,南通市,星湖花园,,36,36,39,21,24,66,,79,79,28,21,6,6,0.6,0.6
2024-04-07T1800,1172A,120.81,32.0417,南通市,紫琅学院,,32,32,42,18,22,89,,93,93,30,28,8,8,0.6,0.5
2024-04-07T1800,3291A,121.067,32.062,南通市,通州监测站,,41,41,47,14,19,94,,103,103,14,11,7,8,0.6,0.6
2024-04-07T1800,3432A,120.9348,31.9883,南通市,环境教育馆,,34,34,43,23,22,82,,98,98,25,23,6,6,0.4,0.4
2024-04-07T1800,2404A,112.5224,33.0122,南阳市,瓦房庄,,39,36,43,23,27,124,,121,121,12,21,6,5,0.5,0.5
2024-04-07T1800,2405A,112.5003,32.9735,南阳市,汉画馆,,42,42,47,20,29,115,,117,117,18,27,4,4,0.4,0.5
2024-04-07T1800,2406A,112.5573,33.027,南阳市,气象站,,39,39,43,17,21,124,,126,126,16,22,6,6,0.5,0.5
2024-04-07T1800,2407A,112.5481,32.9689,南阳市,理工学院,,38,35,42,15,24,119,,118,118,12,22,4,4,0.3,0.4
2024-04-07T1800,4008A,112.5234,32.9922,南阳市,卧龙区政府,,39,39,44,17,26,124,,120,120,12,25,5,5,0.6,0.7
2024-04-07T1800,1234A,121.8358,29.911,宁波市,区环保大楼,,,56,54,26,25,13,,39,33,91,68,10,8,,0.7
2024-04-07T1800,1235A,121.56,29.82,宁波市,万里学院,颗粒物(PM10),60,70,41,41,32,18,,44,43,80,45,12,10,0.7,0.6
2024-04-07T1800,1236A,121.713,29.9572,宁波市,龙赛医院,,,45,49,16,18,16,,50,50,,65,10,10,0.4,0.4
2024-04-07T1800,1239A,121.633,29.7733,宁波市,钱湖水厂,颗粒物(PM10),57,64,38,37,25,6,,44,35,84,33,8,8,0.8,0.7
2024-04-07T1800,1240A,121.5856,29.8635,宁波市,太古小学,颗粒物(PM10),54,58,42,32,24,33,,47,45,68,49,10,9,0.7,1
2024-04-07T1800,1241A,121.524,29.8674,宁波市,市环境监测中心,颗粒物(PM10),51,51,41,26,18,41,,56,56,66,49,7,7,0.7,0.6
2024-04-07T1800,2871A,121.6147,29.9017,宁波市,万里国际学校,颗粒物(PM10),62,73,61,35,31,42,,50,49,67,66,12,11,0.7,0.7
2024-04-07T1800,3710A,121.5594,29.8975,宁波市,白沙活动中心,,50,50,54,17,21,48,,52,52,52,56,8,8,0.5,0.5
2024-04-07T1800,2339A,119.5001,26.6946,宁德市,金涵水库,,,,,,,,,,,,,,,,
2024-04-07T1800,2341A,119.5388,26.6612,宁德市,宁德市监测站,,36,,17,25,20,61,,69,68,21,17,6,6,0.4,0.4
2024-04-07T1800,3209A,119.5231,26.6562,宁德市,宁德一中,,33,27,18,23,23,67,,76,75,14,11,7,7,0.5,0.5
2024-04-07T1800,2618A,98.8601,25.8567,怒江傈僳族自治州,州监测站,,45,45,46,17,30,119,,103,103,3,10,5,6,0.3,0.4
2024-04-07T1800,2619A,98.8546,25.8417,怒江傈僳族自治州,泸水一中,,38,38,50,17,35,107,,93,93,8,24,6,6,0.3,0.5
2024-04-07T1800,1888A,101.6891,26.571,攀枝花市,弄弄坪,颗粒物(PM10),56,61,59,24,31,98,,107,107,21,19,44,33,1.8,1.5
2024-04-07T1800,1889A,101.5769,26.5928,攀枝花市,河门口,,45,45,49,16,26,119,,118,118,8,18,7,10,0.2,0.5
2024-04-07T1800,1890A,101.7169,26.585,攀枝花市,炳草岗,,38,38,50,12,26,111,,119,119,13,19,6,12,0.7,0.9
2024-04-07T1800,1891A,101.7369,26.5008,攀枝花市,仁和,,37,27,49,14,31,118,,123,123,7,14,7,8,0.4,0.6
2024-04-07T1800,2835A,101.7227,26.567,攀枝花市,四十中小,,38,31,46,21,27,119,,126,126,10,16,10,12,0.6,0.8
2024-04-07T1800,1604A,122.0303,41.1489,盘锦市,开发区,颗粒物(PM10),55,60,105,31,85,119,,127,127,26,30,7,8,0.5,0.7
2024-04-07T1800,1605A,122.0485,41.0883,盘锦市,兴隆台,颗粒物(PM10),68,86,108,45,87,128,,127,127,24,29,11,11,0.8,0.9
2024-04-07T1800,1606A,121.8297,41.1028,盘锦市,新生街道,颗粒物(PM10),51,51,73,26,74,134,,135,133,22,26,10,13,0.5,0.8
2024-04-07T1800,1832A,113.3257,33.742,平顶山市,新华旅馆,,49,49,81,21,36,137,,122,122,13,38,11,12,0.4,0.5
2024-04-07T1800,1833A,113.2919,33.737,平顶山市,规划设计院,,45,45,67,18,36,122,,110,110,11,35,6,11,0.4,0.6
2024-04-07T1800,1834A,113.182,33.774,平顶山市,平顶山工学院,,43,43,60,14,27,122,,118,118,7,21,5,7,0.4,0.5
2024-04-07T1800,3204A,113.3025,33.73,平顶山市,规划局,,46,46,73,22,37,135,,118,118,9,32,8,13,0.5,0.4
2024-04-07T1800,3594A,112.8867,33.9116,平顶山市,石龙区,颗粒物(PM10),55,59,86,23,33,124,,110,110,13,35,11,11,0.4,0.5
2024-04-07T1800,2656A,106.6692,35.5461,平凉市,聚贤嘉苑,,50,50,52,27,27,116,,111,111,16,32,7,8,0.3,0.3
2024-04-07T1800,2657A,106.7021,35.5307,平凉市,博物馆,颗粒物(PM10),60,69,59,24,28,118,,113,113,11,29,8,10,0.3,0.4
2024-04-07T1800,2347A,114.0997,27.5002,萍乡市,武功山,,32,31,26,22,18,64,,61,61,14,9,9,9,0.4,0.3
2024-04-07T1800,2348A,113.8385,27.6434,萍乡市,中医院,细颗粒物(PM2.5),65,61,48,47,37,71,,82,82,22,17,2,7,0.9,0.8
2024-04-07T1800,2349A,113.8493,27.6253,萍乡市,市政府车库,细颗粒物(PM2.5),57,55,46,40,30,66,,81,81,18,12,8,12,0.9,0.9
2024-04-07T1800,2350A,113.8676,27.6435,萍乡市,市环保局,颗粒物(PM10),56,61,40,28,29,58,,76,75,22,12,5,10,0.9,0.7
2024-04-07T1800,2351A,113.866,27.6198,萍乡市,安源区政府,细颗粒物(PM2.5),54,50,43,38,33,60,,78,78,19,17,6,10,0.8,0.8
2024-04-07T1800,2319A,119.0141,25.4325,莆田市,荔城区仓后路,,21,21,20,13,14,54,,64,52,25,22,5,5,0.7,0.7
2024-04-07T1800,2320A,119.0015,25.4553,莆田市,莆田市监测站,,28,28,20,15,13,44,,59,43,29,24,6,6,0.4,0.6
2024-04-07T1800,2321A,119.1119,25.4561,莆田市,涵江区六中,,21,21,19,12,12,33,,50,44,39,35,6,6,0.7,0.8
2024-04-07T1800,2322A,119.1013,25.3215,莆田市,秀屿区政府,,24,20,17,9,10,74,,83,80,19,14,11,9,1.0,0.9
2024-04-07T1800,2323A,118.981,25.4792,莆田市,东圳水库,,,,,,,,,,,,,,,,
2024-04-07T1800,2392A,115.0312,35.7636,濮阳市,环保局,颗粒物(PM10),51,51,45,22,28,134,,122,122,11,13,9,9,0.5,0.5
2024-04-07T1800,2394A,115.0574,35.7609,濮阳市,油田运输公司,颗粒物(PM10),54,58,56,22,31,150,,133,133,14,17,11,11,0.3,0.4
2024-04-07T1800,2395A,115.0866,35.7754,濮阳市,油田物探公司,颗粒物(PM10),59,68,62,31,39,138,,129,129,16,18,9,9,0.3,0.3
2024-04-07T1800,3021A,115,35.7668,濮阳市,濮水河管理处,,44,44,50,20,33,127,,119,119,10,14,8,9,0.4,0.4
2024-04-07T1800,2601A,100.98,22.7633,普洱市,市环保局,细颗粒物(PM2.5),87,87,136,64,85,153,,153,153,9,17,9,10,0.6,0.8
2024-04-07T1800,2602A,100.9817,22.8322,普洱市,普洱第二中学,颗粒物(PM10),61,72,119,41,71,152,,161,161,10,29,12,13,0.4,0.8
2024-04-07T1800,2262A,131.0518,45.8751,七台河市,新一中,,32,16,30,2,20,101,,108,107,9,11,7,9,0.6,0.8
2024-04-07T1800,3345A,131.0577,45.7879,七台河市,中波台,,29,13,39,5,20,92,,98,97,14,20,5,7,0.6,0.6
2024-04-07T1800,3637A,131.0176,45.7761,七台河市,人民广场,,30,30,44,17,30,91,,97,96,15,20,5,8,0.7,0.8
2024-04-07T1800,3684A,130.8781,45.8222,七台河市,新建矿广场,,30,,27,17,26,93,,99,98,13,15,6,9,0.6,0.6
2024-04-07T1800,1779A,123.9305,47.3636,齐齐哈尔市,安居小区,,40,40,66,12,18,77,,86,86,7,11,9,10,0.3,0.3
2024-04-07T1800,1780A,123.9488,47.3386,齐齐哈尔市,中心广场,细颗粒物(PM2.5),52,52,72,36,16,76,,85,85,8,10,5,6,0.3,0.3
2024-04-07T1800,1781A,123.9483,47.3227,齐齐哈尔市,农牧车辆厂,,39,39,65,16,14,79,,86,86,6,9,6,6,0.3,0.3
2024-04-07T1800,1783A,123.945,47.2988,齐齐哈尔市,市环境监测站,,,54,78,,17,80,,87,87,6,8,3,3,0.2,0.3
2024-04-07T1800,3662A,123.6333,47.2075,齐齐哈尔市,富区青少年活动中心,,48,48,74,17,17,81,,85,85,6,11,5,10,0.3,0.4
2024-04-07T1800,2591A,107.9783,26.5747,黔东南苗族侗族自治州,市环境监测站,,23,14,16,13,17,72,,73,73,12,9,3,2,0.4,0.5
2024-04-07T1800,2881A,107.8908,26.5311,黔东南苗族侗族自治州,凯里学院,,24,11,12,10,9,75,,78,78,9,7,3,2,0.4,0.4
2024-04-07T1800,2593A,107.5228,26.2403,黔南布依族苗族自治州,小围寨,,19,12,7,7,4,59,,64,64,8,6,6,3,0.5,0.6
2024-04-07T1800,3538A,107.5175,26.2978,黔南布依族苗族自治州,沙坝,,19,19,11,7,5,56,,68,67,11,6,5,4,0.4,0.4
2024-04-07T1800,2589A,104.9022,25.0925,黔西南布依族苗族自治州,场坝街,,26,26,21,14,12,59,,47,47,8,9,2,2,0.4,0.4
2024-04-07T1800,2590A,104.8811,25.0992,黔西南布依族苗族自治州,坪东大道,,25,23,22,17,13,62,,47,47,5,7,1,1,0.4,0.4
2024-04-07T1800,2502A,108.6236,21.9667,钦州市,市环保站,,39,39,25,7,11,33,,24,24,16,17,5,6,1.1,1.3
2024-04-07T1800,2503A,108.6549,21.9481,钦州市,沙埠小学,,22,22,25,11,15,41,,25,25,14,18,5,6,0.9,1.2
2024-04-07T1800,2504A,108.5989,21.7431,钦州市,港区一小,,50,50,46,15,18,32,,23,23,19,20,7,7,0.9,1
2024-04-07T1800,3404A,108.5959,21.9633,钦州市,北职校,,23,23,24,14,18,29,,26,26,13,14,7,7,0.9,1.1
2024-04-07T1800,1042A,119.5134,39.8207,秦皇岛市,北戴河环保局,细颗粒物(PM2.5),102,136,145,76,78,158,,146,146,23,34,12,15,0.5,0.8
2024-04-07T1800,1043A,119.7493,40.0116,秦皇岛市,第一关,颗粒物(PM10),85,120,136,54,78,158,,150,150,23,55,12,14,0.7,0.8
2024-04-07T1800,1044A,119.5897,39.9499,秦皇岛市,监测站,细颗粒物(PM2.5),80,98,133,59,79,155,,154,154,29,54,10,15,0.5,0.8
2024-04-07T1800,1046A,119.5251,39.9041,秦皇岛市,建设大厦,颗粒物(PM10),73,95,124,44,60,150,,152,152,17,41,8,16,0.2,0.6
2024-04-07T1800,3132A,119.610547,39.943889,秦皇岛市,文明里,细颗粒物(PM2.5),80,103,146,59,80,162,,156,156,34,57,10,13,0.6,0.8
2024-04-07T1800,1307A,120.6659,36.2403,青岛市,仰口,颗粒物(PM10),56,61,52,36,30,131,,138,138,18,14,6,5,0.8,0.4
2024-04-07T1800,1310A,120.4134,36.0658,青岛市,市南区东部子站,颗粒物(PM10),58,66,43,34,22,98,,82,82,15,21,6,6,0.7,0.6
2024-04-07T1800,1311A,120.3664,36.1032,青岛市,四方区子站,颗粒物(PM10),58,66,59,39,33,112,,114,114,28,33,4,5,0.9,0.9
2024-04-07T1800,1312A,120.2994,36.054,青岛市,市南区西部子站,,46,44,27,32,20,96,,81,81,23,20,6,6,0.8,0.7
2024-04-07T1800,1313A,120.4581,36.0858,青岛市,崂山区子站,颗粒物(PM10),57,63,33,36,20,113,,84,84,15,18,7,6,0.6,0.5
2024-04-07T1800,1314A,120.1983,35.9608,青岛市,黄岛区子站,颗粒物(PM10),51,51,42,32,29,108,,105,105,20,20,6,7,0.8,0.7
2024-04-07T1800,1315A,120.3999,36.3083,青岛市,城阳区子站,颗粒物(PM10),54,58,71,17,28,97,,124,124,41,39,8,10,0.6,0.8
2024-04-07T1800,1966A,120.0405,35.8735,青岛市,黄岛区4号,,48,48,46,27,26,86,,83,83,36,32,8,9,0.8,0.7
2024-04-07T1800,3362A,120.5014,36.4034,青岛市,即墨2号,颗粒物(PM10),55,59,79,16,38,104,,136,136,25,24,5,7,0.5,0.7
2024-04-07T1800,3642A,120.3503,36.0736,青岛市,市北区南部,颗粒物(PM10),57,63,47,29,23,116,,107,107,20,22,6,7,0.7,0.6
2024-04-07T1800,3643A,120.3948,36.1805,青岛市,李沧区北部,颗粒物(PM10),56,61,69,31,32,110,,129,129,35,38,8,10,0.6,0.8
2024-04-07T1800,1702A,113.0426,23.691,清远市,环保大楼,,10,4,12,2,3,14,,15,15,16,14,3,3,1.0,0.8
2024-04-07T1800,1703A,113.0208,23.7106,清远市,凤城街办,,16,11,10,6,6,4,,9,9,31,27,4,4,0.8,0.7
2024-04-07T1800,3025A,113.0477,23.6344,清远市,技师学院,,9,4,10,2,5,17,,17,17,18,21,3,4,0.8,0.7
2024-04-07T1800,3318A,112.9903,23.7403,清远市,清新太和,,17,11,10,6,5,6,,8,6,33,29,6,5,0.8,0.8
2024-04-07T1800,3455A,113.076,23.7198,清远市,清城东城,,11,4,7,1,3,13,,20,20,22,17,4,4,0.7,0.7
2024-04-07T1800,2661A,107.6325,35.7357,庆阳市,庆阳五中,颗粒物(PM10),55,59,69,28,41,131,,128,128,10,15,4,7,0.4,0.5
2024-04-07T1800,2662A,107.6364,35.7067,庆阳市,市环保局,,44,44,60,22,35,132,,127,127,11,15,6,9,0.3,0.4
2024-04-07T1800,1916A,103.7897,25.5035,曲靖市,环境监测站,颗粒物(PM10),58,66,75,18,40,126,,133,133,6,13,1,7,0.5,0.9
2024-04-07T1800,1917A,103.8,25.5364,曲靖市,烟厂办公区,颗粒物(PM10),55,60,75,21,39,128,,134,134,4,13,4,6,0.5,0.8
2024-04-07T1800,3376A,103.7947,25.462,曲靖市,南苑二区,,38,38,70,23,41,113,,120,119,8,13,6,13,0.5,0.7
2024-04-07T1800,3377A,103.7444,25.5261,曲靖市,曲靖师范学院,颗粒物(PM10),55,59,72,20,48,118,,125,125,5,18,5,20,0.4,0.7
2024-04-07T1800,1264A,118.8692,28.9398,衢州市,环保大楼,,15,14,25,10,19,33,,51,42,24,19,5,5,0.5,0.5
2024-04-07T1800,1265A,118.8709,28.9666,衢州市,实验学校,,13,11,22,7,16,40,,48,47,17,18,8,7,0.6,0.6
2024-04-07T1800,1266A,118.8621,28.9808,衢州市,衢州学院,,13,9,19,6,15,39,,49,48,22,21,5,5,0.6,0.5
2024-04-07T1800,1611A,118.5819,24.9117,泉州市,涂山街,,22,20,13,12,12,69,,67,67,21,18,3,3,0.7,0.8
2024-04-07T1800,1612A,118.5972,24.8978,泉州市,津头埔,,23,12,11,12,12,71,,66,66,24,23,4,4,0.7,0.7
2024-04-07T1800,1613A,118.6663,24.9424,泉州市,万安,,26,15,14,9,10,81,,77,77,16,17,3,3,0.6,0.7
2024-04-07T1800,1614A,118.6117,24.9604,泉州市,清源山,,,,,,,,,,,,,,,,
2024-04-07T1800,3529A,118.6333,24.9264,泉州市,城华南路,,22,11,13,9,10,69,,67,67,28,25,3,3,0.3,0.4
2024-04-07T1800,2626A,88.8876,29.2718,日喀则市,日喀则监测站,,43,14,16,5,8,135,,139,139,4,5,2,4,0.3,0.4
2024-04-07T1800,3726A,88.8781,29.2426,日喀则市,林业技术推广中心,,42,11,16,0,7,134,,140,140,4,4,5,5,0.4,0.4
2024-04-07T1800,1659A,119.471,35.4209,日照市,监测站,颗粒物(PM10),54,58,73,26,37,57,,110,109,82,54,14,13,0.6,0.9
2024-04-07T1800,1660A,119.523,35.4216,日照市,市政府广场,颗粒物(PM10),58,66,78,21,37,92,,115,115,40,46,9,14,0.6,0.9
2024-04-07T1800,1661A,119.5587,35.4044,日照市,港务局,颗粒物(PM10),58,66,92,23,36,74,,102,102,40,52,6,10,0.5,0.7
2024-04-07T1800,3507A,119.5328,35.4625,日照市,职业技术学院,颗粒物(PM10),53,56,77,27,34,90,,101,101,30,43,8,12,0.7,1
2024-04-07T1800,3604A,119.3266,35.1044,日照市,岚山环保分局,,48,48,74,20,46,76,,114,114,43,31,9,11,0.6,0.9
2024-04-07T1800,1835A,111.1922,34.7752,三门峡市,市政府,,49,49,59,18,32,129,,131,131,20,31,7,9,0.3,0.5
2024-04-07T1800,1836A,111.1587,34.7942,三门峡市,开发区,,40,37,65,12,33,127,,129,129,14,23,9,11,0.3,0.4
2024-04-07T1800,1838A,111.143,34.7955,三门峡市,风景区,,,,,,,,,,,,,,,,
2024-04-07T1800,3039A,111.1911,34.7829,三门峡市,三门峡市第一小学,颗粒物(PM10),53,55,58,15,29,132,,133,133,11,19,6,8,0.4,0.5
2024-04-07T1800,3598A,111.1,34.7167,三门峡市,富达温泉假日酒店,,41,41,61,12,27,124,,122,122,4,21,6,9,0.3,0.4
2024-04-07T1800,2324A,117.6211,26.2625,三明市,三钢,,29,27,24,20,18,25,,24,24,20,17,5,6,0.8,0.7
2024-04-07T1800,2325A,117.635,26.2714,三明市,三明二中,,28,27,22,19,18,24,,24,24,26,20,4,4,0.7,0.9
2024-04-07T1800,2326A,117.6028,26.2378,三明市,三元区政府,,28,28,25,19,17,18,,22,22,29,20,8,8,1.6,1.1
2024-04-07T1800,2327A,117.7275,26.3108,三明市,洋溪,,,,,,,,,,,,,,,,
2024-04-07T1800,1876A,109.5078,18.2489,三亚市,河东子站,,18,18,27,10,18,49,,49,49,5,3,3,3,0.3,0.3
2024-04-07T1800,1877A,109.4964,18.2681,三亚市,河西子站,,17,17,25,9,17,53,,51,51,6,5,4,4,0.3,0.3
2024-04-07T1800,3540A,109.7348,18.3443,三亚市,君悦子站,,24,24,23,8,15,54,,52,52,4,6,2,2,0.2,0.2
2024-04-07T1800,2624A,91.7608,29.2313,山南市,山南监测站,颗粒物(PM10),58,66,22,11,11,136,,136,136,8,3,4,6,0.3,0.3
2024-04-07T1800,2625A,91.7706,29.2436,山南市,山南人民医院,颗粒物(PM10),59,68,33,17,15,134,,137,137,19,9,6,7,0.2,0.3
2024-04-07T1800,1674A,116.6794,23.3667,汕头市,金平子站,,19,18,15,10,10,58,,72,69,20,12,2,2,0.8,0.8
2024-04-07T1800,1675A,116.7244,23.3633,汕头市,龙湖子站,,19,19,15,10,14,58,,73,69,17,9,5,5,0.7,0.7
2024-04-07T1800,1676A,116.7258,23.2775,汕头市,濠江子站,,18,,15,12,11,54,,70,64,18,9,4,4,0.8,0.8
2024-04-07T1800,1677A,116.7519,23.4714,汕头市,澄海子站,,18,,13,12,12,56,,73,62,23,14,5,5,0.9,0.8
2024-04-07T1800,1678A,116.6092,23.2539,汕头市,潮阳子站,,26,26,22,11,11,45,,71,56,20,8,4,4,0.9,0.7
2024-04-07T1800,3444A,116.454,23.2684,汕头市,潮南峡山,,17,17,26,7,15,51,,60,57,22,15,5,5,0.8,0.8
2024-04-07T1800,3624A,116.4069,23.2533,汕头市,潮南子站,,36,36,35,13,22,39,,54,44,32,20,5,5,0.9,0.8
2024-04-07T1800,1693A,115.3653,22.775,汕尾市,市环保局,,38,38,21,24,16,49,,83,82,18,10,10,10,0.9,0.7
2024-04-07T1800,1694A,115.3706,22.7898,汕尾市,市政府,,40,40,21,27,20,44,,78,77,22,12,5,6,0.8,0.7
2024-04-07T1800,1695A,115.3622,22.7925,汕尾市,新城中学,,49,49,23,21,15,42,,77,76,9,5,6,6,0.8,0.7
2024-04-07T1800,2645A,109.9154,33.8715,商洛市,监测站,,35,35,35,15,15,102,,110,110,15,20,7,7,0.4,0.4
2024-04-07T1800,3045A,109.9643,33.8471,商洛市,商州区中学,,38,38,46,18,14,104,,109,109,14,21,7,7,0.3,0.3
2024-04-07T1800,2408A,115.6702,34.4285,商丘市,环境监测站,颗粒物(PM10),53,55,50,30,39,127,,129,129,8,22,6,7,0.3,0.6
2024-04-07T1800,2409A,115.6458,34.4045,商丘市,粮食局,,49,43,49,34,38,128,,130,130,13,17,8,8,0.4,0.4
2024-04-07T1800,2410A,115.6293,34.3948,商丘市,睢阳区环保局,颗粒物(PM10),51,51,56,22,28,135,,138,138,14,24,10,11,0.3,0.4
2024-04-07T1800,3171A,115.6071,34.4465,商丘市,梁园区档案局,颗粒物(PM10),52,53,51,27,34,127,,128,128,12,18,9,9,0.4,0.4
2024-04-07T1800,1141A,121.4,31.238,上海市,普陀,,39,39,46,27,30,93,,78,78,35,35,4,5,0.7,0.6
2024-04-07T1800,1142A,121.478,31.2036,上海市,十五厂,,34,34,40,21,25,90,,86,86,41,35,8,8,0.7,0.7
2024-04-07T1800,1143A,121.467,31.3008,上海市,虹口,,49,49,43,31,32,34,,69,57,92,56,8,8,0.7,0.7
2024-04-07T1800,1144A,121.412,31.1654,上海市,徐汇上师大,,43,36,40,30,32,79,,88,88,44,33,6,6,0.6,0.5
2024-04-07T1800,1145A,121.536,31.2659,上海市,杨浦四漂,,43,43,47,26,33,67,,71,71,67,49,8,8,0.6,0.4
2024-04-07T1800,1147A,121.425,31.2261,上海市,静安监测站,,36,31,40,25,32,98,,86,86,37,38,7,8,0.6,0.5
2024-04-07T1800,1148A,121.703,31.1907,上海市,浦东川沙,,35,32,36,24,26,96,,98,98,37,36,6,6,0.5,0.5
2024-04-07T1800,1149A,121.533,31.2284,上海市,浦东新区监测站,,29,29,39,19,28,83,,86,86,48,32,6,7,0.5,0.5
2024-04-07T1800,1150A,121.577,31.2071,上海市,浦东张江,,43,32,36,30,29,86,,92,92,47,33,5,5,0.7,0.7
2024-04-07T1800,3265A,121.4316,31.3322,上海市,宝山庙行,细颗粒物(PM2.5),60,43,43,43,36,29,,56,39,87,56,6,6,0.9,0.7
2024-04-07T1800,3266A,121.8791,31.4662,上海市,崇明上实东滩,,33,30,28,22,18,104,,108,108,15,13,8,8,0.6,0.6
2024-04-07T1800,3268A,121.3162,31.2838,上海市,嘉定南翔,,38,36,48,26,30,48,,50,46,67,54,7,8,0.6,0.7
2024-04-07T1800,3269A,121.3359,30.7456,上海市,金山新城,,,28,35,22,23,108,,100,100,24,23,,5,0.8,0.6
2024-04-07T1800,3270A,121.4996,31.0739,上海市,闵行浦江,,38,32,40,26,30,86,,86,86,47,40,6,6,0.5,0.4
2024-04-07T1800,3271A,121.2886,31.1663,上海市,青浦徐泾,,39,33,41,27,29,76,,84,84,44,32,5,5,0.6,0.6
2024-04-07T1800,3272A,121.2186,31.0378,上海市,松江图书馆,,36,35,44,25,30,73,,80,80,50,39,6,6,0.7,0.7
2024-04-07T1800,3273A,121.3902,31.2059,上海市,长宁仙霞,,40,34,41,28,27,83,,85,85,43,40,8,8,0.7,0.6
2024-04-07T1800,3274A,121.7965,31.0507,上海市,浦东惠南,,42,35,35,29,32,104,,102,102,29,27,6,6,0.7,0.7
2024-04-07T1800,3544A,121.4891,30.925,上海市,奉贤南桥新城,,35,28,37,24,33,96,,102,102,33,27,8,8,0.6,0.5
2024-04-07T1800,2381A,118.005,28.4572,上饶市,百草园,,33,,25,23,12,37,,46,39,13,9,1,2,0.5,0.5
2024-04-07T1800,2382A,117.9756,28.4436,上饶市,市监测站,,21,21,25,12,14,40,,51,43,17,13,2,2,0.7,0.7
2024-04-07T1800,2383A,117.9519,28.4628,上饶市,凤凰光学,,15,14,23,10,17,37,,43,40,22,17,4,4,0.7,0.7
2024-04-07T1800,3413A,118.1953,28.4401,上饶市,广丰区教体局,,35,26,34,24,27,38,,47,44,24,16,4,8,1.0,1
2024-04-07T1800,3685A,117.897,28.4315,上饶市,双创科技城,,23,23,28,9,18,32,,45,37,25,17,3,3,1.0,0.9
2024-04-07T1800,1669A,113.5824,24.7733,韶关市,市八中,,10,10,7,5,5,30,,33,33,13,9,10,9,0.7,0.7
2024-04-07T1800,1671A,113.5917,24.7972,韶关市,园林处,,10,5,4,2,3,32,,34,34,8,7,6,6,0.6,0.6
2024-04-07T1800,1672A,113.6735,24.7791,韶关市,韶关学院,,10,8,4,4,1,32,,34,34,9,8,10,8,0.7,0.6
2024-04-07T1800,1673A,113.5971,24.6863,韶关市,曲江监测站,,10,10,8,5,4,31,,27,27,17,13,7,8,0.8,0.8
2024-04-07T1800,3622A,113.5556,24.8082,韶关市,碧湖山庄,,9,5,10,2,6,28,,33,32,7,7,7,7,0.6,0.6
2024-04-07T1800,2462A,111.5239,27.3033,邵阳市,市水土所,,33,32,26,23,26,47,,53,53,8,6,6,5,0.9,0.7
2024-04-07T1800,2463A,111.4733,27.2317,邵阳市,市一中,,36,31,34,25,25,74,,71,71,14,13,7,7,0.6,0.5
2024-04-07T1800,2464A,111.5283,27.2442,邵阳市,市化工厂,,40,36,36,28,29,67,,67,67,20,15,8,6,0.7,0.7
2024-04-07T1800,2465A,111.4503,27.2537,邵阳市,市罐头厂,,33,30,33,23,27,63,,74,70,22,14,6,6,0.8,0.6
2024-04-07T1800,2466A,111.4328,27.2272,邵阳市,市环保局,,,33,31,22,29,64,,74,70,,10,2,3,0.6,0.5
2024-04-07T1800,1247A,120.6053,29.9928,绍兴市,城东开发委,细颗粒物(PM2.5),52,47,40,36,29,71,,70,70,36,27,8,8,0.6,0.6
2024-04-07T1800,2921A,120.5483,30.0003,绍兴市,树下王站,,40,40,42,28,32,74,,71,71,34,31,8,8,0.6,0.6
2024-04-07T1800,3408A,120.5683,29.9361,绍兴市,绍兴中专,,45,36,29,31,22,58,,77,75,32,21,7,7,0.5,0.5
2024-04-07T1800,3409A,120.4906,30.0861,绍兴市,柯桥区政府,细颗粒物(PM2.5),62,62,46,44,28,66,,65,65,42,32,4,6,0.7,0.7
2024-04-07T1800,3410A,120.8752,30.0249,绍兴市,重华小学,细颗粒物(PM2.5),63,56,40,45,32,47,,68,67,53,29,12,8,0.6,0.7
2024-04-07T1800,3411A,120.8369,30.0137,绍兴市,上虞中学,细颗粒物(PM2.5),62,61,41,44,33,57,,71,71,43,27,10,6,0.7,0.7
2024-04-07T1800,3560A,120.4722,30.0415,绍兴市,柯桥妇保,细颗粒物(PM2.5),68,51,44,49,38,71,,72,72,40,34,6,7,0.5,0.6
2024-04-07T1800,3658A,120.6153,30.0764,绍兴市,袍江中学,细颗粒物(PM2.5),53,52,37,37,26,85,,75,75,32,28,12,13,0.6,0.6
2024-04-07T1800,1356A,114.1063,22.5545,深圳市,通心岭子站,,33,33,25,23,15,24,,49,44,24,11,5,5,0.4,0.4
2024-04-07T1800,1357A,114.117,22.5625,深圳市,洪湖,,38,37,27,26,16,29,,55,50,25,17,4,4,0.5,0.4
2024-04-07T1800,1358A,113.987,22.5417,深圳市,华侨城,,39,35,23,27,16,28,,46,43,14,12,4,2,0.5,0.6
2024-04-07T1800,1359A,113.9181,22.5171,深圳市,南海子站,,38,38,28,25,15,29,,43,40,23,21,9,7,0.6,0.6
2024-04-07T1800,1360A,114.2458,22.5689,深圳市,盐田,,39,39,27,18,15,41,,42,39,34,35,3,3,0.6,0.6
2024-04-07T1800,1361A,114.2283,22.7244,深圳市,龙岗,,30,30,25,17,14,30,,59,55,23,10,4,4,0.6,0.5
2024-04-07T1800,1363A,114.494,22.5422,深圳市,南澳,,29,29,20,14,8,70,,74,74,6,4,6,6,0.7,0.6
2024-04-07T1800,1364A,114.41,22.6342,深圳市,葵涌,,28,25,20,19,12,35,,69,57,16,9,4,4,0.6,0.7
2024-04-07T1800,1365A,114.297,22.5978,深圳市,梅沙,颗粒物(PM10),57,63,30,15,11,54,,64,63,8,4,6,5,0.6,0.5
2024-04-07T1800,1366A,114.0678,22.738,深圳市,观澜,,37,37,28,22,17,17,,38,35,34,18,6,6,0.7,0.6
2024-04-07T1800,3305A,114.0731,22.559,深圳市,莲花,,30,30,23,19,14,12,,46,37,20,12,6,6,0.6,0.5
2024-04-07T1800,3306A,114.0261,22.6198,深圳市,民治,,33,30,22,23,15,22,,42,37,27,17,6,4,0.5,0.5
2024-04-07T1800,3307A,114.1871,22.6451,深圳市,横岗,,46,46,28,23,18,24,,53,48,43,19,2,2,0.6,0.6
2024-04-07T1800,3447A,114.3551,22.7151,深圳市,坪山,,28,28,24,18,14,29,,59,54,24,13,4,4,0.5,0.6
2024-04-07T1800,3623A,113.8953,22.5861,深圳市,西乡,,39,39,28,16,12,26,,36,35,24,22,9,7,0.6,0.7
2024-04-07T1800,1098A,123.6836,41.9339,沈阳市,森林路,,,,,,,,,,,,,,,,
2024-04-07T1800,1099A,123.505,41.7406,沈阳市,浑南东路,,37,33,141,16,89,117,,132,131,21,35,16,21,0.6,1.2
2024-04-07T1800,1100A,123.4231,41.6989,沈阳市,新秀街,,37,37,140,22,88,106,,126,124,28,38,25,27,0.5,1.1
2024-04-07T1800,1102A,123.5903,41.8411,沈阳市,东陵路,颗粒物(PM10),51,52,119,18,87,125,,140,139,18,28,12,17,0.4,1
2024-04-07T1800,1103A,123.4264,41.8467,沈阳市,陵东街,,37,31,119,16,78,118,,130,130,23,33,8,13,0.7,1.2
2024-04-07T1800,1104A,123.4114,41.7653,沈阳市,文化路,,39,34,138,16,88,123,,135,135,17,30,8,16,0.5,1
2024-04-07T1800,1105A,123.4678,41.7867,沈阳市,小河沿,,38,38,127,17,82,117,,130,130,20,30,9,16,0.6,1.1
2024-04-07T1800,1106A,123.4017,41.7972,沈阳市,太原街,颗粒物(PM10),52,54,125,18,81,115,,131,130,25,34,10,17,0.3,0.8
2024-04-07T1800,1108A,123.3783,41.9228,沈阳市,京沈街,颗粒物(PM10),61,72,111,17,91,120,,133,133,22,31,15,17,0.4,0.9
2024-04-07T1800,2897A,123.2444,41.7347,沈阳市,沈辽西路,,46,46,157,17,84,115,,130,129,22,31,10,16,0.6,1.1
2024-04-07T1800,2900A,123.5953,41.9086,沈阳市,裕农路,,40,40,123,21,78,124,,132,132,20,31,8,13,0.6,1.1
2024-04-07T1800,2428A,111.0419,32.395,十堰市,武当山,,31,26,19,10,10,99,,97,97,11,10,12,12,0.6,0.6
2024-04-07T1800,2429A,110.78,32.6494,十堰市,滨河新村,,31,31,38,14,18,91,,92,92,24,30,9,9,0.7,0.7
2024-04-07T1800,2430A,110.7258,32.6389,十堰市,刘家沟,,31,24,33,15,11,98,,97,97,15,16,8,9,0.5,0.7
2024-04-07T1800,2431A,110.8839,32.5714,十堰市,铁二处,,34,24,23,15,11,107,,106,106,11,11,7,7,0.8,0.9
2024-04-07T1800,3545A,110.8054,32.8401,十堰市,郧阳区金沙路,,26,26,28,16,20,80,,81,81,13,15,7,7,0.7,0.7
2024-04-07T1800,2709A,86.0497,44.2967,石河子市,艾青诗歌馆,,40,25,24,19,16,125,,110,110,5,15,8,8,0.6,0.6
2024-04-07T1800,2710A,86.0697,44.3075,石河子市,阳光学校,,40,32,27,2,10,127,,111,111,2,10,7,8,0.5,0.6
2024-04-07T1800,3442A,86.047,44.2331,石河子市,南区管委会,,37,27,22,2,11,117,,109,109,7,10,7,7,0.4,0.4
2024-04-07T1800,1029A,114.4422,38.0444,石家庄市,职工医院,颗粒物(PM10),94,138,114,52,61,184,,137,137,16,35,10,8,0.9,0.8
2024-04-07T1800,1030A,114.6063,38.0266,石家庄市,高新区,细颗粒物(PM2.5),102,108,123,76,70,165,,131,131,14,30,6,4,0.9,0.8
2024-04-07T1800,1031A,114.4898,38.1328,石家庄市,西北水源,细颗粒物(PM2.5),122,128,122,92,79,160,,128,128,17,33,8,6,0.6,0.7
2024-04-07T1800,1032A,114.4586,38.0058,石家庄市,西南高教,"颗粒物(PM10),细颗粒物(PM2.5)",94,137,118,70,60,183,,140,140,17,28,10,7,0.9,0.7
2024-04-07T1800,1033A,114.5331,38.0178,石家庄市,世纪公园,颗粒物(PM10),97,143,121,70,69,172,,134,134,16,24,10,6,0.9,0.8
2024-04-07T1800,1034A,114.509,38.0457,石家庄市,人民会堂,细颗粒物(PM2.5),92,111,117,68,71,173,,129,129,14,26,9,6,0.7,0.7
2024-04-07T1800,1035A,114.3524,37.8911,石家庄市,封龙山,细颗粒物(PM2.5),114,156,97,86,44,190,,136,136,19,16,9,5,1.1,0.7
2024-04-07T1800,2862A,114.5481,38.0378,石家庄市,22中南校区,细颗粒物(PM2.5),93,111,124,69,68,175,,133,133,12,24,8,5,0.9,0.8
2024-04-07T1800,3456A,114.289,38.0906,石家庄市,鹿泉一中,"颗粒物(PM10),细颗粒物(PM2.5)",100,149,102,75,52,171,,131,131,16,23,7,5,0.6,0.6
2024-04-07T1800,3573A,114.8506765,38.0322033,石家庄市,藁城区实验学校,颗粒物(PM10),80,110,136,40,62,151,,133,133,13,28,9,7,0.7,0.7
2024-04-07T1800,3574A,114.0504658,38.0591645,石家庄市,井陉矿区区委大楼,颗粒物(PM10),62,73,94,26,34,142,,122,122,18,47,4,8,0.3,0.5
2024-04-07T1800,4024A,114.6549,37.9020,石家庄市,栾城区星河路,细颗粒物(PM2.5),93,113,125,69,83,150,,150,150,14,31,7,8,0.9,1
2024-04-07T1800,1947A,106.3394,38.817,石嘴山市,沙湖旅游区,颗粒物(PM10),55,60,76,26,26,148,,126,126,13,31,36,26,0.8,1.1
2024-04-07T1800,1948A,106.3668,39.0145,石嘴山市,大武口朝阳西街,颗粒物(PM10),54,58,66,33,32,134,,121,121,21,33,30,37,0.8,0.7
2024-04-07T1800,1949A,106.7704,39.2282,石嘴山市,惠农南大街,,50,50,54,22,19,118,,104,104,21,32,19,16,0.8,0.6
2024-04-07T1800,1950A,106.7099,39.1325,石嘴山市,红果子镇惠新街,颗粒物(PM10),51,51,59,25,21,122,,109,109,23,35,18,13,0.5,0.3
2024-04-07T1800,3520A,106.3495,38.9836,石嘴山市,妇女儿童医院,,46,46,52,23,21,135,,122,122,20,29,21,27,0.7,0.7
2024-04-07T1800,3521A,106.7492,39.2069,石嘴山市,石大公路,颗粒物(PM10),54,58,66,32,27,127,,110,110,16,40,9,8,0.7,0.5
2024-04-07T1800,2248A,131.1511,46.6937,双鸭山市,双合村,,30,15,33,8,17,94,,97,97,11,10,12,17,0.3,0.5
2024-04-07T1800,2249A,131.1652,46.6191,双鸭山市,南小市,,30,27,26,18,15,96,,98,98,13,7,6,8,0.4,0.3
2024-04-07T1800,2250A,131.1524,46.6554,双鸭山市,环保局,,32,32,39,8,22,83,,90,90,14,10,6,12,0.3,0.4
2024-04-07T1800,2251A,131.12,46.5656,双鸭山市,苗圃,,27,6,24,5,16,86,,94,94,6,7,2,4,0.3,0.3
2024-04-07T1800,2166A,112.4397,39.3522,朔州市,平朔,,48,48,83,23,25,132,,114,114,11,35,9,26,0.6,0.6
2024-04-07T1800,2167A,112.4575,39.3617,朔州市,朔唯,,46,46,100,28,25,132,,109,109,9,41,8,24,0.5,0.6
2024-04-07T1800,2168A,112.4258,39.3197,朔州市,区政府,,43,38,69,24,25,136,,118,118,8,29,7,18,0.7,0.7
2024-04-07T1800,2169A,112.4072,39.3278,朔州市,市环保局,,42,42,65,16,21,133,,119,119,13,29,11,21,0.7,0.7
2024-04-07T1800,2170A,112.4272,39.3681,朔州市,市二中,,45,40,92,28,27,144,,121,121,9,36,8,28,0.4,0.5
2024-04-07T1800,3571A,112.2931,39.53,朔州市,一水厂,,44,40,68,14,21,139,,126,126,14,18,10,18,0.4,0.4
2024-04-07T1800,2225A,124.4002,43.1713,四平市,一商场,颗粒物(PM10),77,104,111,24,44,95,,129,126,24,31,4,9,0.4,0.5
2024-04-07T1800,2226A,124.388,43.193,四平市,境园,颗粒物(PM10),87,124,126,26,66,97,,128,127,9,26,5,8,0.2,0.7
2024-04-07T1800,3486A,124.4036,43.1411,四平市,植物园,颗粒物(PM10),84,118,105,31,43,100,,126,124,16,31,4,7,0.2,0.4
2024-04-07T1800,3713A,124.3419,43.1666,四平市,世纪城,颗粒物(PM10),76,101,115,30,50,103,,129,128,13,25,3,6,0.3,0.5
2024-04-07T1800,2233A,124.8006,45.1214,松原市,江南,颗粒物(PM10),58,66,48,31,17,86,,100,99,18,11,4,6,0.4,0.4
2024-04-07T1800,2234A,124.7965,45.1722,松原市,江北,颗粒物(PM10),53,56,42,22,21,81,,94,93,10,10,4,5,0.1,0.2
2024-04-07T1800,1160A,120.561,31.2472,苏州市,上方山,,33,30,37,23,25,48,,82,76,51,28,7,7,0.5,0.5
2024-04-07T1800,1162A,120.591,31.3019,苏州市,彩香,,46,44,49,32,32,37,,71,69,55,30,6,6,0.8,0.7
2024-04-07T1800,1163A,120.596,31.3264,苏州市,轧钢厂,,40,40,40,24,23,44,,74,69,60,40,7,7,0.8,0.6
2024-04-07T1800,1164A,120.613,31.2703,苏州市,吴中区,,44,44,42,27,24,40,,79,74,65,38,6,7,0.6,0.5
2024-04-07T1800,1165A,120.543,31.2994,苏州市,苏州新区,,38,37,44,26,26,34,,81,77,68,43,4,4,0.8,0.7
2024-04-07T1800,1166A,120.669,31.3097,苏州市,苏州工业园区,,45,45,48,28,26,47,,68,66,51,33,7,7,0.5,0.4
2024-04-07T1800,1167A,120.641,31.3708,苏州市,相城区,,36,27,32,25,29,68,,60,60,35,38,6,6,0.7,0.6
2024-04-07T1800,3289A,120.743,31.3188,苏州市,方洲路,,38,37,40,26,25,53,,65,65,46,37,5,6,0.7,0.6
2024-04-07T1800,3290A,120.5031,31.2774,苏州市,木渎中学,,35,35,31,23,24,47,,78,75,57,36,8,8,0.7,0.6
2024-04-07T1800,3425A,120.624,31.1733,苏州市,越秀幼儿园,,42,35,37,29,26,38,,79,72,53,27,6,6,0.7,0.6
2024-04-07T1800,3431A,120.6505,31.416,苏州市,高铁新城,,32,29,42,22,27,75,,66,66,32,37,6,6,0.3,0.3
2024-04-07T1800,1220A,118.293,33.9528,宿迁市,宿迁学院,,35,33,85,19,53,109,,121,121,19,37,2,5,0.5,0.6
2024-04-07T1800,1221A,118.2442,33.9592,宿迁市,宿迁中学,,40,40,76,22,50,113,,125,125,18,29,4,6,0.6,0.7
2024-04-07T1800,2996A,118.283,33.965,宿迁市,市供电局,,36,35,72,24,56,115,,128,128,10,20,1,3,0.6,0.8
2024-04-07T1800,3191A,118.3225,33.9447,宿迁市,宿豫区政府,,39,39,79,19,54,115,,124,124,11,22,4,5,0.6,0.8
2024-04-07T1800,3187A,116.9509,33.666,宿州市,远航博物馆,颗粒物(PM10),71,92,81,51,53,133,,142,142,10,16,5,6,0.6,0.6
2024-04-07T1800,3463A,116.9708,33.591,宿州市,社会福利中心,颗粒物(PM10),71,92,90,47,51,129,,136,136,12,19,5,6,0.5,0.4
2024-04-07T1800,3634A,116.9884,33.6305,宿州市,宿州学院,颗粒物(PM10),70,89,89,46,47,121,,130,130,10,18,5,10,0.4,0.6
2024-04-07T1800,3701A,116.9648,33.6252,宿州市,皖北煤电集团,细颗粒物(PM2.5),83,85,89,61,58,126,,137,137,7,12,6,8,0.7,0.6
2024-04-07T1800,2266A,126.9785,46.6365,绥化市,人和东街,,36,36,35,13,16,79,,97,96,11,11,7,8,0.2,0.2
2024-04-07T1800,2267A,126.964,46.6528,绥化市,党政办公中心,,34,34,30,12,17,78,,92,91,8,9,7,8,0.2,0.2
2024-04-07T1800,2451A,113.3583,31.7275,随州市,市委党校,,41,41,54,23,32,127,,118,118,11,20,7,7,0.6,0.6
2024-04-07T1800,2452A,113.3833,31.6908,随州市,市林业局,,42,34,42,24,29,134,,121,121,10,19,8,7,0.5,0.5
2024-04-07T1800,2453A,113.3983,31.7308,随州市,市立交桥水厂,,41,36,44,24,30,130,,119,119,11,32,8,8,0.4,0.5
2024-04-07T1800,2527A,105.5453,30.5678,遂宁市,石溪浩,,27,27,25,12,13,41,,53,44,12,7,6,5,1.0,1
2024-04-07T1800,2528A,105.5582,30.5232,遂宁市,市监测站,,23,23,26,10,10,34,,55,40,16,11,10,9,0.4,0.4
2024-04-07T1800,2529A,105.5861,30.5366,遂宁市,行政中心,,,26,25,9,8,,,58,44,15,9,10,10,0.4,0.4
2024-04-07T1800,2530A,105.5918,30.4728,遂宁市,美宁食品公司,,14,14,18,8,7,36,,53,38,21,16,8,9,0.4,0.3
2024-04-07T1800,2706A,82.9994,46.7432,塔城地区,东门外小游园,,42,42,40,18,14,62,,57,57,8,8,5,4,0.0,0.1
2024-04-07T1800,1255A,121.273,28.6459,台州市,黄岩环保大楼,,38,38,28,24,18,73,,86,84,21,15,7,7,0.5,0.4
2024-04-07T1800,1256A,121.419,28.6542,台州市,台州环保大楼,,49,39,37,34,25,82,,89,89,23,15,6,6,0.4,0.3
2024-04-07T1800,1257A,121.377,28.5773,台州市,路桥田洋王,,43,41,30,30,27,88,,86,86,22,20,6,6,0.3,0.3
2024-04-07T1800,3564A,121.2568,28.6681,台州市,台州科技职业学院,,37,37,29,20,17,78,,86,86,25,20,6,6,0.4,0.4
2024-04-07T1800,1081A,112.522,37.8873,太原市,尖草坪,颗粒物(PM10),63,75,78,33,26,145,,123,123,17,51,9,9,0.8,0.7
2024-04-07T1800,1083A,112.434,38.0108,太原市,上兰,,,,,,,,,,,,,,,,
2024-04-07T1800,1084A,112.469,37.7124,太原市,晋源,颗粒物(PM10),65,79,90,37,40,137,,122,122,26,55,11,10,0.7,0.7
2024-04-07T1800,1085A,112.5583,37.7394,太原市,小店,颗粒物(PM10),69,88,111,35,39,142,,118,118,24,62,11,15,0.7,0.8
2024-04-07T1800,1086A,112.5369,37.8692,太原市,桃园,颗粒物(PM10),67,83,78,34,26,142,,117,117,20,52,8,11,0.6,0.6
2024-04-07T1800,1087A,112.57,37.8195,太原市,坞城,颗粒物(PM10),64,77,84,36,35,144,,126,126,17,56,9,18,0.6,0.8
2024-04-07T1800,1088A,112.549,37.9854,太原市,南寨,细颗粒物(PM2.5),52,47,63,36,23,148,,118,118,16,43,12,10,0.6,0.5
2024-04-07T1800,3618A,112.4719,37.7831,太原市,金胜,颗粒物(PM10),54,57,72,25,30,143,,130,130,13,28,7,10,0.4,0.5
2024-04-07T1800,4010A,112.5608,37.8807,太原市,育英中学,颗粒物(PM10),62,73,73,32,30,145,,117,117,18,54,8,12,0.6,0.7
2024-04-07T1800,1656A,117.1437,36.1937,泰安市,监测站,颗粒物(PM10),60,70,76,33,40,154,,153,153,27,29,9,11,0.5,0.5
2024-04-07T1800,1657A,117.0885,36.2017,泰安市,人口学校,颗粒物(PM10),58,66,68,32,38,161,,155,155,18,23,11,13,0.6,0.6
2024-04-07T1800,1658A,117.1089,36.1758,泰安市,电力学校,颗粒物(PM10),62,73,79,30,36,160,,158,158,16,31,10,12,0.6,0.7
2024-04-07T1800,3502A,117.1812,36.2275,泰安市,国网新校,臭氧1小时,70,63,61,29,33,176,,166,166,16,20,9,10,0.6,0.6
2024-04-07T1800,3503A,117.0313,36.2018,泰安市,交通技校,颗粒物(PM10),56,61,65,31,39,153,,149,149,16,27,10,12,0.3,0.4
2024-04-07T1800,3504A,117.0829,36.13,泰安市,山东第一医科大学,颗粒物(PM10),58,66,79,36,51,163,,155,155,9,24,12,14,0.5,0.6
2024-04-07T1800,1206A,119.905,32.4878,泰州市,公园路,颗粒物(PM10),51,51,54,27,30,85,,109,107,22,19,9,10,0.6,0.6
2024-04-07T1800,1207A,119.9189,32.4625,泰州市,莲花,,49,46,48,34,32,82,,102,101,29,18,7,7,0.6,0.4
2024-04-07T1800,1209A,119.888,32.4639,泰州市,留学生创业园,颗粒物(PM10),61,72,54,31,27,85,,104,104,31,18,8,9,0.9,0.6
2024-04-07T1800,2997A,119.8767,32.3289,泰州市,王营,,38,38,57,22,34,78,,94,93,26,25,7,9,0.9,0.7
2024-04-07T1800,3295A,120.1259,32.5099,泰州市,姜堰区政府广场,,44,44,41,30,27,93,,108,107,24,17,11,10,0.7,0.6
2024-04-07T1800,3435A,119.9192,32.4322,泰州市,周山河街区,,45,45,43,26,27,78,,104,103,30,20,10,10,1.0,0.5
2024-04-07T1800,1037A,118.131,39.6363,唐山市,雷达站,颗粒物(PM10),64,78,115,38,67,100,,99,99,28,36,6,5,0.6,0.6
2024-04-07T1800,1038A,118.1725,39.6334,唐山市,物资局,颗粒物(PM10),71,92,114,35,59,97,,98,98,37,33,5,4,0.6,0.7
2024-04-07T1800,1040A,118.1705,39.6506,唐山市,十二中,颗粒物(PM10),63,75,106,25,53,93,,98,98,36,30,5,4,0.6,0.6
2024-04-07T1800,1041A,118.1869,39.622,唐山市,小山,颗粒物(PM10),69,87,117,39,58,96,,95,95,18,20,5,4,0.6,0.6
2024-04-07T1800,3457A,118.4359,39.2762,唐山市,冀东油田职工医院,颗粒物(PM10),96,142,135,67,88,168,,132,132,32,31,30,13,1.4,0.8
2024-04-07T1800,3575A,118.09279,39.58089,唐山市,正泰大街热力站,颗粒物(PM10),75,100,124,32,59,95,,93,93,19,29,3,3,0.9,0.8
2024-04-07T1800,3576A,118.1562,39.8322,唐山市,丰润区政府,颗粒物(PM10),56,61,114,22,59,88,,96,96,19,32,1,5,0.3,0.7
2024-04-07T1800,3577A,118.43673,39.73809,唐山市,金山小学,颗粒物(PM10),91,131,134,51,63,102,,100,100,28,49,20,8,1.6,0.9
2024-04-07T1800,3578A,118.24498,39.66941,唐山市,政府服务中心,颗粒物(PM10),63,75,105,30,63,95,,101,101,31,35,9,9,0.6,0.6
2024-04-07T1800,3692A,118.2059,39.6585,唐山市,消防缸窑路中队,颗粒物(PM10),79,108,103,34,56,98,,99,99,30,25,6,5,0.7,0.7
2024-04-07T1800,3693A,118.1436,39.6202,唐山市,路南电大,颗粒物(PM10),72,93,113,41,58,92,,94,94,33,33,3,3,0.7,0.7
2024-04-07T1800,1015A,117.1444,39.1661,天津市,勤俭道,,37,31,116,11,66,116,,108,108,17,30,7,10,0.2,0.6
2024-04-07T1800,1017A,117.237,39.1082,天津市,大直沽八号路,,38,36,104,14,60,120,,115,115,21,27,5,8,0.3,0.6
2024-04-07T1800,1018A,117.202,39.0927,天津市,前进道,,38,38,107,13,61,116,,111,111,22,30,6,9,0.3,0.6
2024-04-07T1800,1019A,117.1837,39.2133,天津市,淮河道,,36,33,126,11,76,113,,110,110,20,31,5,8,0.3,0.7
2024-04-07T1800,1021A,117.307,39.0877,天津市,跃进路,,41,41,112,15,66,127,,123,123,17,22,5,8,0.4,0.6
2024-04-07T1800,1023A,117.707,39.0343,天津市,第四大街,颗粒物(PM10),68,85,115,37,68,104,,92,92,63,44,12,9,1.1,0.9
2024-04-07T1800,1024A,117.457,38.8394,天津市,永明路,颗粒物(PM10),51,52,105,18,67,96,,110,110,46,35,9,11,0.5,0.6
2024-04-07T1800,1026A,117.764,39.1587,天津市,汉北路,颗粒物(PM10),56,62,118,21,65,81,,96,96,66,42,17,12,0.7,0.7
2024-04-07T1800,1027A,117.157,38.9194,天津市,团泊洼,,37,28,97,13,69,118,,123,123,19,24,6,8,0.5,0.8
2024-04-07T1800,2858A,117.7918,39.2474,天津市,河西一经路,颗粒物(PM10),67,83,123,34,73,98,,118,118,66,40,17,12,1.1,0.9
2024-04-07T1800,2859A,117.3747,38.9846,天津市,津沽路,颗粒物(PM10),55,60,112,20,66,101,,111,111,46,33,6,8,0.7,0.6
2024-04-07T1800,2860A,117.1589,39.0845,天津市,宾水西道,,37,37,104,13,60,108,,107,107,24,32,4,7,0.4,0.7
2024-04-07T1800,2922A,117.1941,39.1067,天津市,大理道,,45,45,111,13,59,116,,112,112,19,26,4,7,0.2,0.5
2024-04-07T1800,3020A,117.2101,39.1699,天津市,中山北路,,37,30,114,11,59,116,,107,107,17,30,4,6,0.3,0.6
2024-04-07T1800,3051A,117.3876,39.1488,天津市,西四道,,50,50,108,18,58,94,,101,101,46,37,9,6,1.1,0.9
2024-04-07T1800,3325A,117.0365,39.3828,天津市,雍阳西道,,41,41,123,12,67,116,,110,110,18,26,4,7,0.2,0.6
2024-04-07T1800,3326A,117.0296,39.0605,天津市,辛老路,,35,32,110,12,64,110,,107,107,21,32,3,7,0.2,0.5
2024-04-07T1800,3327A,116.9638,38.9375,天津市,地纬路,,35,35,114,12,72,112,,114,114,25,29,4,8,0.1,0.5
2024-04-07T1800,3460A,117.4067,40.0583,天津市,北环路,颗粒物(PM10),53,56,58,13,20,102,,100,100,16,20,4,5,0.1,0.2
2024-04-07T1800,3461A,117.3045,39.7169,天津市,建设路,,40,40,98,14,52,99,,102,102,20,27,8,11,0.2,0.4
2024-04-07T1800,3462A,117.8199,39.3521,天津市,滨水东路,颗粒物(PM10),67,84,126,31,66,70,,104,102,83,43,18,11,1.2,0.9
2024-04-07T1800,2649A,106.0055,34.343,天水市,麦积山,,,,,,,,,,,,,,,,
2024-04-07T1800,2650A,105.7205,34.5786,天水市,公园小学,,36,36,45,17,22,107,,92,92,11,22,7,8,0.4,0.5
2024-04-07T1800,2651A,105.8945,34.5538,天水市,麦积国土局,,34,34,49,20,22,100,,90,90,12,20,15,9,0.5,0.5
2024-04-07T1800,2216A,123.8139,42.3022,铁岭市,汇工街西,颗粒物(PM10),63,75,154,27,97,119,,132,132,17,44,13,18,0.5,1
2024-04-07T1800,2217A,123.8649,42.2923,铁岭市,水上乐园,颗粒物(PM10),59,67,137,29,97,122,,133,133,22,43,8,11,0.5,1
2024-04-07T1800,2218A,123.8486,42.2867,铁岭市,银州路东段,颗粒物(PM10),53,56,173,26,106,111,,126,126,27,43,7,10,0.5,0.9
2024-04-07T1800,2219A,123.7153,42.2217,铁岭市,金沙江路北,颗粒物(PM10),64,77,129,28,99,113,,126,126,27,42,17,18,0.6,1
2024-04-07T1800,2229A,125.9358,41.7173,通化市,光明,,46,46,57,20,29,123,,148,140,15,17,7,10,0.4,0.5
2024-04-07T1800,2230A,125.9446,41.7325,通化市,铁路,,44,44,59,17,32,121,,147,140,12,20,6,9,0.4,0.5
2024-04-07T1800,2191A,122.2532,43.6801,通辽市,艺术职业学校,颗粒物(PM10),119,188,80,43,36,96,,102,102,11,18,4,6,0.3,0.3
2024-04-07T1800,3706A,122.2584,43.6333,通辽市,老干部活动中心,颗粒物(PM10),122,193,80,23,23,85,,89,89,12,17,4,6,0.2,0.3
2024-04-07T1800,3708A,122.2922,43.6189,通辽市,东方明珠社区,颗粒物(PM10),111,171,86,51,34,88,,95,95,18,23,2,6,0.2,0.3
2024-04-07T1800,1922A,109.0656,35.0994,铜川市,党校,,,,,,,,,,,,,,,,
2024-04-07T1800,1923A,109.0697,35.0697,铜川市,王益区政府,颗粒物(PM10),66,81,79,35,31,112,,124,124,25,29,7,6,0.6,0.5
2024-04-07T1800,1924A,108.9344,34.9058,铜川市,新区管委会,颗粒物(PM10),64,77,79,33,33,146,,133,133,23,30,8,8,0.7,0.7
2024-04-07T1800,3651A,108.9543,34.8732,铜川市,旺旺集团,颗粒物(PM10),68,86,83,43,52,151,,138,138,22,30,6,7,0.7,0.7
2024-04-07T1800,2285A,117.8177,30.9412,铜陵市,市第四中学,,33,33,48,10,23,72,,65,65,18,15,12,10,0.6,0.6
2024-04-07T1800,2286A,117.8059,30.9273,铜陵市,市公路局,,40,40,48,19,27,64,,58,58,19,16,2,3,0.7,0.6
2024-04-07T1800,2287A,117.7807,30.9413,铜陵市,市新民污水厂,,30,26,42,21,25,75,,67,67,16,13,6,7,0.4,0.4
2024-04-07T1800,2288A,117.7439,30.8792,铜陵市,市第九中学,,28,28,44,17,22,52,,47,45,32,27,2,2,0.4,0.3
2024-04-07T1800,2289A,117.846,30.9413,铜陵市,车站新区,,35,31,48,24,28,75,,66,66,14,14,2,3,0.4,0.5
2024-04-07T1800,2290A,117.8483,30.97,铜陵市,市职教基地,,27,27,42,17,27,75,,70,70,15,12,4,4,0.7,0.7
2024-04-07T1800,2585A,109.1839,27.7344,铜仁市,铜仁卫校,,22,13,13,6,6,69,,68,68,17,12,7,7,0.2,0.1
2024-04-07T1800,2586A,109.1753,27.6944,铜仁市,铜仁七中,,25,12,12,6,6,80,,79,79,15,12,2,2,0.3,0.3
2024-04-07T1800,2686A,89.1904,42.9418,吐鲁番市,市环保局,,39,34,46,9,13,122,,111,111,10,16,6,6,0.4,0.4
2024-04-07T1800,2687A,89.1673,42.9559,吐鲁番市,地区环保局,,41,34,41,8,14,130,,116,116,11,18,8,8,0.3,0.3
2024-04-07T1800,1662A,122.1214,37.4236,威海市,华夏技校,"颗粒物(PM10),细颗粒物(PM2.5)",59,68,56,42,33,146,,149,149,25,20,7,5,0.7,0.4
2024-04-07T1800,1663A,122.0508,37.5236,威海市,山大分校,"细颗粒物(PM2.5),臭氧1小时",68,83,64,49,29,174,,177,177,26,14,15,11,0.6,0.5
2024-04-07T1800,1664A,122.1067,37.5072,威海市,市监测站,细颗粒物(PM2.5),70,78,67,51,33,168,,165,165,30,19,12,9,0.6,0.5
2024-04-07T1800,1982A,122.0693,37.2174,威海市,文登开发区,颗粒物(PM10),63,75,56,44,30,148,,144,144,19,18,11,8,1.0,0.7
2024-04-07T1800,3505A,122.1379,37.3414,威海市,临港区管委会,,,83,58,38,26,153,,155,155,22,18,,6,0.8,0.4
2024-04-07T1800,1650A,119.1437,36.7023,潍坊市,环保局,颗粒物(PM10),64,78,90,33,47,169,,166,166,23,36,11,12,0.6,0.7
2024-04-07T1800,2877A,119.1641,36.6523,潍坊市,坊子邮政,颗粒物(PM10),71,92,93,36,47,164,,167,167,22,29,11,12,0.8,0.9
2024-04-07T1800,3178A,119.0587,36.721,潍坊市,潍坊七中,,,68,93,25,49,,,148,148,14,30,9,11,0.5,0.6
2024-04-07T1800,3368A,119.1977,36.6872,潍坊市,高新实验学校,颗粒物(PM10),71,92,92,38,48,167,,167,167,18,26,14,15,0.4,0.5
2024-04-07T1800,3416A,119.1755,36.7149,潍坊市,潍坊学院,颗粒物(PM10),73,95,92,30,43,168,,162,162,23,33,11,11,0.7,0.8
2024-04-07T1800,3861A,119.2041,36.7699,潍坊市,寒亭区实验一小,颗粒物(PM10),75,100,94,36,47,173,,172,172,28,34,18,16,0.6,0.7
2024-04-07T1800,1938A,109.5293,34.5101,渭南市,农科所,,,,,,,,,,,,,,,,
2024-04-07T1800,1939A,109.4974,34.4877,渭南市,日报社,细颗粒物(PM2.5),77,88,88,56,51,172,,139,139,19,42,13,12,0.7,0.7
2024-04-07T1800,1940A,109.4636,34.493,渭南市,体育馆,颗粒物(PM10),73,95,88,46,44,165,,132,132,16,46,10,10,0.6,0.6
2024-04-07T1800,1941A,109.4259,34.5023,渭南市,高新一小,颗粒物(PM10),71,92,92,51,55,171,,135,135,7,40,10,8,0.8,0.8
2024-04-07T1800,1242A,120.634,28.0089,温州市,瓯海,,35,33,31,24,24,51,,59,59,45,30,8,7,0.5,0.4
2024-04-07T1800,1243A,120.6748,27.9939,温州市,南浦,,24,24,29,15,23,72,,68,68,31,25,5,4,0.4,0.4
2024-04-07T1800,1244A,120.76,27.9747,温州市,龙湾,,43,43,36,16,18,62,,70,70,39,30,5,5,0.5,0.5
2024-04-07T1800,1245A,120.6709,28.0167,温州市,市站,,31,31,29,17,22,66,,58,58,29,29,6,6,0.4,0.4
2024-04-07T1800,3561A,120.6985,27.9251,温州市,茶山,,27,23,22,14,16,85,,86,86,18,19,6,7,0.4,0.4
2024-04-07T1800,2610A,104.2533,23.3594,文山壮族苗族自治州,州水务局,细颗粒物(PM2.5),90,91,80,67,62,165,,149,149,10,10,8,7,0.7,0.6
2024-04-07T1800,2611A,104.2319,23.3892,文山壮族苗族自治州,市便民服务中心,细颗粒物(PM2.5),100,99,86,75,67,149,,136,136,14,13,8,7,0.8,0.8
2024-04-07T1800,2187A,106.8174,39.6973,乌海市,市林业局,颗粒物(PM10),56,61,72,38,30,125,,119,119,18,28,13,23,0.8,0.8
2024-04-07T1800,2188A,106.7907,39.6667,乌海市,中海勃湾学校,颗粒物(PM10),53,55,76,33,27,132,,123,123,16,41,11,30,0.7,1
2024-04-07T1800,3284A,106.813,39.7274,乌海市,海北新区,颗粒物(PM10),54,58,71,19,21,129,,118,118,18,30,20,24,0.7,0.7
2024-04-07T1800,3621A,106.8288,39.6778,乌海市,聚英学校,颗粒物(PM10),63,76,95,26,28,119,,116,116,25,38,21,36,0.6,0.7
2024-04-07T1800,2197A,113.1306,40.9923,乌兰察布市,集宁新区,,37,17,27,9,13,118,,109,109,5,12,6,7,0.2,0.2
2024-04-07T1800,3034A,113.1076,41.0385,乌兰察布市,光明街小学,,38,30,35,20,18,121,,116,116,6,18,14,13,0.3,0.4
2024-04-07T1800,3285A,113.1376,40.9509,乌兰察布市,北京八中,,38,26,39,6,11,121,,111,111,3,14,3,10,0.2,0.3
2024-04-07T1800,3421A,113.1775,40.9779,乌兰察布市,市委党校,,39,21,41,13,16,123,,112,112,3,16,7,12,0.3,0.3
2024-04-07T1800,1490A,87.5801,43.8303,乌鲁木齐市,监测站,,37,31,33,18,9,118,,97,97,12,28,3,3,0.3,0.4
2024-04-07T1800,1491A,87.6046,43.768,乌鲁木齐市,收费所,,35,30,36,9,15,110,,89,89,13,31,2,2,0.3,0.4
2024-04-07T1800,1492A,87.4754,43.9469,乌鲁木齐市,新疆农科院农场,,,14,31,,37,57,,46,46,8,30,6,6,0.6,0.7
2024-04-07T1800,1493A,87.5525,43.8711,乌鲁木齐市,铁路局,,39,26,32,11,12,122,,101,101,15,36,2,3,0.2,0.4
2024-04-07T1800,1494A,87.6432,43.831,乌鲁木齐市,三十一中学,,33,30,32,12,11,104,,86,86,4,21,3,3,0.5,0.6
2024-04-07T1800,1496A,87.7216,44.1747,乌鲁木齐市,米东区环保局,,40,28,45,11,17,125,,103,103,3,19,6,5,0.2,0.3
2024-04-07T1800,3033A,87.4651,43.4569,乌鲁木齐市,培训基地,,36,14,11,5,3,113,,107,107,3,4,5,5,0.4,0.4
2024-04-07T1800,3437A,88.3118,43.3658,乌鲁木齐市,达坂城区环保局,,34,34,26,7,10,107,,96,96,4,12,5,6,0.2,0.3
2024-04-07T1800,3438A,87.6162,43.8801,乌鲁木齐市,红光山片区,,37,37,44,9,12,116,,92,92,14,38,2,3,0.3,0.4
2024-04-07T1800,3439A,87.7024,43.8004,乌鲁木齐市,新师大温泉校区,,39,26,24,5,9,123,,106,106,3,15,5,4,0.3,0.2
2024-04-07T1800,3440A,87.4921,43.8411,乌鲁木齐市,大绿谷,,39,25,28,11,12,123,,105,105,8,24,4,5,0.4,0.5
2024-04-07T1800,1188A,120.269,31.4867,无锡市,雪浪,,39,39,43,24,27,54,,74,68,51,39,5,6,1.1,0.9
2024-04-07T1800,1189A,120.275,31.6219,无锡市,黄巷,,39,28,46,27,30,68,,70,68,41,40,7,7,0.9,0.8
2024-04-07T1800,1190A,120.294,31.56,无锡市,曹张,,42,,39,29,31,59,,69,64,50,42,5,6,1.2,1
2024-04-07T1800,1191A,120.242,31.5031,无锡市,漆塘,,39,36,41,27,26,48,,71,63,49,33,2,2,0.7,0.5
2024-04-07T1800,1192A,120.3489,31.5863,无锡市,东亭,,35,29,47,24,30,77,,70,69,38,38,2,3,0.9,0.8
2024-04-07T1800,1193A,120.354,31.5475,无锡市,旺庄,,35,31,45,24,29,76,,64,63,37,41,4,5,1.1,0.8
2024-04-07T1800,1194A,120.245,31.5631,无锡市,荣巷,,35,31,43,24,24,51,,68,61,42,33,5,6,0.6,0.4
2024-04-07T1800,1195A,120.299,31.6817,无锡市,堰桥,,31,31,46,12,28,89,,86,86,26,32,1,2,1.0,0.9
2024-04-07T1800,3428A,120.3142,31.4753,无锡市,华庄,,34,34,37,20,23,53,,67,62,43,33,8,8,0.8,0.7
2024-04-07T1800,2677A,106.1532,37.9648,吴忠市,教育园区,,48,48,74,18,30,129,,116,116,8,25,8,10,0.3,0.4
2024-04-07T1800,2679A,106.1856,37.9956,吴忠市,新区二泵站,,47,47,67,18,28,130,,119,119,10,21,5,7,0.3,0.4
2024-04-07T1800,3648A,106.2112,37.9768,吴忠市,文卫南街,,48,48,72,23,29,133,,122,122,7,18,6,8,0.3,0.4
2024-04-07T1800,1794A,118.3606,31.3519,芜湖市,监测站,,,,25,,18,,,78,,,19,,7,,0.5
2024-04-07T1800,1795A,118.3714,31.4134,芜湖市,科创中心,,24,19,23,8,19,75,,84,84,33,25,6,6,0.5,0.5
2024-04-07T1800,1796A,118.3673,31.3131,芜湖市,四水厂,,29,21,24,9,19,90,,92,92,25,25,4,5,0.5,0.6
2024-04-07T1800,3328A,118.4209,31.3707,芜湖市,市气象局,,28,19,24,10,18,88,,85,85,14,18,7,7,0.5,0.6
2024-04-07T1800,3465A,118.4781,31.3225,芜湖市,清苑社区,,27,27,26,9,18,83,,84,84,24,28,5,5,0.4,0.5
2024-04-07T1800,3466A,118.2746,31.2326,芜湖市,扬子职业技术学院,,25,15,25,10,19,79,,88,88,26,24,6,7,0.4,0.4
2024-04-07T1800,2495A,111.3014,23.4832,梧州市,市逸夫小学,,27,27,22,3,4,25,,26,26,12,9,6,8,1.1,1.1
2024-04-07T1800,2496A,111.3239,23.4794,梧州市,市十一中,,19,16,16,13,6,22,,21,21,28,13,11,8,1.1,0.9
2024-04-07T1800,2497A,111.247,23.4189,梧州市,龙圩,,15,15,16,4,10,18,,24,24,26,20,6,8,1.3,1.1
2024-04-07T1800,2498A,111.2711,23.4835,梧州市,龙新,,24,24,14,8,6,15,,15,15,18,17,18,13,1.1,1
2024-04-07T1800,2711A,87.5475,44.1756,五家渠市,农水大厦,,36,24,36,2,8,113,,93,93,2,17,8,8,0.4,0.4
2024-04-07T1800,3441A,87.546,44.1912,五家渠市,经开区管委会,,35,26,34,15,16,112,,92,92,2,16,5,4,0.2,0.3
2024-04-07T1800,1325A,114.3677,30.5584,武汉市,东湖梨园,颗粒物(PM10),52,54,60,34,44,92,,63,63,32,37,8,8,0.7,0.7
2024-04-07T1800,1326A,114.2529,30.558,武汉市,汉阳月湖,,48,48,54,31,37,93,,89,89,36,40,7,7,0.4,0.4
2024-04-07T1800,1327A,114.282,30.6189,武汉市,汉口花桥,,44,44,54,24,33,90,,71,71,32,35,8,9,0.5,0.6
2024-04-07T1800,1328A,114.3025,30.5332,武汉市,武昌紫阳,颗粒物(PM10),51,51,57,30,33,92,,79,79,38,42,9,8,0.8,0.8
2024-04-07T1800,1329A,114.3646,30.6217,武汉市,青山钢花,"颗粒物(PM10),细颗粒物(PM2.5)",55,59,63,39,42,92,,68,68,34,48,8,8,0.6,0.6
2024-04-07T1800,1330A,114.1566,30.4825,武汉市,沌口新区,,45,45,52,30,31,98,,85,85,35,32,5,6,0.6,0.6
2024-04-07T1800,1331A,114.3014,30.5944,武汉市,汉口江滩,颗粒物(PM10),53,55,52,30,40,82,,66,66,36,34,8,8,0.7,0.8
2024-04-07T1800,1333A,114.135,30.6319,武汉市,吴家山,,38,38,48,20,33,108,,79,79,22,45,7,6,0.5,0.6
2024-04-07T1800,1334A,113.8454,30.2917,武汉市,沉湖七壕,,38,28,30,16,19,119,,91,91,14,12,6,5,0.6,0.6
2024-04-07T1800,3153A,114.3877,30.4908,武汉市,民族大道182号,颗粒物(PM10),53,56,60,35,53,90,,68,68,42,43,9,8,0.7,0.6
2024-04-07T1800,2652A,102.6201,37.9251,武威市,监测站,,39,36,40,14,20,124,,116,116,7,12,4,4,0.3,0.4
2024-04-07T1800,3201A,102.6486,37.9325,武威市,东关招商场,,38,20,42,15,25,121,,114,114,6,13,3,3,0.2,0.3
2024-04-07T1800,1462A,108.882,34.2749,西安市,高压开关厂,细颗粒物(PM2.5),89,94,116,66,79,136,,121,121,29,63,6,6,0.6,0.8
2024-04-07T1800,1463A,108.993,34.2629,西安市,兴庆小区,颗粒物(PM10),67,83,96,47,54,136,,120,120,25,49,6,5,0.6,0.7
2024-04-07T1800,1464A,109.06,34.2572,西安市,纺织城,颗粒物(PM10),77,104,126,43,50,125,,113,113,31,48,8,7,0.6,0.7
2024-04-07T1800,1465A,108.9356,34.2173,西安市,小寨,颗粒物(PM10),72,93,114,42,62,126,,117,117,24,53,5,4,0.7,0.8
2024-04-07T1800,1466A,108.954,34.2713,西安市,市人民体育场,细颗粒物(PM2.5),87,88,113,64,81,131,,118,118,23,50,4,4,0.7,0.9
2024-04-07T1800,1467A,108.8922,34.2322,西安市,高新西区,细颗粒物(PM2.5),75,93,113,55,77,139,,120,120,17,55,7,7,0.6,0.8
2024-04-07T1800,1468A,108.935,34.3474,西安市,经开区,颗粒物(PM10),76,102,118,43,46,121,,107,107,29,65,5,4,0.6,0.8
2024-04-07T1800,1469A,108.906,34.1546,西安市,长安区,颗粒物(PM10),67,84,108,27,39,122,,114,114,14,37,3,3,0.5,0.6
2024-04-07T1800,1471A,109.2186,34.3731,西安市,临潼区,颗粒物(PM10),58,66,88,28,31,147,,122,122,17,29,8,6,0.5,0.6
2024-04-07T1800,1472A,108.869,34.378,西安市,草滩,颗粒物(PM10),66,81,111,24,44,116,,112,112,31,56,6,6,0.7,0.8
2024-04-07T1800,1473A,108.985,34.1978,西安市,曲江文化产业集团,颗粒物(PM10),78,105,131,55,69,128,,122,122,27,51,4,3,0.5,0.7
2024-04-07T1800,1474A,109.051,34.3213,西安市,广运潭,细颗粒物(PM2.5),59,64,100,42,58,144,,110,110,16,48,6,5,0.4,0.6
2024-04-07T1800,3524A,108.6116,34.1164,西安市,文体局,颗粒物(PM10),53,56,93,24,46,111,,104,104,17,35,7,7,0.6,0.7
2024-04-07T1800,3605A,109.09,34.5236,西安市,无线电监控中心,颗粒物(PM10),60,69,107,29,38,151,,136,136,8,39,6,5,0.5,0.7
2024-04-07T1800,1483A,101.524,36.6867,西宁市,第五水厂,,,,,,,,,,,,,,,,
2024-04-07T1800,3055A,101.7775,36.6428,西宁市,城北区政府,,,30,31,21,25,129,,105,105,6,18,6,10,,0.4
2024-04-07T1800,3629A,101.8305,36.5786,西宁市,世纪职校,,40,27,28,24,27,128,,104,104,17,29,10,11,0.6,0.8
2024-04-07T1800,3630A,101.7413,36.6397,西宁市,师大城西校区,,42,42,41,29,32,125,,100,100,10,22,11,18,0.5,1.1
2024-04-07T1800,2612A,100.7939,22.0019,西双版纳傣族自治州,景洪市江南,细颗粒物(PM2.5),115,,154,87,128,144,,163,163,14,34,11,11,0.6,1.3
2024-04-07T1800,2613A,100.8017,22.0225,西双版纳傣族自治州,景洪市江北,细颗粒物(PM2.5),79,78,113,58,81,140,,161,161,15,21,12,11,0.6,1.1
2024-04-07T1800,3606A,108.7108,34.46,西咸新区,北杜,细颗粒物(PM2.5),67,77,101,48,60,137,,127,127,31,49,8,7,0.6,0.7
2024-04-07T1800,3607A,108.7096,34.2956,西咸新区,同德佳苑,颗粒物(PM10),77,104,125,34,52,135,,113,113,18,51,5,5,0.7,0.8
2024-04-07T1800,3608A,108.8558,34.4978,西咸新区,崇文塔,颗粒物(PM10),54,57,100,20,44,146,,136,136,15,42,8,7,0.6,0.8
2024-04-07T1800,2202A,116.1042,43.9317,锡林郭勒盟,市环保监测站,颗粒物(PM10),53,56,44,13,11,80,,81,81,3,10,10,10,0.2,0.2
2024-04-07T1800,2203A,116.0781,43.9311,锡林郭勒盟,市政府,,38,38,34,9,8,88,,88,88,5,16,10,11,0.2,0.2
2024-04-07T1800,1286A,118.1608,24.8169,厦门市,溪东,,,,,,,,,,,,,,,,
2024-04-07T1800,1287A,118.1514,24.4767,厦门市,洪文,,18,12,17,9,14,55,,54,45,23,20,1,2,0.6,0.5
2024-04-07T1800,1288A,118.0661,24.4444,厦门市,鼓浪屿,,17,10,14,8,13,52,,51,42,27,20,1,2,0.9,0.9
2024-04-07T1800,2842A,118.0936,24.5058,厦门市,湖里中学,,27,,22,16,11,23,,45,36,53,29,3,3,0.7,0.7
2024-04-07T1800,3527A,118.0958,24.5688,厦门市,集美中学,,22,13,17,7,12,49,,61,51,44,26,1,1,0.8,0.8
2024-04-07T1800,3528A,118.1493,24.7245,厦门市,同安二实小,,18,,10,12,13,48,,49,49,24,19,1,2,0.5,0.6
2024-04-07T1800,2447A,114.3175,29.8142,咸宁市,森林公园,,42,42,35,28,26,93,,89,89,4,6,6,6,0.5,0.5
2024-04-07T1800,2448A,114.3107,29.8454,咸宁市,市发改委,细颗粒物(PM2.5),69,75,66,50,48,99,,96,96,14,15,8,8,0.8,0.8
2024-04-07T1800,2449A,114.2936,29.8566,咸宁市,咸安区政府,,,67,65,,46,101,,98,98,16,18,8,8,0.8,0.8
2024-04-07T1800,3655A,114.3375,29.8683,咸宁市,长江产业园,细颗粒物(PM2.5),65,67,63,47,44,99,,102,102,14,21,8,7,0.7,0.7
2024-04-07T1800,1918A,108.7197,34.3956,咸阳市,气象站,,,,,,,,,,,,,,,,
2024-04-07T1800,1919A,108.673,34.3155,咸阳市,实验中学,颗粒物(PM10),79,107,142,40,50,132,,111,111,21,56,8,7,0.6,0.8
2024-04-07T1800,1920A,108.7233,34.3617,咸阳市,师范学院,颗粒物(PM10),77,103,139,39,53,117,,109,109,15,45,8,8,0.7,0.9
2024-04-07T1800,3165A,108.6594,34.2969,咸阳市,两寺渡,颗粒物(PM10),81,111,142,58,74,125,,106,106,18,44,3,3,0.6,0.8
2024-04-07T1800,3525A,108.6396,34.4078,咸阳市,奥体中心,细颗粒物(PM2.5),90,110,119,67,75,129,,124,124,23,48,8,8,0.8,0.9
2024-04-07T1800,1508A,112.9433,27.8614,湘潭市,板塘,细颗粒物(PM2.5),68,49,53,49,65,70,,60,60,18,18,4,4,0.9,0.9
2024-04-07T1800,1511A,112.9118,27.8403,湘潭市,市监测站,细颗粒物(PM2.5),74,59,55,54,61,76,,65,65,24,20,4,4,0.8,0.8
2024-04-07T1800,1512A,112.8937,27.8728,湘潭市,江麓,细颗粒物(PM2.5),67,50,56,48,64,83,,73,73,20,16,7,8,0.6,0.5
2024-04-07T1800,1513A,112.9227,27.8159,湘潭市,岳塘,,,,54,,63,,,58,,,19,,6,,0.8
2024-04-07T1800,1514A,112.9074,27.9119,湘潭市,科大,细颗粒物(PM2.5),67,57,58,48,62,73,,65,65,19,17,3,3,1.0,0.9
2024-04-07T1800,1562A,113.0048,27.9153,湘潭市,昭山,细颗粒物(PM2.5),80,,61,59,74,78,,60,60,14,19,4,4,0.7,0.7
2024-04-07T1800,1564A,112.4876,27.9164,湘潭市,韶山,颗粒物(PM10),54,57,45,33,33,71,,74,74,11,10,5,5,0.5,0.5
2024-04-07T1800,2492A,109.6414,28.2558,湘西土家族苗族自治州,跃进水库,,18,,14,12,12,39,,47,47,1,2,3,3,0.9,1.1
2024-04-07T1800,2493A,109.7325,28.3169,湘西土家族苗族自治州,州政府,,25,20,23,17,16,70,,72,72,9,7,8,7,0.9,0.8
2024-04-07T1800,2494A,109.6958,28.2675,湘西土家族苗族自治州,吉首市计生局,,25,17,23,11,17,78,,72,72,6,10,8,8,0.5,0.6
2024-04-07T1800,2432A,112.155,32.0197,襄阳市,襄城运动路,,38,38,58,23,37,110,,78,78,10,26,10,10,0.6,0.8
2024-04-07T1800,2433A,112.1392,32.0564,襄阳市,樊城新华路,,40,40,59,22,43,108,,78,78,16,29,9,10,0.5,0.7
2024-04-07T1800,2434A,112.1825,32.1142,襄阳市,高新管委会,,34,20,68,3,56,108,,81,81,11,32,9,13,0.5,0.8
2024-04-07T1800,2435A,112.2106,32.0903,襄阳市,襄州航空路,,,,64,,40,110,,87,87,,32,9,12,0.4,0.7
2024-04-07T1800,3396A,112.0828,32.0067,襄阳市,襄城隆中路,,37,24,41,23,32,118,,79,79,11,21,9,9,0.6,0.7
2024-04-07T1800,3397A,112.1214,32.1008,襄阳市,高新台子湾,,48,44,64,33,58,112,,80,80,11,37,9,11,0.5,0.7
2024-04-07T1800,2443A,113.9153,30.9285,孝感市,文化路,颗粒物(PM10),55,60,62,36,33,104,,82,82,20,25,9,9,0.8,0.9
2024-04-07T1800,2444A,113.942,30.9075,孝感市,东城区,颗粒物(PM10),54,57,60,35,37,106,,78,78,19,26,9,10,0.8,0.9
2024-04-07T1800,2181A,112.7383,38.4519,忻州市,开发区,颗粒物(PM10),51,51,75,27,46,139,,124,124,18,34,8,12,0.5,0.6
2024-04-07T1800,2182A,112.7003,38.4928,忻州市,会展中心,,50,50,85,22,46,136,,121,121,12,38,7,11,0.5,0.6
2024-04-07T1800,3208A,112.7283,38.4153,忻州市,市政府,颗粒物(PM10),52,53,78,19,35,142,,124,124,22,39,8,21,0.4,0.5
2024-04-07T1800,2389A,113.836,35.311,新乡市,环保西院,,46,46,67,16,41,130,,128,128,9,29,6,10,0.2,0.4
2024-04-07T1800,2390A,113.884,35.272,新乡市,开发区,,50,50,66,22,39,142,,125,125,3,18,9,12,0.5,0.6
2024-04-07T1800,2391A,113.883,35.303,新乡市,环保东院,颗粒物(PM10),61,71,81,29,39,133,,122,122,13,26,6,10,0.4,0.6
2024-04-07T1800,3054A,113.9194,35.2847,新乡市,市委党校,颗粒物(PM10),63,75,73,23,36,143,,124,124,11,27,4,7,0.4,0.5
2024-04-07T1800,3475A,113.9188,35.3045,新乡市,市政府,颗粒物(PM10),53,56,77,23,35,144,,126,126,8,24,8,11,0.2,0.4
2024-04-07T1800,3476A,113.9135,35.3327,新乡市,河师大,颗粒物(PM10),58,66,84,31,43,140,,128,128,10,32,7,10,0.2,0.4
2024-04-07T1800,3689A,113.9003,35.372,新乡市,行政服务中心,颗粒物(PM10),51,51,87,30,46,130,,127,127,5,33,5,9,0.2,0.5
2024-04-07T1800,2352A,115.0861,27.9317,新余市,北岗,,,,,,,,,,,,,,,,
2024-04-07T1800,2353A,114.9886,27.8431,新余市,飞宇,,50,50,54,28,33,90,,96,96,18,20,5,13,0.5,0.5
2024-04-07T1800,2354A,114.9231,27.8246,新余市,第二水厂,细颗粒物(PM2.5),53,39,50,37,39,80,,88,88,26,24,11,16,0.5,0.7
2024-04-07T1800,2355A,114.9308,27.8036,新余市,市气象局,,48,40,51,33,38,80,,89,89,24,22,6,15,0.6,0.6
2024-04-07T1800,3206A,114.9149,27.807,新余市,新钢沁园村,,,,59,,43,76,,83,79,28,27,10,18,1.1,0.7
2024-04-07T1800,2054A,114.1099,32.1059,信阳市,平桥分局,颗粒物(PM10),52,54,54,34,29,96,,114,114,15,24,4,5,0.6,0.5
2024-04-07T1800,2064A,113.9956,32.1271,信阳市,南湾水厂,,50,50,49,35,28,102,,120,120,13,15,3,3,0.5,0.5
2024-04-07T1800,2065A,114.0775,32.1195,信阳市,市酿酒公司,细颗粒物(PM2.5),55,50,50,39,31,96,,116,116,18,27,5,5,0.6,0.5
2024-04-07T1800,2066A,114.0609,32.1399,信阳市,审计局,,50,50,50,29,28,100,,120,120,15,31,4,4,0.6,0.5
2024-04-07T1800,2200A,122.0392,46.0656,兴安盟,胜华新制药厂,,46,46,34,18,19,93,,91,91,6,10,2,2,0.2,0.2
2024-04-07T1800,2201A,121.9504,46.0741,兴安盟,科右前旗环保局,,41,41,35,17,21,96,,92,92,6,9,2,2,0.2,0.3
2024-04-07T1800,3035A,122.0931,46.0707,兴安盟,北滨河,,50,50,44,14,20,98,,91,91,5,14,4,6,0.4,0.6
2024-04-07T1800,1077A,114.4704,37.0886,邢台市,达活泉,细颗粒物(PM2.5),149,127,120,114,87,191,,151,151,12,26,12,9,1.2,1
2024-04-07T1800,1078A,114.5062,37.0349,邢台市,邢师高专,细颗粒物(PM2.5),119,148,122,90,71,170,,145,145,23,38,11,6,1.1,0.8
2024-04-07T1800,1079A,114.5237,37.0851,邢台市,路桥公司,细颗粒物(PM2.5),123,144,120,93,73,177,,142,142,17,29,16,10,1.3,0.9
2024-04-07T1800,1080A,114.4725,37.0719,邢台市,市环保局,细颗粒物(PM2.5),139,145,127,106,85,180,,145,145,16,30,14,11,0.9,0.7
2024-04-07T1800,3584A,115.8844,39.0341,雄安新区,容城县环境保护局,颗粒物(PM10),57,64,132,9,70,84,,103,103,39,38,8,11,0.1,0.6
2024-04-07T1800,3585A,115.8665,39.0645,雄安新区,河北容城中学,颗粒物(PM10),61,71,143,5,74,104,,109,109,19,31,8,10,0.2,0.6
2024-04-07T1800,3586A,115.923,38.9405,雄安新区,安新县民政局,颗粒物(PM10),64,77,134,18,67,90,,105,105,23,24,6,9,0.2,0.6
2024-04-07T1800,3587A,115.9324,38.9338,雄安新区,安新县电力局,颗粒物(PM10),53,56,127,8,74,118,,113,113,8,25,5,8,0.4,0.7
2024-04-07T1800,3588A,116.0901,38.9816,雄安新区,雄县环境保护局,,,68,139,,85,114,,117,117,17,26,,12,,1
2024-04-07T1800,3589A,116.1105,39.0046,雄安新区,雄县国土资源局,颗粒物(PM10),57,64,126,9,64,110,,110,110,20,25,6,8,0.5,0.9
2024-04-07T1800,1177A,117.179,34.2761,徐州市,黄河新村,颗粒物(PM10),54,58,67,36,43,134,,130,130,24,27,8,8,0.6,0.7
2024-04-07T1800,1178A,117.1918,34.2384,徐州市,淮塔,颗粒物(PM10),65,79,78,41,48,130,,127,127,24,30,9,9,0.8,0.7
2024-04-07T1800,1180A,117.256,34.2153,徐州市,新城区,颗粒物(PM10),66,81,72,39,42,136,,132,132,26,30,9,9,0.8,0.7
2024-04-07T1800,1181A,117.244,34.2911,徐州市,桃园路,细颗粒物(PM2.5),65,78,73,47,41,130,,130,130,24,28,7,8,0.7,0.7
2024-04-07T1800,1182A,117.2933,34.2778,徐州市,农科院,颗粒物(PM10),63,75,77,40,42,135,,133,133,22,31,7,8,0.5,0.5
2024-04-07T1800,3005A,117.1814,34.29,徐州市,鼓楼区政府,细颗粒物(PM2.5),64,56,58,46,44,134,,134,134,22,25,8,7,0.4,0.5
2024-04-07T1800,3006A,117.1694,34.1781,徐州市,铜山区招生办,颗粒物(PM10),59,68,72,25,37,136,,131,131,20,33,7,9,0.7,0.6
2024-04-07T1800,3288A,117.4754,34.4422,徐州市,大泉街道,颗粒物(PM10),60,69,75,35,43,149,,135,135,16,19,10,9,1.1,0.6
2024-04-07T1800,2396A,113.8276,34.0159,许昌市,监测站,,38,33,51,20,35,121,,112,112,12,33,7,8,0.3,0.5
2024-04-07T1800,2398A,113.7906,33.9953,许昌市,开发区,,44,44,59,20,43,121,,112,112,9,33,6,6,0.4,0.6
2024-04-07T1800,3134A,113.8172,34.0339,许昌市,市一中,,38,36,59,21,40,120,,112,112,10,32,6,7,0.4,0.6
2024-04-07T1800,3337A,113.8614,34.0442,许昌市,许昌学院,,,,54,,38,126,,115,115,12,29,,8,,0.4
2024-04-07T1800,3338A,113.843,34.0823,许昌市,芙蓉广场,,40,38,58,14,33,126,,120,120,12,37,8,9,0.3,0.4
2024-04-07T1800,3597A,113.8134,34.1251,许昌市,建安区兴业大厦,,37,33,55,13,38,118,,114,114,10,26,4,8,0.4,0.5
2024-04-07T1800,2316A,118.7581,30.9454,宣城市,鳌峰子站,,31,31,28,18,21,64,,78,78,23,18,2,2,0.5,0.5
2024-04-07T1800,2317A,118.7385,30.9743,宣城市,敬亭山子站,,36,36,30,18,22,62,,71,71,27,22,2,2,0.5,0.9
2024-04-07T1800,2318A,118.7173,30.9427,宣城市,开发区子站,,33,33,27,19,23,70,,82,82,23,18,2,3,0.5,0.5
2024-04-07T1800,3470A,118.7724,30.9141,宣城市,夏渡子站,,32,32,29,19,24,64,,78,77,21,14,3,3,0.6,0.6
2024-04-07T1800,2554A,103.0475,30.02,雅安市,建安厂,,23,22,21,16,14,41,,50,40,33,23,8,8,0.7,0.6
2024-04-07T1800,2555A,103.0111,29.9833,雅安市,市政府,,19,19,19,8,9,57,,55,52,19,15,6,6,0.4,0.4
2024-04-07T1800,2556A,102.9905,29.9775,雅安市,川农大,,16,15,18,9,11,49,,46,46,5,12,6,7,0.5,0.6
2024-04-07T1800,3700A,103.0456,29.9956,雅安市,康养中心,,,19,24,12,12,64,,74,71,8,6,7,7,,
2024-04-07T1800,1642A,121.2514,37.5639,烟台市,开发区,臭氧1小时,97,100,84,56,42,197,,173,173,25,27,17,13,1.1,1.1
2024-04-07T1800,1643A,121.3719,37.5433,烟台市,轴承厂,细颗粒物(PM2.5),109,117,84,82,51,180,,162,162,34,21,18,12,0.5,0.5
2024-04-07T1800,1644A,121.3181,37.5436,烟台市,西郊化工站,,,,84,,40,169,,168,168,,23,18,13,,0.9
2024-04-07T1800,1645A,121.4478,37.4822,烟台市,莱山环保局,细颗粒物(PM2.5),93,105,76,69,42,166,,153,153,40,21,15,12,0.9,0.9
2024-04-07T1800,1646A,121.2611,37.4967,烟台市,福山环保局,颗粒物(PM10),84,117,97,56,46,167,,168,168,41,32,13,11,0.5,0.5
2024-04-07T1800,3057A,121.5992,37.4014,烟台市,牟平检察院,细颗粒物(PM2.5),94,119,80,70,38,177,,160,160,25,17,17,18,0.8,0.8
2024-04-07T1800,3366A,121.5206,37.4336,烟台市,中国农业大学,细颗粒物(PM2.5),100,117,75,75,36,171,,158,158,32,19,17,10,0.6,0.6
2024-04-07T1800,1926A,109.4131,36.6275,延安市,枣园,,46,46,57,21,25,137,,114,114,12,32,9,8,0.6,0.6
2024-04-07T1800,1927A,109.4761,36.6028,延安市,延大医附院,颗粒物(PM10),53,56,69,23,26,132,,113,113,15,38,4,4,0.5,0.5
2024-04-07T1800,1929A,109.5056,36.6106,延安市,百米大道,颗粒物(PM10),53,56,78,22,30,127,,108,108,18,46,6,7,0.6,0.8
2024-04-07T1800,3652A,109.4809,36.5786,延安市,西北局旧址,颗粒物(PM10),52,54,74,31,32,129,,114,114,16,42,4,4,0.5,0.6
2024-04-07T1800,2237A,129.47,42.8883,延边朝鲜族自治州,妇幼医院,颗粒物(PM10),57,64,58,37,23,105,,106,106,21,18,15,10,0.6,0.6
2024-04-07T1800,2238A,129.5055,42.9108,延边朝鲜族自治州,延边医院,颗粒物(PM10),53,56,55,32,20,110,,106,106,20,20,8,9,0.7,0.6
2024-04-07T1800,2239A,129.3964,42.8881,延边朝鲜族自治州,朝阳川镇医院,颗粒物(PM10),57,63,55,30,19,99,,109,109,18,13,10,9,0.6,0.5
2024-04-07T1800,1215A,120.118,33.4022,盐城市,盐城电厂,,41,41,44,22,28,115,,129,128,19,21,6,5,0.7,0.7
2024-04-07T1800,1216A,120.156,33.3942,盐城市,市监测站,,45,45,50,17,22,107,,119,118,19,19,5,4,0.6,0.6
2024-04-07T1800,1218A,120.2144,33.38,盐城市,开发区管委会,,45,45,49,21,29,111,,112,112,13,18,7,6,0.7,0.7
2024-04-07T1800,3004A,120.1544,33.3663,盐城市,宝龙广场,,,46,45,22,24,104,,111,111,15,15,6,6,,0.2
2024-04-07T1800,3293A,120.1501,33.3367,盐城市,月亮广场,,38,38,49,21,27,108,,115,115,18,14,6,5,0.7,0.7
2024-04-07T1800,3436A,120.4279,33.205,盐城市,大丰高级中学,,38,34,42,14,22,121,,108,108,19,14,5,5,0.5,0.4
2024-04-07T1800,1186A,119.389,32.3761,扬州市,邗江监测站,颗粒物(PM10),54,58,75,25,32,50,,79,76,66,43,9,10,1.1,1
2024-04-07T1800,2869A,119.447,32.4155,扬州市,五台山医院,,,,63,,42,,,110,,,38,,6,,0.8
2024-04-07T1800,3164A,119.4686,32.3942,扬州市,广陵建设局,颗粒物(PM10),58,66,68,28,35,33,,81,75,75,44,5,7,1.1,0.9
2024-04-07T1800,3195A,119.3633,32.3972,扬州市,市体育局,颗粒物(PM10),53,56,76,24,34,63,,84,82,50,38,10,12,1.1,1
2024-04-07T1800,3294A,119.5653,32.4222,扬州市,引江管理处,,50,50,58,29,36,53,,86,83,51,33,9,11,1.3,1
2024-04-07T1800,1699A,111.9797,21.8593,阳江市,鸳鸯湖,,32,32,21,16,17,51,,51,51,4,4,9,8,0.6,0.6
2024-04-07T1800,1701A,111.9491,21.8658,阳江市,马南垌,,31,31,26,21,16,46,,46,46,8,6,6,5,0.5,0.4
2024-04-07T1800,3317A,111.9765,21.8947,阳江市,两阳中学,,28,28,24,15,14,51,,50,50,3,3,8,7,0.4,0.3
2024-04-07T1800,3453A,112.0125,21.8749,阳江市,阳东陶然,,32,32,24,21,15,50,,52,52,5,4,5,4,0.5,0.4
2024-04-07T1800,1738A,113.5758,37.8572,阳泉市,市中心,,47,47,100,20,36,143,,124,124,14,54,7,13,0.5,0.7
2024-04-07T1800,1739A,113.4894,37.8731,阳泉市,赛鱼,颗粒物(PM10),59,67,105,24,38,138,,119,119,15,53,6,10,0.4,0.6
2024-04-07T1800,1740A,113.5819,37.8486,阳泉市,南庄,颗粒物(PM10),63,76,110,23,35,148,,130,130,17,47,4,8,0.3,0.5
2024-04-07T1800,1742A,113.5614,37.8703,阳泉市,平坦,颗粒物(PM10),58,65,94,23,36,140,,122,122,16,53,7,12,0.6,0.7
2024-04-07T1800,1743A,113.5158,37.8392,阳泉市,大阳泉,,48,48,49,18,23,145,,129,129,14,24,5,9,0.4,0.4
2024-04-07T1800,3619A,113.617,37.8571,阳泉市,龙柱,颗粒物(PM10),53,55,100,17,38,144,,126,126,17,56,8,21,0.5,0.7
2024-04-07T1800,2252A,128.5159,47.4311,伊春市,环保局,,30,22,18,7,10,93,,88,88,10,8,5,4,0.5,0.4
2024-04-07T1800,2253A,128.9102,47.7412,伊春市,电力嘉园,,38,38,27,18,16,99,,93,93,10,8,5,5,0.3,0.3
2024-04-07T1800,2254A,129.5029,48.471,伊春市,汤旺河国家公园,,27,15,10,4,5,85,,88,88,8,8,4,5,0.6,0.6
2024-04-07T1800,3342A,128.4741,47.4346,伊春市,中心小学,颗粒物(PM10),53,55,30,10,17,91,,89,89,8,7,6,5,0.3,0.3
2024-04-07T1800,3343A,128.6871,47.7369,伊春市,检察院,颗粒物(PM10),54,57,32,23,20,100,,94,94,10,7,1,2,0.4,0.4
2024-04-07T1800,3344A,128.8431,47.8474,伊春市,双子河社区,,36,36,25,9,11,111,,105,105,10,8,8,8,0.4,0.4
2024-04-07T1800,3480A,129.1368,47.6417,伊春市,美溪镇,,30,21,20,21,13,92,,87,87,7,6,4,5,0.3,0.3
2024-04-07T1800,2703A,81.2815,43.9404,伊犁哈萨克自治州,市环保局,,30,26,52,21,22,87,,87,87,14,22,6,7,0.4,0.5
2024-04-07T1800,2704A,81.2996,43.9174,伊犁哈萨克自治州,新政府片区,,29,29,44,12,19,85,,86,86,10,18,6,7,0.4,0.5
2024-04-07T1800,2705A,81.3364,43.941,伊犁哈萨克自治州,第二水厂,,32,32,51,11,21,82,,83,83,13,17,6,7,0.3,0.4
2024-04-07T1800,1882A,104.563,28.793,宜宾市,石马中学,,,,,,,,,,,,,,,,
2024-04-07T1800,1883A,104.6201,28.7728,宜宾市,市委,,19,,18,10,13,58,,60,60,24,18,6,6,0.5,0.5
2024-04-07T1800,1884A,104.6055,28.793,宜宾市,宜宾四中,,20,13,24,10,18,61,,61,61,16,14,7,9,0.6,0.6
2024-04-07T1800,1885A,104.639,28.7562,宜宾市,市政府,,21,16,23,10,16,65,,67,67,18,14,6,6,0.4,0.4
2024-04-07T1800,1886A,104.5742,28.7199,宜宾市,黄金嘴,,20,11,19,7,12,63,,67,67,18,13,9,9,0.3,0.3
2024-04-07T1800,3728A,104.68,28.8071,宜宾市,白酒学院,,21,11,20,8,15,67,,71,71,17,12,8,8,0.4,0.4
2024-04-07T1800,1840A,111.2992,30.6981,宜昌市,白龙岗,,46,46,44,24,30,107,,95,95,26,21,8,8,0.7,0.7
2024-04-07T1800,1841A,111.3549,30.6465,宜昌市,伍家岗,,39,39,47,17,34,116,,104,104,22,26,4,3,0.5,0.5
2024-04-07T1800,1842A,111.2628,30.6961,宜昌市,点军区,,33,33,36,17,23,100,,82,82,20,19,6,6,0.5,0.6
2024-04-07T1800,1843A,111.3275,30.7819,宜昌市,夷陵区,,38,38,35,14,26,115,,102,102,28,18,6,4,0.4,0.4
2024-04-07T1800,3546A,111.4606,30.552,宜昌市,猇亭区张家湾站,颗粒物(PM10),53,55,61,18,35,119,,94,94,18,28,5,6,0.6,0.7
2024-04-07T1800,3653A,111.3119,30.7273,宜昌市,云深路,,,29,38,28,26,127,,104,104,20,24,,6,0.5,0.6
2024-04-07T1800,2371A,114.3408,27.8064,宜春市,槟榔水业,,,,,,,,,,,,,,,,
2024-04-07T1800,2373A,114.3956,27.7844,宜春市,市石油公司,,,46,47,33,32,66,,80,80,14,11,,7,0.7,0.9
2024-04-07T1800,2374A,114.3703,27.7914,宜春市,市气象局,细颗粒物(PM2.5),52,48,47,36,36,57,,72,72,29,21,2,5,0.6,0.7
2024-04-07T1800,2375A,114.4013,27.8074,宜春市,市广电局,细颗粒物(PM2.5),53,,41,37,36,74,,74,74,20,20,2,1,0.7,0.7
2024-04-07T1800,3151A,114.375,27.8097,宜春市,宜春学院北校区,细颗粒物(PM2.5),55,46,48,39,34,72,,77,77,15,15,7,7,0.7,0.7
2024-04-07T1800,3415A,114.4519,28.0828,宜春市,万载县环保局,,49,49,47,27,39,64,,73,73,26,32,20,16,0.5,0.5
2024-04-07T1800,2467A,112.4067,28.6428,益阳市,甘溪港,细颗粒物(PM2.5),63,,34,45,33,103,,84,84,8,8,4,5,0.8,0.7
2024-04-07T1800,2468A,112.3458,28.5808,益阳市,市环保局,细颗粒物(PM2.5),62,52,64,44,45,112,,86,86,12,13,6,7,0.8,0.8
2024-04-07T1800,2469A,112.3437,28.5531,益阳市,市特殊教育学校,颗粒物(PM10),57,63,66,39,50,118,,93,93,9,12,5,6,0.6,0.5
2024-04-07T1800,2470A,112.3347,28.6047,益阳市,资阳区政务中心,细颗粒物(PM2.5),57,44,59,40,49,116,,88,88,10,13,4,5,0.7,0.7
2024-04-07T1800,2471A,112.3744,28.5819,益阳市,赫山环保分局,细颗粒物(PM2.5),58,61,67,41,41,111,,88,88,10,14,4,4,0.8,0.8
2024-04-07T1800,1484A,105.9512,38.6016,银川市,贺兰山马莲口,颗粒物(PM10),52,53,61,18,22,139,,128,128,15,13,8,12,0.3,0.4
2024-04-07T1800,1488A,106.2328,38.4975,银川市,贺兰山东路,细颗粒物(PM2.5),54,51,80,38,48,134,,119,119,16,32,5,9,0.5,0.8
2024-04-07T1800,1489A,106.1358,38.5036,银川市,学院路,,43,42,70,24,28,136,,124,124,14,32,5,16,0.4,0.8
2024-04-07T1800,2924A,106.2266,38.4418,银川市,水乡路,颗粒物(PM10),53,56,82,22,27,128,,118,118,17,30,9,12,0.4,0.5
2024-04-07T1800,2925A,106.2757,38.4842,银川市,上海东路,细颗粒物(PM2.5),62,63,71,44,39,139,,120,120,14,35,16,17,0.4,0.6
2024-04-07T1800,2926A,106.1015,38.497,银川市,文昌北街,颗粒物(PM10),68,85,91,37,44,141,,125,125,10,33,7,21,0.4,0.8
2024-04-07T1800,3523A,106.5105,38.3856,银川市,滨河新区,,44,43,53,21,25,138,,134,134,8,18,4,18,0.5,0.6
2024-04-07T1800,2357A,116.9822,28.1136,鹰潭市,龙虎山,,,,,,,,,,,,,,,,
2024-04-07T1800,2358A,117.0564,28.2642,鹰潭市,新监测站,,23,23,25,11,21,33,,47,39,32,20,9,16,0.4,0.4
2024-04-07T1800,2359A,117.0311,28.2475,鹰潭市,财苑宾馆,,19,19,24,9,20,45,,55,49,16,14,9,17,0.6,0.5
2024-04-07T1800,2360A,117.0222,28.2264,鹰潭市,体育馆,,16,16,27,11,23,42,,47,46,24,22,8,18,0.4,0.4
2024-04-07T1800,2361A,117.0017,28.2131,鹰潭市,三川水表,,18,13,27,12,27,54,,44,43,9,22,8,15,0.4,0.5
2024-04-07T1800,1597A,122.2703,40.7094,营口市,大庆路,颗粒物(PM10),57,63,112,26,72,113,,136,136,28,27,6,12,0.6,0.8
2024-04-07T1800,1598A,122.2150,40.6511,营口市,镜湖西路,细颗粒物(PM2.5),100,115,118,75,77,152,,146,146,38,27,8,9,0.8,0.9
2024-04-07T1800,1599A,122.1658,40.6789,营口市,西炮台,细颗粒物(PM2.5),124,124,132,94,90,167,,152,152,27,24,10,8,0.8,0.8
2024-04-07T1800,3379A,122.1139,40.2278,营口市,鲅鱼圈市民活动中心,细颗粒物(PM2.5),134,160,132,102,90,146,,134,134,42,28,13,14,1.0,0.9
2024-04-07T1800,3866A,122.2469,40.66302,营口市,三高中,细颗粒物(PM2.5),79,94,126,58,84,143,,160,160,30,23,9,9,0.6,0.7
2024-04-07T1800,4006A,122.3622,40.6762,营口市,老边实验小学,颗粒物(PM10),95,139,118,55,72,146,,147,147,56,55,71,20,1.2,1
2024-04-07T1800,2477A,111.6217,26.2081,永州市,零陵南津渡,,29,27,29,20,28,67,,76,72,12,8,9,8,0.7,0.6
2024-04-07T1800,2478A,111.6156,26.4214,永州市,市环境监测站,,39,30,38,27,31,69,,76,71,10,9,8,12,0.6,0.7
2024-04-07T1800,2479A,111.6236,26.2331,永州市,零陵区环保局,,29,25,35,20,29,58,,68,62,21,17,12,11,0.9,0.8
2024-04-07T1800,2480A,111.5992,26.4364,永州市,永州市环保局,,32,24,35,22,29,71,,75,71,10,10,6,8,0.6,0.7
2024-04-07T1800,2481A,111.5989,26.4519,永州市,冷水滩区环保局,,42,33,39,29,31,74,,75,73,12,12,7,11,0.7,0.7
2024-04-07T1800,2638A,109.7414,38.3344,榆林市,红石峡森林公园,颗粒物(PM10),61,72,87,33,11,129,,135,135,18,53,6,9,0.5,0.5
2024-04-07T1800,2639A,109.7456,38.2911,榆林市,世纪广场,颗粒物(PM10),54,58,97,20,34,130,,125,125,16,60,8,14,0.6,0.9
2024-04-07T1800,2640A,109.7289,38.2839,榆林市,实验中学,颗粒物(PM10),55,60,84,20,32,126,,130,130,17,56,10,14,0.4,0.7
2024-04-07T1800,2641A,109.7336,38.2478,榆林市,环保监测大楼,颗粒物(PM10),51,51,73,18,29,131,,134,134,10,50,6,10,0.5,0.8
2024-04-07T1800,2509A,110.1106,22.7019,玉林市,寒山水库,,16,13,18,11,10,16,,19,19,7,8,3,2,0.9,0.9
2024-04-07T1800,2510A,110.1675,22.6411,玉林市,市监测站,,25,25,25,10,11,14,,16,16,15,15,3,2,0.8,0.8
2024-04-07T1800,2511A,110.1433,22.6164,玉林市,南江一中,,37,37,32,16,14,11,,15,15,22,19,1,1,0.8,0.8
2024-04-07T1800,3532A,110.1945,22.6831,玉林市,玉林师范学院东校区,,29,,18,20,12,16,,18,18,13,17,3,3,0.7,0.7
2024-04-07T1800,3533A,110.0527,22.5893,玉林市,福绵环保局,,19,19,16,9,10,19,,20,20,16,13,1,2,0.8,0.8
2024-04-07T1800,2675A,97,33.0014,玉树藏族自治州,玉树县结古镇,,40,4,7,2,4,126,,119,119,1,4,10,12,0.4,0.5
2024-04-07T1800,1715A,102.575,24.3711,玉溪市,东风水库,颗粒物(PM10),61,72,75,41,53,141,,143,143,10,12,12,13,0.7,0.9
2024-04-07T1800,2882A,102.5389,24.3703,玉溪市,玉溪一中,颗粒物(PM10),57,63,80,29,55,148,,148,148,6,28,8,12,0.6,1
2024-04-07T1800,2883A,102.5381,24.3389,玉溪市,文体中心,颗粒物(PM10),56,61,74,37,51,139,,138,138,10,20,9,14,0.7,1.1
2024-04-07T1800,1847A,113.1094,29.3578,岳阳市,南湖风景区,,45,43,45,31,31,114,,110,110,14,18,5,7,0.7,0.7
2024-04-07T1800,1848A,113.1493,29.4251,岳阳市,城陵矶,,46,46,45,29,29,100,,96,96,22,32,6,7,0.6,0.6
2024-04-07T1800,1849A,113.1497,29.3575,岳阳市,开发区,颗粒物(PM10),55,59,64,36,37,107,,108,108,24,26,6,6,0.6,0.5
2024-04-07T1800,1850A,113.2621,29.4758,岳阳市,云溪区,,40,40,42,27,24,107,,106,106,16,18,6,7,0.6,0.5
2024-04-07T1800,1851A,112.9943,29.4402,岳阳市,君山区,,42,38,36,29,29,116,,104,104,10,15,6,6,0.6,0.5
2024-04-07T1800,1852A,113.2117,29.355,岳阳市,金凤水库,,44,44,48,24,32,120,,122,122,12,15,7,7,0.7,0.7
2024-04-07T1800,1712A,112.0392,22.9169,云浮市,新市府,,13,11,9,5,6,3,,14,5,25,18,5,4,1.1,0.9
2024-04-07T1800,1714A,112.0539,22.9539,云浮市,牧羊,,14,14,15,3,4,10,,14,8,25,22,9,7,0.8,0.6
2024-04-07T1800,3628A,112.0336,22.9374,云浮市,文笔,,16,,8,11,10,2,,13,5,23,19,6,5,0.6,0.5
2024-04-07T1800,2175A,110.9956,35.0147,运城市,运城中学,颗粒物(PM10),67,84,98,40,49,165,,140,140,8,21,9,8,0.6,0.7
2024-04-07T1800,2178A,110.9686,35.0303,运城市,地区技校,颗粒物(PM10),66,81,112,36,51,161,,138,138,13,35,9,8,0.8,0.8
2024-04-07T1800,2179A,111.0414,35.1147,运城市,空港新区,颗粒物(PM10),69,88,126,48,61,174,,157,157,12,34,11,13,0.9,0.9
2024-04-07T1800,3667A,111.0283,35.0547,运城市,水利职院,臭氧1小时,74,88,119,43,59,179,,152,152,12,30,8,7,0.8,0.8
2024-04-07T1800,3670A,111.0522,35.0439,运城市,禹都公园,颗粒物(PM10),70,89,105,44,61,171,,141,141,15,31,9,8,0.9,0.8
2024-04-07T1800,1637A,117.558,34.8438,枣庄市,市中区政府,颗粒物(PM10),60,70,90,36,46,148,,144,144,29,38,20,12,0.8,0.6
2024-04-07T1800,1638A,117.2852,34.7837,枣庄市,薛城环保局,,49,49,78,26,39,142,,144,144,24,39,11,11,0.6,0.8
2024-04-07T1800,1639A,117.5852,34.7745,枣庄市,峄城区政府,颗粒物(PM10),58,66,91,22,37,144,,145,145,17,30,10,9,0.5,0.5
2024-04-07T1800,1640A,117.7276,34.5578,枣庄市,台儿庄区环保局,颗粒物(PM10),57,63,79,39,46,144,,149,149,34,41,9,8,0.7,0.7
2024-04-07T1800,1641A,117.4518,35.0992,枣庄市,山亭区环保局,颗粒物(PM10),64,78,71,37,40,145,,145,145,25,26,16,12,0.8,0.8
2024-04-07T1800,3364A,117.3152,34.8103,枣庄市,市环保局,颗粒物(PM10),55,59,78,31,35,142,,140,140,23,35,8,8,0.5,0.7
2024-04-07T1800,1680A,110.3539,21.2706,湛江市,湛江影剧院,,43,43,36,16,19,55,,57,57,8,8,5,5,0.4,0.5
2024-04-07T1800,1681A,110.3928,21.2228,湛江市,市环境监测站,,30,30,28,20,21,55,,55,55,7,6,6,6,0.5,0.5
2024-04-07T1800,1682A,110.4019,21.1997,湛江市,环保局宿舍,,30,30,30,19,22,54,,51,51,7,8,6,7,0.5,0.5
2024-04-07T1800,1683A,110.4111,21.2028,湛江市,霞山游泳场,,32,32,29,21,21,53,,52,52,6,6,5,5,0.5,0.5
2024-04-07T1800,1684A,110.3316,21.2679,湛江市,麻章区环保局,,45,45,36,21,25,52,,55,55,9,8,6,7,0.5,0.7
2024-04-07T1800,1685A,110.4558,21.2567,湛江市,坡头区环保局,,28,28,28,19,20,53,,54,54,7,6,4,4,0.4,0.4
2024-04-07T1800,1858A,110.5319,29.1217,张家界市,永定新区,,,,42,22,31,108,,109,109,,13,2,2,0.4,0.5
2024-04-07T1800,1859A,110.4697,29.1242,张家界市,电业局,,31,30,42,14,30,98,,90,90,8,15,6,7,0.7,0.7
2024-04-07T1800,1860A,110.5594,29.3547,张家界市,未央路,,34,34,36,23,30,88,,95,95,8,6,3,3,0.5,0.5
2024-04-07T1800,1861A,110.4417,29.315,张家界市,袁家界,,25,17,24,13,18,79,,86,86,20,17,9,9,0.6,0.7
2024-04-07T1800,1057A,114.8883,40.8336,张家口市,人民公园,,35,33,37,1,6,111,,104,104,9,7,2,1,0.3,0.2
2024-04-07T1800,1059A,114.8687,40.8042,张家口市,五金库,,35,34,33,20,12,110,,102,102,6,7,2,2,0.4,0.4
2024-04-07T1800,1060A,114.8902,40.762,张家口市,世纪豪园,,35,28,35,10,12,110,,103,103,4,6,1,2,0.3,0.3
2024-04-07T1800,1061A,114.8916,40.8661,张家口市,北泵房,,38,21,28,2,8,121,,111,111,4,7,8,7,0.6,0.6
2024-04-07T1800,3131A,114.879,40.7993,张家口市,烟厂,,35,29,34,2,9,111,,100,100,3,5,2,2,0.3,0.3
2024-04-07T1800,3323A,115.2773,40.9724,张家口市,青少年活动中心,,35,32,32,13,9,112,,108,108,5,5,1,2,0.1,0.2
2024-04-07T1800,2654A,100.4698,38.9524,张掖市,润泉湖,颗粒物(PM10),59,68,58,20,19,111,,114,114,7,9,4,4,0.2,0.3
2024-04-07T1800,2655A,100.4154,38.9422,张掖市,区工会,颗粒物(PM10),74,98,63,13,17,111,,114,114,6,10,4,5,0.4,0.4
2024-04-07T1800,2075A,117.6336,24.4674,漳州市,九湖,,,,,,,,,,,,,,,,
2024-04-07T1800,2920A,117.7116,24.506,漳州市,蓝田镇,,26,6,20,5,16,12,,39,23,52,34,2,2,0.7,0.6
2024-04-07T1800,3216A,114.6622,24.5183,漳州市,漳州党校,,22,5,22,1,16,23,,38,29,43,32,3,3,0.8,0.7
2024-04-07T1800,3530A,117.6296,24.5314,漳州市,西洋坪路,,17,4,16,4,12,28,,32,32,33,31,3,3,0.8,0.7
2024-04-07T1800,2596A,103.7667,27.3736,昭通市,监测站,,33,32,24,23,18,72,,69,69,11,14,6,6,0.4,0.5
2024-04-07T1800,2597A,103.7225,27.3361,昭通市,环保局,,42,42,14,25,15,75,,71,71,7,9,6,7,0.3,0.4
2024-04-07T1800,1397A,112.4267,23.0706,肇庆市,睦岗子站,,17,10,25,7,17,5,,7,7,33,32,8,9,0.7,0.9
2024-04-07T1800,1398A,112.4645,23.0475,肇庆市,城中子站,,16,10,18,7,12,10,,22,13,32,29,8,8,0.9,0.8
2024-04-07T1800,1399A,112.5544,23.1522,肇庆市,坑口子站,,18,10,16,7,11,6,,21,7,35,27,9,6,0.8,0.7
2024-04-07T1800,1400A,112.4753,23.1,肇庆市,七星岩子站,,,,,,,,,,,,,,,,
2024-04-07T1800,3313A,112.4575,23.0166,肇庆市,高要湖西,,16,7,20,7,14,5,,11,7,31,31,4,6,0.9,0.8
2024-04-07T1800,3451A,112.5617,23.2083,肇庆市,鼎湖凤凰,,16,6,12,5,7,5,,21,7,31,23,6,6,0.9,0.8
2024-04-07T1800,1203A,119.6707,32.1875,镇江市,新区办事处,,49,49,67,28,41,52,,77,74,52,42,4,6,0.6,0.6
2024-04-07T1800,1204A,119.4974,32.1968,镇江市,职教中心,细颗粒物(PM2.5),68,50,61,49,58,41,,70,67,62,45,6,8,0.8,0.8
2024-04-07T1800,1205A,119.4303,32.1328,镇江市,丹徒区监测站,细颗粒物(PM2.5),57,42,69,40,53,56,,78,77,37,34,1,5,0.6,0.7
2024-04-07T1800,2870A,119.4424,32.1873,镇江市,市疾控中心,细颗粒物(PM2.5),67,,65,48,55,50,,86,83,44,33,6,7,0.6,0.6
2024-04-07T1800,3287A,119.3842,32.1976,镇江市,富润路1号,细颗粒物(PM2.5),59,58,75,42,53,67,,91,89,40,37,4,7,0.5,0.5
2024-04-07T1800,1316A,113.69031,34.76122,郑州市,烟厂,,42,38,55,19,33,132,,127,127,13,23,4,9,0.4,0.5
2024-04-07T1800,1317A,113.65724,34.77134,郑州市,郑纺机,,42,42,55,16,29,129,,126,126,13,25,5,8,0.4,0.5
2024-04-07T1800,1318A,113.67526,34.80246,郑州市,银行学校,,,44,50,19,34,,,122,122,13,20,4,8,,0.6
2024-04-07T1800,1319A,113.56746,34.81334,郑州市,供水公司,颗粒物(PM10),75,99,62,14,27,111,,116,116,14,21,6,10,0.3,0.6
2024-04-07T1800,1320A,113.7329,34.7178,郑州市,经开区管委,,46,46,68,17,29,128,,122,122,10,26,4,9,0.5,0.6
2024-04-07T1800,1321A,113.73961,34.77172,郑州市,四十七中,,46,46,56,18,30,131,,129,129,12,19,8,12,0.5,0.6
2024-04-07T1800,1322A,113.60532,34.74838,郑州市,市监测站,颗粒物(PM10),52,54,61,16,30,127,,128,128,14,23,6,11,0.5,0.7
2024-04-07T1800,1323A,113.64164,34.7525,郑州市,河医大,,43,43,55,21,27,127,,124,124,15,22,8,13,0.5,0.7
2024-04-07T1800,1324A,113.51488,34.91089,郑州市,岗李水库,,,,,,,,,,,,,,,,
2024-04-07T1800,3471A,113.616563,34.86783,郑州市,惠济区政府,,,,,,,,,,,,,,,,
2024-04-07T1800,3590A,113.8374,34.5589,郑州市,北区建设指挥部,,46,46,47,18,28,129,,128,128,12,32,4,8,0.4,0.6
2024-04-07T1800,3591A,113.30952,34.803229,郑州市,上街区政府,颗粒物(PM10),52,53,69,22,37,144,,131,131,16,23,6,12,0.3,0.5
2024-04-07T1800,1379A,113.3769,22.5211,中山市,华柏园,细颗粒物(PM2.5),78,83,30,57,19,4,,22,21,62,37,8,7,0.8,0.6
2024-04-07T1800,1380A,113.3881,22.5497,中山市,张溪,颗粒物(PM10),72,94,36,25,17,3,,23,22,52,35,6,5,0.8,0.6
2024-04-07T1800,1381A,113.4075,22.5111,中山市,紫马岭,颗粒物(PM10),56,62,27,36,17,4,,33,32,63,34,8,8,0.6,0.5
2024-04-07T1800,1382A,113.4411,22.4853,中山市,长江旅游区,,,,,,,,,,,,,,,,
2024-04-07T1800,3454A,113.3528,22.478,中山市,中山南区,颗粒物(PM10),63,75,23,41,17,6,,39,35,68,31,3,3,0.8,0.6
2024-04-07T1800,2680A,105.0025,37.4635,中卫市,沙坡头消防站,,,,,,,,,,,,,,,,
2024-04-07T1800,2682A,105.1971,37.5002,中卫市,环保局站,,39,30,57,16,31,122,,103,103,9,31,3,6,0.3,0.3
2024-04-07T1800,3650A,105.1698,37.5162,中卫市,沙坡头区政府站,,40,27,68,16,34,126,,107,107,9,31,4,8,0.3,0.4
2024-04-07T1800,1414A,106.3787,29.8279,重庆市,缙云山,,16,15,13,11,11,43,,66,45,13,12,9,6,0.2,0.3
2024-04-07T1800,1416A,106.4213,29.8253,重庆市,天生,,28,,27,19,23,28,,31,31,36,29,6,6,0.8,0.8
2024-04-07T1800,1417A,106.6263,29.7228,重庆市,两路,,33,29,29,23,19,18,,29,29,41,34,7,8,0.8,0.8
2024-04-07T1800,1418A,106.2953,29.5983,重庆市,虎溪,,29,28,28,20,15,43,,45,45,26,26,5,4,0.5,0.6
2024-04-07T1800,1419A,106.5777,29.5102,重庆市,南坪,,46,46,38,23,20,45,,46,46,25,28,9,9,0.6,0.7
2024-04-07T1800,1420A,106.6556,29.6277,重庆市,唐家沱,,35,35,31,17,17,17,,30,29,30,26,7,8,0.6,0.6
2024-04-07T1800,1421A,106.6349,29.4906,重庆市,茶园,,42,,36,29,23,45,,49,49,29,33,7,6,0.7,0.8
2024-04-07T1800,1422A,106.3754,29.4572,重庆市,白市驿,,31,31,22,17,19,36,,50,47,20,24,4,4,0.5,0.6
2024-04-07T1800,1425A,106.6205,29.7166,重庆市,空港,,34,34,35,20,21,20,,38,35,39,29,7,7,0.7,0.6
2024-04-07T1800,1426A,106.4782,29.4875,重庆市,新山村,,38,32,32,26,22,36,,42,42,31,32,8,8,0.6,0.6
2024-04-07T1800,1427A,106.5616,29.6453,重庆市,礼嘉,,24,24,25,15,15,31,,42,42,38,34,7,8,0.8,0.8
2024-04-07T1800,1428A,106.4522,29.7091,重庆市,蔡家,,19,19,24,10,16,24,,37,37,37,28,5,5,0.7,0.7
2024-04-07T1800,1429A,106.5093,29.3917,重庆市,鱼新街,,50,,28,35,23,45,,44,44,35,36,10,7,0.7,0.8
2024-04-07T1800,3014A,106.4958,29.5346,重庆市,歇台子,,35,32,26,24,19,27,,34,34,40,37,4,3,0.9,0.6
2024-04-07T1800,3015A,106.4037,29.5728,重庆市,龙井湾,,25,,10,17,12,38,,44,44,17,14,4,5,0.4,0.4
2024-04-07T1800,3016A,106.5507,29.4153,重庆市,龙洲湾,,25,25,21,16,12,40,,40,40,25,23,7,6,0.5,0.6
2024-04-07T1800,3133A,106.5468,29.5654,重庆市,上清寺,,38,38,33,24,19,27,,39,37,39,32,6,6,0.4,0.5
2024-04-07T1800,3346A,108.3872,31.1628,重庆市,安康,,24,24,20,11,7,72,,76,76,12,14,5,5,0.4,0.4
2024-04-07T1800,3347A,105.9017,29.3569,重庆市,北山路,,20,20,23,13,11,45,,50,48,20,15,5,6,0.7,0.8
2024-04-07T1800,3348A,105.839,30.1946,重庆市,春阳街,,31,31,27,20,18,45,,54,50,10,7,3,4,0.7,0.6
2024-04-07T1800,3349A,107.7983,30.6758,重庆市,人民东路,,37,37,35,18,16,60,,66,66,13,12,7,6,0.6,0.5
2024-04-07T1800,3350A,106.6479,29.0244,重庆市,滩子口,,48,47,36,33,22,47,,45,45,14,13,5,13,0.7,1.3
2024-04-07T1800,3351A,105.7167,29.7076,重庆市,棠香,,15,5,9,3,7,46,,56,47,8,8,2,2,0.4,0.2
2024-04-07T1800,3352A,107.0732,29.8617,重庆市,桃源西路,,27,27,26,17,15,42,,44,44,24,14,23,21,0.6,0.6
2024-04-07T1800,3353A,107.3535,29.7287,重庆市,迎宾大道,,,36,26,20,16,34,,46,46,28,18,,5,1.7,0.8
2024-04-07T1800,3354A,108.815,29.5081,重庆市,舟白,,32,22,20,22,21,59,,58,58,10,9,4,4,1.0,0.9
2024-04-07T1800,3355A,108.3679,30.8426,重庆市,周家坝,,34,34,20,16,19,56,,63,63,16,25,12,12,0.6,0.6
2024-04-07T1800,3356A,108.4319,30.7555,重庆市,百安坝,,39,39,23,25,16,50,,50,50,8,15,9,9,0.5,0.6
2024-04-07T1800,3482A,107.7541,29.3277,重庆市,芙蓉中路,,27,27,26,12,16,56,,50,50,12,18,4,4,0.7,0.8
2024-04-07T1800,3483A,108.7661,29.5368,重庆市,西山,,26,23,24,18,22,59,,56,56,9,10,4,4,0.8,0.7
2024-04-07T1800,3484A,106.2628,29.32,重庆市,行政中心,,44,44,33,17,12,43,,42,42,28,30,12,8,0.6,0.7
2024-04-07T1800,3485A,107.0944,29.1608,重庆市,高寺路,,41,41,29,17,14,41,,52,52,17,16,12,9,0.3,0.3
2024-04-07T1800,3599A,106.2649,29.9851,重庆市,书院路,,27,27,31,14,21,24,,39,30,25,15,6,5,1.0,0.9
2024-04-07T1800,3600A,106.2339,29.5559,重庆市,虎峰,,31,31,26,8,9,49,,47,47,13,17,4,4,0.6,0.7
2024-04-07T1800,3601A,106.0499,29.8342,重庆市,龙门街,,17,16,27,5,14,54,,58,47,24,22,26,10,0.8,0.8
2024-04-07T1800,3610A,105.5933,29.4105,重庆市,昌元,,28,28,25,16,13,28,,45,30,30,19,4,4,0.5,0.5
2024-04-07T1800,1258A,122.122,30.0203,舟山市,定海檀枫,,45,45,39,25,23,78,,87,85,36,23,7,6,0.3,0.3
2024-04-07T1800,1259A,122.3094,29.9558,舟山市,普陀东港,,37,37,35,24,19,101,,104,104,26,19,7,7,0.4,0.4
2024-04-07T1800,1260A,122.19,29.9944,舟山市,临城新区,,38,38,33,22,16,78,,92,89,25,16,5,5,0.5,0.4
2024-04-07T1800,2067A,114.6613,33.6128,周口市,市环境监测站,颗粒物(PM10),54,57,71,30,44,120,,114,114,17,27,7,11,0.4,0.5
2024-04-07T1800,2068A,114.6758,33.6347,周口市,周口师范,,50,50,62,17,33,129,,119,119,16,27,4,8,0.1,0.2
2024-04-07T1800,2069A,114.6546,33.5979,周口市,市运管处,颗粒物(PM10),52,53,68,24,41,126,,116,116,14,27,8,13,0.3,0.4
2024-04-07T1800,2070A,114.6369,33.6406,周口市,川汇区环保局,颗粒物(PM10),54,57,61,23,37,140,,131,131,13,24,8,9,0.3,0.4
2024-04-07T1800,1515A,113.135,27.8244,株洲市,天台山庄,细颗粒物(PM2.5),54,48,62,38,48,69,,61,61,27,25,8,7,0.7,0.6
2024-04-07T1800,1518A,113.095,27.8867,株洲市,株冶医院,细颗粒物(PM2.5),67,,56,48,59,59,,54,54,24,23,5,5,0.7,0.6
2024-04-07T1800,1519A,113.167,27.8667,株洲市,市四中,细颗粒物(PM2.5),58,44,64,41,55,71,,61,61,23,24,7,6,0.5,0.4
2024-04-07T1800,1520A,113.143,27.8381,株洲市,火车站,细颗粒物(PM2.5),68,,53,49,60,74,,63,63,27,27,5,5,0.7,0.7
2024-04-07T1800,1524A,113.13,27.8528,株洲市,市监测站,细颗粒物(PM2.5),68,,56,49,65,70,,61,61,25,24,7,6,0.8,0.8
2024-04-07T1800,1559A,113.251,27.8336,株洲市,大京风景区,,36,34,44,25,40,64,,70,70,16,13,5,5,0.7,0.5
2024-04-07T1800,2031A,113.1817,27.9958,株洲市,云田中学,,45,33,48,31,48,78,,71,71,20,19,6,6,0.7,0.8
2024-04-07T1800,1367A,113.5814,22.2618,珠海市,吉大,,24,24,28,6,13,45,,44,44,17,10,6,6,0.4,0.4
2024-04-07T1800,1368A,113.4881,22.2335,珠海市,前山,,24,24,21,13,15,45,,46,46,10,6,4,4,0.3,0.3
2024-04-07T1800,1369A,113.628,22.4251,珠海市,唐家,,29,29,31,12,10,45,,49,49,14,22,5,5,0.2,0.3
2024-04-07T1800,1370A,113.299,22.2281,珠海市,斗门,,26,26,24,18,14,37,,45,45,16,17,8,6,0.6,0.6
2024-04-07T1800,3308A,113.3494,22.0569,珠海市,金湾,,23,17,17,16,12,53,,53,53,6,5,5,7,0.4,0.4
2024-04-07T1800,3448A,113.5433,22.1163,珠海市,横琴,,23,23,23,12,9,60,,55,55,4,5,7,7,0.5,0.4
2024-04-07T1800,2420A,114.0189,32.9656,驻马店市,市一纸厂,细颗粒物(PM2.5),53,53,62,37,37,111,,117,117,9,26,5,5,0.4,0.5
2024-04-07T1800,2421A,114.0114,33.015,驻马店市,市彩印厂,,47,47,63,20,31,126,,126,126,13,21,3,5,0.4,0.4
2024-04-07T1800,2422A,113.9976,32.9771,驻马店市,天方二分厂,"颗粒物(PM10),细颗粒物(PM2.5)",53,56,66,37,42,115,,121,121,13,27,6,6,0.2,0.3
2024-04-07T1800,3339A,114.0012,33.0412,驻马店市,小管楼,,41,41,56,27,32,127,,124,124,14,19,5,6,0.5,0.5
2024-04-07T1800,2561A,104.6617,30.1372,资阳市,莲花山,,21,,19,14,11,66,,70,70,12,10,5,5,0.3,0.3
2024-04-07T1800,2562A,104.6356,30.1506,资阳市,资阳中学,,20,18,22,12,14,63,,73,72,14,8,6,6,0.5,0.5
2024-04-07T1800,2563A,104.6295,30.1383,资阳市,四三一厂,,30,30,27,4,13,64,,63,63,16,12,8,8,0.6,0.6
2024-04-07T1800,2564A,104.6463,30.1146,资阳市,师范校,,23,,23,16,19,57,,67,66,22,12,4,4,0.6,0.5
2024-04-07T1800,2565A,104.6296,30.1256,资阳市,区法院,,29,29,23,12,12,66,,73,73,12,7,4,4,0.5,0.5
2024-04-07T1800,1631A,118.0414,36.8103,淄博市,人民公园,颗粒物(PM10),71,92,82,46,45,172,,171,171,22,29,22,12,0.4,0.4
2024-04-07T1800,1633A,117.8525,36.4847,淄博市,双山,颗粒物(PM10),82,114,70,37,36,162,,153,153,30,23,17,11,0.9,0.9
2024-04-07T1800,1634A,117.9592,36.6331,淄博市,气象站,细颗粒物(PM2.5),85,89,54,63,38,167,,152,152,34,24,26,17,0.6,0.5
2024-04-07T1800,1635A,118.3092,36.8194,淄博市,莆田园,颗粒物(PM10),69,88,108,36,46,167,,160,160,31,39,7,14,0.7,1.3
2024-04-07T1800,3363A,117.9883,36.8372,淄博市,新区,颗粒物(PM10),59,68,75,29,34,162,,156,156,34,45,16,14,0.7,0.8
2024-04-07T1800,3644A,117.8661,36.805,淄博市,三金集团,颗粒物(PM10),58,66,73,31,38,159,,166,166,31,39,15,13,0.7,0.7
2024-04-07T1800,3645A,118.0253,36.8406,淄博市,东风化工厂,颗粒物(PM10),73,95,84,46,42,162,,163,163,25,33,14,10,0.6,0.7
2024-04-07T1800,3027A,104.72,29.3427,自贡市,青杠林路,,16,14,28,10,17,50,,46,46,17,15,4,4,0.4,0.3
2024-04-07T1800,3028A,104.776,29.3627,自贡市,檀木林体育馆,,17,16,21,9,15,54,,52,48,14,12,5,5,0.3,0.3
2024-04-07T1800,3360A,104.7894,29.3194,自贡市,南湖救助站,,23,18,29,16,19,48,,52,43,18,16,5,5,0.3,0.3
2024-04-07T1800,3638A,104.7636,29.3338,自贡市,轻化工大学,,19,15,21,13,17,58,,54,51,12,12,6,6,0.3,0.3
2024-04-07T1800,1911A,106.9222,27.6869,遵义市,丁字口,,27,27,22,17,15,56,,57,53,24,17,6,6,0.6,0.6
2024-04-07T1800,1912A,106.9242,27.7019,遵义市,凤凰山,,36,28,23,25,19,68,,59,59,9,9,6,6,0.3,0.4
2024-04-07T1800,1913A,106.8906,27.6486,遵义市,忠庄,,32,32,30,16,18,70,,67,67,10,9,3,3,0.3,0.3
2024-04-07T1800,1914A,106.9231,27.6506,遵义市,舟水桥,,30,23,19,21,15,69,,63,63,7,8,2,2,0.4,0.4
2024-04-07T1800,1915A,106.9178,27.72,遵义市,干田坝,,32,25,21,22,16,67,,64,64,13,11,8,7,0.8,0.8
2024-04-07T1800,3536A,106.8547,27.5919,遵义市,第十二小学,,30,30,22,17,14,65,,61,61,14,11,10,5,0.5,0.5
2024-04-07T1800,2566A,102.1879,31.914,阿坝藏族羌族自治州,州农科所,颗粒物(PM10),70,89,19,14,7,23,,22,22,14,8,1,3,0.9,0.7
2024-04-07T1800,2568A,102.2502,31.8896,阿坝藏族羌族自治州,马师校,,22,17,14,8,13,70,,67,67,13,8,4,4,0.4,0.4
2024-04-07T1800,3994A,102.2165,31.9024,阿坝藏族羌族自治州,马尔康中学西区,,26,,17,18,13,76,,71,71,9,8,5,5,0.4,0.4
2024-04-07T1800,2695A,80.292,41.1694,阿克苏地区,电视台,颗粒物(PM10),83,115,155,34,45,118,,104,104,5,9,5,5,0.6,0.7
2024-04-07T1800,2696A,80.2613,41.1551,阿克苏地区,艺术中心,颗粒物(PM10),88,126,156,36,45,118,,104,104,9,12,4,4,0.6,0.7
2024-04-07T1800,2204A,105.6467,38.8363,阿拉善盟,西城区西花园,,49,47,49,23,21,156,,150,150,10,12,14,12,0.7,0.7
2024-04-07T1800,2205A,105.6985,38.8411,阿拉善盟,蒙二幼,,47,47,48,23,21,137,,130,130,10,9,11,10,0.5,0.6
2024-04-07T1800,2206A,105.724,38.8516,阿拉善盟,环保局新楼,,50,50,45,25,20,141,,134,134,10,9,8,8,0.5,0.5
2024-04-07T1800,2708A,88.1264,47.8517,阿勒泰地区,市站,,33,23,29,12,9,105,,91,91,2,8,4,5,0.2,0.2
2024-04-07T1800,2630A,80.1161,32.5,阿里地区,阿里监测站,,37,33,21,7,8,116,,106,106,4,8,8,10,0.4,0.5
2024-04-07T1800,3192A,80.0903,32.5028,阿里地区,阿里藏医院,,,0,13,,4,,,109,109,2,4,8,9,0.6,0.6
2024-04-07T1800,2642A,109.0318,32.6537,安康市,香溪洞,,36,36,24,11,12,97,,85,85,7,9,6,6,0.4,0.5
2024-04-07T1800,2643A,109.0281,32.6939,安康市,安康市监测站,,36,36,25,16,14,97,,92,92,9,12,8,9,0.5,0.5
2024-04-07T1800,2644A,109.0072,32.6975,安康市,汉滨区检察院,,34,27,25,15,13,106,,88,88,6,11,8,9,0.4,0.5
2024-04-07T1800,2291A,117.0809,30.5177,安庆市,环科院,,40,40,34,23,30,57,,72,60,19,17,6,7,0.7,0.6
2024-04-07T1800,2292A,117.0331,30.5119,安庆市,马山宾馆,,45,45,35,26,30,56,,76,60,24,19,6,8,0.7,0.5
2024-04-07T1800,2294A,116.9896,30.6145,安庆市,安庆大学,,21,21,36,13,30,62,,68,66,14,15,7,8,0.5,0.4
2024-04-07T1800,3173A,117.0598,30.5351,安庆市,市人大,,38,32,33,26,36,51,,74,58,23,19,4,5,0.7,0.6
2024-04-07T1800,3122A,105.9606,26.2611,安顺市,伍家关,,,,,,,,,,,,,,,,
2024-04-07T1800,3123A,105.9408,26.2431,安顺市,凤凰山,细颗粒物(PM2.5),52,44,30,36,23,44,,47,42,15,12,8,9,0.8,0.7
2024-04-07T1800,3124A,105.9439,26.2564,安顺市,金钟山,细颗粒物(PM2.5),55,48,28,39,24,44,,44,43,11,11,5,6,0.6,0.6
2024-04-07T1800,3125A,105.8983,26.2481,安顺市,娄家坡,细颗粒物(PM2.5),54,46,32,38,24,43,,45,43,11,10,6,8,0.7,0.7
2024-04-07T1800,1818A,114.4839,36.0621,安阳市,棉研所,,,,,,,,,,,,,,,,
2024-04-07T1800,1819A,114.3551,36.1017,安阳市,红庙街,颗粒物(PM10),54,57,75,21,38,120,,123,123,10,23,4,9,0.3,0.8
2024-04-07T1800,1820A,114.361,36.0681,安阳市,银杏小区,,48,48,64,15,48,119,,119,119,3,19,6,10,0.5,0.8
2024-04-07T1800,3141A,114.3922,36.0878,安阳市,信访局,,48,48,69,17,42,121,,120,120,5,20,3,6,0.4,0.6
2024-04-07T1800,3669A,114.4705,36.0637,安阳市,左辅环卫站,颗粒物(PM10),52,53,69,20,42,98,,111,111,8,20,7,7,0.3,0.5
2024-04-07T1800,3703A,114.2917,36.0949,安阳市,安钢职工学校,颗粒物(PM10),60,70,90,15,41,117,,124,124,11,31,6,15,0.7,1.1
2024-04-07T1800,1748A,123.044,41.1196,鞍山市,深沟寺,,33,33,108,12,66,103,,122,116,14,22,8,10,0.5,1
2024-04-07T1800,1749A,123.011,41.0931,鞍山市,太阳城,,48,48,111,17,63,105,,130,123,16,24,8,12,0.6,1.2
2024-04-07T1800,1750A,123.0485,41.1442,鞍山市,太平,,32,32,124,14,71,101,,118,112,21,35,4,10,0.3,0.8
2024-04-07T1800,1751A,122.9642,41.0971,鞍山市,铁西三道街,,42,42,135,16,85,100,,131,124,27,39,4,10,0.5,1.4
2024-04-07T1800,1752A,122.9341,41.0833,鞍山市,铁西工业园区,,34,30,153,17,98,106,,127,122,16,44,6,10,0.2,1.2
2024-04-07T1800,1753A,123.022,41.0821,鞍山市,明达新区,颗粒物(PM10),53,56,107,16,63,102,,124,116,18,26,10,13,0.5,1
2024-04-07T1800,1754A,123.1289,41.0228,鞍山市,千山,,,,,,,,,,,,,,,,
2024-04-07T1800,2195A,107.4212,40.761,巴彦淖尔市,附二中,颗粒物(PM10),63,75,83,28,29,142,,126,126,10,26,9,16,0.4,0.4
2024-04-07T1800,2196A,107.37,40.7372,巴彦淖尔市,市环保大楼,颗粒物(PM10),60,70,71,33,25,144,,130,130,9,24,6,9,0.3,0.3
2024-04-07T1800,1956A,86.1472,41.7538,巴音郭楞蒙古自治州,孔雀公园,颗粒物(PM10),80,109,173,28,40,123,,102,102,2,24,6,6,0.2,0.4
2024-04-07T1800,1957A,86.1972,41.7166,巴音郭楞蒙古自治州,棉纺厂,颗粒物(PM10),70,90,206,21,44,118,,100,100,8,22,3,4,0.3,0.3
2024-04-07T1800,1958A,86.2357,41.7173,巴音郭楞蒙古自治州,经济开发区,颗粒物(PM10),69,88,181,23,44,115,,101,101,10,16,6,6,0.3,0.3
2024-04-07T1800,2914A,106.7677,31.8794,巴中市,苏山坪,,21,12,16,8,9,66,,62,62,8,8,4,4,0.3,0.3
2024-04-07T1800,3182A,106.7656,31.8545,巴中市,丽阳花园,,23,12,21,8,12,72,,68,68,12,16,3,3,0.5,0.5
2024-04-07T1800,3183A,106.7418,31.8654,巴中市,圣泉水务公司,,20,13,18,10,12,64,,64,64,12,19,4,4,0.4,0.5
2024-04-07T1800,3616A,106.7616,31.8344,巴中市,市中心医院,,24,14,23,7,14,75,,71,71,8,15,6,5,0.4,0.4
2024-04-07T1800,2235A,122.7911,45.6077,白城市,洮北区环保局,颗粒物(PM10),108,165,36,19,16,104,,107,107,9,7,4,4,0.2,0.2
2024-04-07T1800,2236A,122.8738,45.5725,白城市,市环保局,细颗粒物(PM2.5),68,50,34,49,14,89,,90,90,9,12,4,4,0.5,0.5
2024-04-07T1800,2231A,126.4219,41.9171,白山市,喜丰,颗粒物(PM10),57,64,83,21,36,125,,139,136,19,20,11,15,0.9,1
2024-04-07T1800,2232A,126.4077,41.9419,白山市,环保局,颗粒物(PM10),54,58,75,34,50,126,,133,130,11,14,10,12,0.7,0.9
2024-04-07T1800,2647A,104.1724,36.5446,白银市,第三小学,,38,34,44,18,34,120,,108,108,12,26,6,10,0.4,0.8
2024-04-07T1800,2648A,104.1465,36.5482,白银市,动力公司,,41,41,39,15,29,122,,112,112,10,19,8,11,0.5,0.8
2024-04-07T1800,2512A,106.6103,23.9011,百色市,市监测站,,33,33,24,11,9,33,,31,31,17,14,9,6,0.8,0.8
2024-04-07T1800,2513A,106.6538,23.8859,百色市,市中心血站,,26,26,26,10,9,32,,30,30,18,17,10,11,0.9,0.9
2024-04-07T1800,3406A,106.6085,23.8798,百色市,祈福高中,,25,25,22,12,11,30,,29,29,17,13,10,11,0.8,0.8
2024-04-07T1800,2270A,117.396,32.939,蚌埠市,工人疗养院,颗粒物(PM10),62,74,84,35,49,99,,112,112,19,27,8,8,0.7,0.6
2024-04-07T1800,2271A,117.3605,32.9427,蚌埠市,百货大楼,颗粒物(PM10),67,84,82,45,47,102,,115,115,24,28,5,5,0.8,0.7
2024-04-07T1800,2273A,117.4185,32.8911,蚌埠市,蚌埠学院,细颗粒物(PM2.5),59,61,71,42,50,90,,115,112,26,36,6,12,0.7,0.6
2024-04-07T1800,2274A,117.3533,32.9673,蚌埠市,淮上区政府,细颗粒物(PM2.5),64,73,74,46,54,109,,116,116,9,22,6,6,0.6,0.5
2024-04-07T1800,2275A,117.3145,32.8977,蚌埠市,高新区,颗粒物(PM10),51,51,62,35,48,111,,122,122,18,26,7,7,0.7,0.6
2024-04-07T1800,3715A,117.3092,32.9314,蚌埠市,蚌埠田家炳中学,颗粒物(PM10),62,73,82,39,50,111,,121,121,16,26,6,7,0.6,0.6
2024-04-07T1800,1585A,109.8756,40.6532,包头市,市环境监测站,,47,47,51,12,18,138,,122,122,19,30,13,14,0.4,0.3
2024-04-07T1800,1587A,109.9991,40.5842,包头市,包头八中,,,55,68,23,32,134,,121,121,20,41,12,23,,0.7
2024-04-07T1800,1588A,109.8538,40.6821,包头市,青山宾馆,,,44,47,23,19,135,,127,127,,29,14,13,0.6,0.5
2024-04-07T1800,1589A,109.8642,40.6288,包头市,惠龙物流,,45,44,47,24,21,144,,134,134,17,31,12,16,0.6,0.7
2024-04-07T1800,1590A,110.0377,40.5546,包头市,东河鸿龙湾,细颗粒物(PM2.5),53,46,58,37,25,138,,128,128,15,27,11,12,0.6,0.8
2024-04-07T1800,3283A,109.9154,40.5685,包头市,滨河大厦,颗粒物(PM10),51,52,48,24,23,144,,131,131,11,29,10,14,0.6,0.7
2024-04-07T1800,3419A,109.9447,40.6261,包头市,包头市委党校,,46,46,48,21,18,147,,125,125,16,38,12,17,0.9,0.9
2024-04-07T1800,3683A,109.8331,40.6576,包头市,昆区政府,,43,43,46,24,20,127,,119,119,26,26,14,14,0.9,0.8
2024-04-07T1800,1930A,107.185,34.3063,宝鸡市,庙沟村,,41,41,49,19,25,101,,81,81,12,25,8,8,0.7,0.7
2024-04-07T1800,1931A,107.0708,34.3017,宝鸡市,竹园沟,,42,42,48,21,29,117,,92,92,16,19,3,3,0.5,0.5
2024-04-07T1800,1932A,107.1906,34.3672,宝鸡市,三陆医院,颗粒物(PM10),51,52,65,26,34,112,,84,84,18,31,6,8,0.5,0.7
2024-04-07T1800,1933A,107.1431,34.3547,宝鸡市,监测站,,49,49,57,26,32,111,,87,87,19,32,6,6,0.6,0.6
2024-04-07T1800,1934A,107.1186,34.3739,宝鸡市,技工学校,颗粒物(PM10),51,51,56,22,30,111,,91,91,21,23,5,6,0.4,0.5
2024-04-07T1800,1935A,107.3906,34.3528,宝鸡市,陈仓区环保局家属楼,颗粒物(PM10),52,54,72,18,44,114,,99,99,17,33,4,36,0.6,0.8
2024-04-07T1800,1936A,107.2058,34.3497,宝鸡市,文理学院,颗粒物(PM10),52,53,63,24,30,116,,89,89,19,33,4,6,0.5,0.6
2024-04-07T1800,1937A,107.2386,34.3622,宝鸡市,三迪小学,颗粒物(PM10),52,54,64,30,36,112,,88,88,20,38,6,7,0.5,0.7
2024-04-07T1800,1051A,115.493,38.8632,保定市,游泳馆,颗粒物(PM10),64,78,146,28,79,127,,116,116,14,27,3,7,0.3,0.7
2024-04-07T1800,1052A,115.5213,38.8959,保定市,华电二区,颗粒物(PM10),59,68,102,26,65,120,,108,108,11,22,1,5,0.2,0.7
2024-04-07T1800,1053A,115.4713,38.9108,保定市,接待中心,颗粒物(PM10),54,57,115,27,72,114,,106,106,13,22,2,5,0.2,0.6
2024-04-07T1800,1054A,115.4612,38.8416,保定市,地表水厂,颗粒物(PM10),73,96,144,26,74,115,,113,113,22,41,4,8,0.6,1.1
2024-04-07T1800,3581A,115.31981,38.95208,保定市,满城区生态环境分局,颗粒物(PM10),65,80,136,29,68,114,,110,110,9,21,6,8,0.2,0.5
2024-04-07T1800,3582A,115.47694,38.76408,保定市,清苑区第二中学,颗粒物(PM10),68,86,138,28,72,123,,118,118,19,34,5,7,0.2,0.6
2024-04-07T1800,3583A,115.62909,39.02311,保定市,徐水物探局,颗粒物(PM10),65,80,134,17,61,113,,105,105,19,29,6,8,0.2,0.5
2024-04-07T1800,4004A,115.4202,38.8656,保定市,双鹰农机,细颗粒物(PM2.5),110,84,121,83,85,117,,113,113,18,27,5,8,0.4,0.8
2024-04-07T1800,4034A,115.5150,38.8590,保定市,植保所站,颗粒物(PM10),53,55,117,29,70,121,,116,116,18,35,4,6,0.3,0.7
2024-04-07T1800,2594A,99.1678,25.1081,保山市,市环境监测站,颗粒物(PM10),54,57,66,30,34,128,,134,131,7,7,8,10,0.5,0.6
2024-04-07T1800,2595A,99.1711,25.1328,保山市,市环保局,颗粒物(PM10),53,56,69,17,33,127,,127,,4,5,8,9,0.4,0.6
2024-04-07T1800,1866A,109.2262,21.588,北海市,牛尾岭水库,,,,,,,,,,,,,,,,
2024-04-07T1800,1867A,109.1436,21.4086,北海市,海滩公园,,38,38,49,15,22,51,,42,42,16,15,9,10,0.8,0.8
2024-04-07T1800,1868A,109.0981,21.4661,北海市,新市环保局,,28,26,38,19,22,44,,39,39,12,13,7,7,0.9,0.9
2024-04-07T1800,1869A,109.1778,21.5233,北海市,北海工业园,颗粒物(PM10),51,52,45,22,23,43,,35,35,16,15,10,10,0.9,0.9
2024-04-07T1800,3400A,109.1911,21.4415,北海市,龙潭自来水厂,,30,30,40,19,27,55,,41,41,10,12,5,8,0.8,0.8
2024-04-07T1800,1001A,116.3621,39.8784,北京市,万寿西宫,,44,44,61,12,27,97,,92,92,15,30,1,2,0.2,0.4
2024-04-07T1800,1002A,116.2202,40.2915,北京市,定陵,,,,,,,,,,,,,,,,
2024-04-07T1800,1003A,116.4174,39.9289,北京市,东四,,44,44,61,10,26,100,,96,96,11,25,3,2,0.3,0.1
2024-04-07T1800,1004A,116.4072,39.8863,北京市,天坛,,38,38,59,9,26,96,,93,93,21,29,1,2,0.1,0.3
2024-04-07T1800,1005A,116.462,39.9365,北京市,农展馆,,43,43,58,9,22,96,,92,92,22,33,2,3,0.1,0.3
2024-04-07T1800,1006A,116.3392,39.9295,北京市,官园,,46,46,57,11,21,107,,101,101,15,22,2,3,0.4,0.4
2024-04-07T1800,1007A,116.2878,39.9611,北京市,海淀万柳,,50,50,58,10,22,99,,100,100,18,25,2,3,0.3,0.4
2024-04-07T1800,1008A,116.6636,40.135,北京市,顺义新城,,37,37,64,9,26,97,,92,92,17,30,3,2,0.2,0.3
2024-04-07T1800,1009A,116.6275,40.3275,北京市,怀柔镇,,49,49,42,10,12,97,,93,93,19,17,1,1,0.2,0.3
2024-04-07T1800,1010A,116.2296,40.217,北京市,昌平镇,颗粒物(PM10),56,61,34,12,7,95,,91,91,18,23,3,3,0.2,0.2
2024-04-07T1800,1011A,116.3966,39.9821,北京市,奥体中心,,44,44,49,11,18,92,,83,83,21,37,1,2,0.1,0.3
2024-04-07T1800,1012A,116.184,39.9136,北京市,古城,,41,41,55,9,16,100,,98,98,14,25,3,2,0.3,0.5
2024-04-07T1800,3281A,115.9718,40.4529,北京市,延庆夏都,,31,28,35,9,10,99,,91,91,5,18,1,2,0.2,0.2
2024-04-07T1800,3417A,117.0709,40.1465,北京市,平谷新城,,39,39,56,10,23,92,,94,94,12,19,1,2,0.1,0.3
2024-04-07T1800,3418A,116.8336,40.4095,北京市,密云新城,,48,48,47,12,13,97,,96,96,16,22,3,3,0.2,0.3
2024-04-07T1800,3671A,116.088,39.9726,北京市,门头沟三家店,,,,,,,,,,,,,,,,
2024-04-07T1800,3672A,116.1541,39.8204,北京市,丰台云岗,,41,41,55,9,17,98,,93,93,10,16,3,3,0.2,0.3
2024-04-07T1800,3673A,116.6804,39.9081,北京市,通州东关,,38,38,68,9,29,97,,90,90,11,27,3,3,0.2,0.3
2024-04-07T1800,3674A,115.9577,39.7603,北京市,房山燕山,,37,37,54,11,23,102,,93,93,14,16,3,3,0.2,0.3
2024-04-07T1800,3675A,116.4672,39.7733,北京市,大兴旧宫,,35,35,63,9,29,95,,88,88,15,27,3,2,0.2,0.3
2024-04-07T1800,3694A,115.986,40.4563,北京市,延庆石河营,,32,32,38,10,10,98,,93,93,12,21,3,3,0.2,0.2
2024-04-07T1800,3695A,116.6151,40.3053,北京市,怀柔新城,颗粒物(PM10),51,51,41,14,13,101,,95,95,17,14,3,3,0.1,0.2
2024-04-07T1800,3696A,116.2545,39.8768,北京市,丰台小屯,,45,45,65,9,21,93,,91,91,15,38,3,2,0.2,0.3
2024-04-07T1800,3697A,116.84,40.3844,北京市,密云镇,,43,43,48,12,14,94,,90,90,10,26,3,2,0.3,0.3
2024-04-07T1800,1761A,123.8275,41.3064,本溪市,大峪,,40,40,100,20,57,119,,127,127,18,26,12,10,0.8,0.8
2024-04-07T1800,1762A,123.7567,41.3325,本溪市,溪湖,颗粒物(PM10),51,52,139,17,72,119,,127,127,18,39,11,18,0.6,1.7
2024-04-07T1800,1763A,123.7169,41.3094,本溪市,彩屯,"颗粒物(PM10),细颗粒物(PM2.5)",72,93,127,52,78,115,,128,128,26,34,12,15,0.9,1.6
2024-04-07T1800,1764A,123.7669,41.2864,本溪市,东明,颗粒物(PM10),59,68,105,23,77,99,,123,120,35,37,15,10,1.3,1
2024-04-07T1800,1765A,123.7992,41.2664,本溪市,新立屯,颗粒物(PM10),55,60,83,35,56,103,,136,130,36,39,13,13,0.5,0.6
2024-04-07T1800,1766A,123.8142,41.3472,本溪市,威宁,颗粒物(PM10),57,63,131,16,63,104,,114,114,20,37,11,8,0.8,0.9
2024-04-07T1800,2587A,105.2864,27.3125,毕节市,八中,,18,12,9,12,6,57,,58,58,10,10,6,5,0.5,0.5
2024-04-07T1800,2588A,105.31,27.2944,毕节市,师专,,16,9,10,4,6,51,,58,54,11,9,5,5,0.4,0.4
2024-04-07T1800,3537A,105.3631,27.3533,毕节市,长征村,,19,5,13,3,10,58,,61,58,9,9,5,5,0.5,0.5
2024-04-07T1800,1629A,118.0018,37.3617,滨州市,第二水厂,颗粒物(PM10),64,78,80,27,37,144,,144,144,19,30,16,10,0.8,0.8
2024-04-07T1800,1630A,117.9776,37.393,滨州市,北中新校,颗粒物(PM10),59,68,78,22,32,144,,141,141,19,28,15,20,0.5,0.7
2024-04-07T1800,3514A,117.9378,37.3956,滨州市,中海酒店,颗粒物(PM10),60,70,80,24,43,148,,144,144,13,24,13,24,0.6,0.8
2024-04-07T1800,3515A,117.9378,37.3553,滨州市,开发区一中,颗粒物(PM10),67,83,82,29,38,124,,123,123,23,34,14,13,0.7,0.8
2024-04-07T1800,3516A,118.0917,37.694,滨州市,金海六路,颗粒物(PM10),59,68,76,24,36,150,,147,147,17,28,10,13,0.5,0.6
2024-04-07T1800,4028A,117.9956,37.3753,滨州市,滨州市西街道办事处,颗粒物(PM10),60,70,75,27,41,131,,133,133,18,24,15,13,0.7,0.7
2024-04-07T1800,2311A,115.8072,33.8399,亳州市,污水处理厂,,41,33,56,17,29,130,,131,131,12,22,12,12,0.4,0.4
2024-04-07T1800,2312A,115.7789,33.8518,亳州市,三国揽胜宫,,44,44,61,14,24,127,,125,125,11,18,9,10,0.5,0.5
2024-04-07T1800,3332A,115.7633,33.8034,亳州市,亳州学院,,40,40,54,20,26,128,,129,129,10,14,10,10,0.7,0.7
2024-04-07T1800,2693A,82.0485,44.8556,博尔塔拉蒙古自治州,市党校,,37,24,30,17,18,118,,101,101,5,8,7,7,0.2,0.3
2024-04-07T1800,2694A,82.0806,44.8969,博尔塔拉蒙古自治州,市环保局,,44,44,50,15,19,102,,88,88,11,20,8,9,0.2,0.4
2024-04-07T1800,1071A,116.8842,38.2991,沧州市,沧县城建局,颗粒物(PM10),68,86,96,42,54,149,,143,143,24,26,6,9,0.6,0.6
2024-04-07T1800,1072A,116.8584,38.3254,沧州市,电视转播站,颗粒物(PM10),66,82,89,39,51,156,,145,145,12,17,11,12,0.3,0.3
2024-04-07T1800,1073A,116.8709,38.3228,沧州市,市环保局,颗粒物(PM10),72,94,98,49,59,153,,156,156,19,21,4,6,0.4,0.4
2024-04-07T1800,3324A,116.8136,38.3004,沧州市,河北水利电力学院,颗粒物(PM10),71,92,101,38,54,148,,143,143,14,27,7,8,0.3,0.4
2024-04-07T1800,2622A,97.1806,31.1273,昌都市,昌都监测站,,45,45,14,6,8,118,,113,113,8,9,8,8,0.5,0.6
2024-04-07T1800,3719A,97.1714,31.1406,昌都市,昌都会议中心,,39,,7,14,9,122,,105,105,5,7,9,9,0.5,0.6
2024-04-07T1800,2690A,88.1236,43.8886,昌吉回族自治州,天山天池,,,,8,,7,,,90,,,6,,6,,0.5
2024-04-07T1800,2692A,87.2717,44.0297,昌吉回族自治州,新区政务中心,,38,18,29,12,14,120,,107,107,13,22,6,6,0.3,0.4
2024-04-07T1800,3613A,87.3095,44.0142,昌吉回族自治州,亚心广场,,37,29,30,5,6,116,,104,104,11,22,6,6,0.3,0.3
2024-04-07T1800,1119A,125.3325,43.9166,长春市,食品厂,颗粒物(PM10),88,126,84,51,43,89,,124,123,31,28,8,8,0.5,0.5
2024-04-07T1800,1120A,125.2863,43.9027,长春市,客车厂,颗粒物(PM10),86,122,82,44,41,90,,126,126,28,25,6,6,0.5,0.5
2024-04-07T1800,1121A,125.2841,43.8463,长春市,邮电学院,,,128,85,27,33,98,,128,128,21,20,,9,0.4,0.4
2024-04-07T1800,1122A,125.3716,43.8772,长春市,劳动公园,颗粒物(PM10),84,117,84,35,33,106,,139,139,21,23,6,7,0.4,0.4
2024-04-07T1800,1123A,125.3297,43.8805,长春市,园林处,颗粒物(PM10),75,100,70,23,28,95,,123,123,21,25,10,11,0.5,0.5
2024-04-07T1800,1124A,125.4605,43.79,长春市,净月潭,颗粒物(PM10),80,109,66,26,27,107,,130,130,10,10,8,8,0.4,0.4
2024-04-07T1800,1125A,125.7194,43.515,长春市,甩湾子,,,,,,,,,,,,,,,,
2024-04-07T1800,1126A,125.3863,43.8447,长春市,经开区环卫处,颗粒物(PM10),79,108,76,28,31,102,,130,130,18,24,6,7,0.4,0.4
2024-04-07T1800,1127A,125.245,43.7783,长春市,高新区管委会,颗粒物(PM10),95,140,76,29,26,99,,128,128,17,20,7,8,0.4,0.4
2024-04-07T1800,1128A,125.1761,43.8325,长春市,岱山公园,颗粒物(PM10),98,146,80,33,32,90,,126,126,24,27,7,8,0.3,0.4
2024-04-07T1800,1335A,113.0833,28.2325,长沙市,经开区环保局,细颗粒物(PM2.5),72,55,51,52,52,71,,75,75,27,19,5,5,0.6,0.5
2024-04-07T1800,1336A,112.8872,28.2189,长沙市,高开区环保局,细颗粒物(PM2.5),68,60,52,49,51,80,,77,77,14,13,4,4,0.6,0.6
2024-04-07T1800,1337A,113.0792,28.2053,长沙市,马坡岭,细颗粒物(PM2.5),75,55,53,55,56,70,,71,71,28,25,6,6,0.6,0.6
2024-04-07T1800,1338A,112.9394,28.19,长沙市,湖南师范大学,细颗粒物(PM2.5),72,64,65,52,52,83,,79,79,14,13,3,4,0.6,0.6
2024-04-07T1800,1339A,113.0178,28.1322,长沙市,雨花区环保局,细颗粒物(PM2.5),60,56,52,43,46,68,,70,70,25,22,4,4,0.7,0.6
2024-04-07T1800,1340A,112.9792,28.2597,长沙市,伍家岭,细颗粒物(PM2.5),73,56,59,53,59,71,,67,67,20,20,5,5,0.9,0.8
2024-04-07T1800,1341A,113.0014,28.1944,长沙市,火车新站,细颗粒物(PM2.5),64,51,51,46,49,79,,80,80,22,18,3,4,0.8,0.7
2024-04-07T1800,1342A,112.9844,28.1178,长沙市,天心区环保局,,,62,60,50,51,53,,53,53,34,31,,2,0.5,0.5
2024-04-07T1800,1343A,112.8908,28.1308,长沙市,湖南中医药大学,细颗粒物(PM2.5),75,60,56,55,57,65,,57,57,16,18,3,3,0.8,0.8
2024-04-07T1800,1344A,112.9581,28.3611,长沙市,沙坪,,48,48,52,29,28,79,,74,74,16,14,6,6,0.6,0.6
2024-04-07T1800,1727A,113.1147,36.1547,长治市,清华站,颗粒物(PM10),56,62,82,36,43,120,,126,126,28,33,9,12,0.8,0.8
2024-04-07T1800,1728A,113.1031,36.1989,长治市,监测站,颗粒物(PM10),57,64,79,36,45,118,,134,134,30,30,13,16,0.8,0.9
2024-04-07T1800,1730A,113.0886,36.2125,长治市,审计局,颗粒物(PM10),54,58,69,36,47,134,,140,139,23,30,13,16,0.5,0.6
2024-04-07T1800,1731A,113.0844,36.1856,长治市,长治八中,颗粒物(PM10),64,78,90,32,43,128,,134,134,35,39,8,11,0.6,0.8
2024-04-07T1800,2845A,113.1569,36.1911,长治市,德盛苑,细颗粒物(PM2.5),55,58,59,39,39,129,,136,136,23,24,10,13,0.7,0.8
2024-04-07T1800,3568A,113.06,36.0464,长治市,向阳小学,细颗粒物(PM2.5),88,103,102,65,62,111,,130,130,40,30,19,17,0.9,1
2024-04-07T1800,3569A,112.8792,36.3144,长治市,屯留一中,细颗粒物(PM2.5),65,68,78,47,52,140,,144,144,18,32,10,16,0.7,0.8
2024-04-07T1800,3570A,113.235,36.3489,长治市,潞城四中,颗粒物(PM10),60,70,95,32,47,152,,159,159,14,41,6,9,0.4,0.7
2024-04-07T1800,1854A,111.6975,28.9703,常德市,市二中,颗粒物(PM10),61,71,56,42,38,111,,100,100,16,16,7,7,0.6,0.6
2024-04-07T1800,1857A,111.7158,29.1456,常德市,白鹤山,颗粒物(PM10),69,87,57,49,49,76,,61,61,9,6,3,3,0.8,0.7
2024-04-07T1800,3138A,111.7153,29.0289,常德市,武陵区永安,颗粒物(PM10),53,56,48,31,32,117,,107,107,11,18,8,8,0.6,0.5
2024-04-07T1800,3139A,111.6892,28.9881,常德市,鼎城区玉霞,颗粒物(PM10),52,54,57,34,30,118,,101,101,13,18,9,9,0.6,0.6
2024-04-07T1800,3140A,111.6625,29.0531,常德市,武陵区长庚,颗粒物(PM10),55,60,51,33,35,118,,93,93,11,18,8,8,0.6,0.6
2024-04-07T1800,1196A,119.9633,31.762,常州市,市监测站,颗粒物(PM10),61,72,89,26,45,68,,84,83,38,41,7,8,0.6,0.6
2024-04-07T1800,1200A,119.9468,31.7069,常州市,武进监测站,颗粒物(PM10),61,72,84,27,35,58,,80,76,44,35,13,15,0.9,0.8
2024-04-07T1800,1201A,119.9255,31.9087,常州市,安家,颗粒物(PM10),57,63,81,28,45,57,,89,86,42,44,5,8,0.8,0.8
2024-04-07T1800,3002A,119.9805,31.8174,常州市,行政中心,,49,49,69,34,44,74,,90,87,29,36,9,10,0.6,0.6
2024-04-07T1800,3003A,120.0522,31.7748,常州市,经开区,颗粒物(PM10),53,55,87,25,42,76,,87,85,35,40,6,7,0.5,0.5
2024-04-07T1800,3010A,119.9025,31.7964,常州市,钟楼,颗粒物(PM10),54,57,81,26,42,66,,85,83,38,38,7,9,0.8,0.8
2024-04-07T1800,3429A,119.8598,31.7066,常州市,武进经发区,,46,46,58,24,31,48,,84,78,55,39,6,8,1.0,0.9
2024-04-07T1800,3430A,119.5826,31.7245,常州市,金坛城区,,48,48,47,28,28,47,,84,80,55,33,5,7,0.9,0.7
2024-04-07T1800,2220A,120.4318,41.5881,朝阳市,西梁,,39,36,70,27,25,87,,97,97,15,29,9,16,0.5,0.7
2024-04-07T1800,2221A,120.4521,41.5646,朝阳市,河畔小区,,40,40,72,17,21,88,,98,98,18,26,7,10,0.4,0.6
2024-04-07T1800,2222A,120.4176,41.5648,朝阳市,八里堡,,49,49,77,20,25,88,,98,98,15,31,8,15,0.5,0.7
2024-04-07T1800,2223A,120.3806,41.5969,朝阳市,农业园区,,31,29,88,13,22,98,,104,104,8,25,7,12,0.3,0.4
2024-04-07T1800,1705A,116.6367,23.6719,潮州市,西园路,,39,39,26,20,16,14,,31,25,39,21,6,6,1.0,0.6
2024-04-07T1800,3026A,116.6183,23.6608,潮州市,市政府,,30,30,24,19,19,23,,40,31,40,25,11,8,1.2,0.8
2024-04-07T1800,4036A,116.6461,23.6761,潮州市,金山,,38,34,23,26,19,15,,29,21,37,23,8,7,1.2,0.8
2024-04-07T1800,2472A,113.0073,25.9061,郴州市,马头岭,,16,14,22,11,10,42,,44,43,15,10,3,3,0.8,0.8
2024-04-07T1800,2473A,113.0116,25.8226,郴州市,市职中,,18,16,19,12,17,39,,44,41,18,13,4,4,0.7,0.7
2024-04-07T1800,2474A,113.0161,25.8001,郴州市,兴隆步行街,,20,20,23,14,17,44,,46,43,14,11,3,3,0.8,0.8
2024-04-07T1800,2475A,113.0383,25.8071,郴州市,市审计局,,19,,18,13,14,43,,43,41,15,13,4,4,0.9,0.8
2024-04-07T1800,2476A,113.0348,25.7759,郴州市,市环保局,,15,14,20,10,16,37,,41,36,18,13,2,2,0.8,0.8
2024-04-07T1800,1431A,103.9728,30.7236,成都市,金泉两河,,36,36,35,16,15,53,,45,45,13,21,1,1,0.4,0.4
2024-04-07T1800,1432A,104.176,30.6872,成都市,十里店,,42,42,31,21,17,51,,64,57,29,22,1,1,0.6,0.5
2024-04-07T1800,1433A,104.079,30.5706,成都市,三瓦窑,,43,40,32,30,17,52,,69,56,30,24,2,2,0.5,0.4
2024-04-07T1800,1434A,104.1114,30.63,成都市,沙河铺,,40,36,34,28,19,43,,61,50,27,17,2,2,0.5,0.4
2024-04-07T1800,1437A,104.0786,30.6531,成都市,君平街,,40,40,32,23,15,55,,67,61,26,22,5,4,0.6,0.6
2024-04-07T1800,1438A,103.613,31.0283,成都市,灵岩寺,,21,17,16,11,12,65,,68,58,10,10,6,10,0.5,0.5
2024-04-07T1800,2880A,104.0239,30.65639,成都市,大石西路,,33,33,34,19,16,50,,64,57,31,23,3,2,0.6,0.5
2024-04-07T1800,3136A,104.2725,30.5589,成都市,龙泉驿区区政府,,25,22,20,17,12,59,,63,62,30,17,2,1,0.6,0.5
2024-04-07T1800,3357A,104.0106,30.6931,成都市,金博路,,29,25,30,20,17,51,,51,49,18,20,1,1,0.5,0.5
2024-04-07T1800,3359A,104.0578,30.5225,成都市,华阳,,39,34,31,27,20,65,,65,60,22,22,2,2,0.5,0.5
2024-04-07T1800,3487A,104.2394,30.5319,成都市,车城东七路,,35,35,33,24,20,65,,64,64,26,22,3,3,0.5,0.5
2024-04-07T1800,3488A,104.3853,30.7453,成都市,青白江技师分院,,22,22,25,11,10,56,,62,58,24,20,2,2,0.5,0.5
2024-04-07T1800,3489A,104.0789,30.4072,成都市,科学城,,33,30,30,23,15,74,,78,69,18,18,5,4,0.5,0.5
2024-04-07T1800,4011A,103.8506,30.6947,成都市,光华大道三段,,32,26,35,22,19,59,,47,47,17,20,1,3,0.5,0.5
2024-04-07T1800,1062A,117.9531,40.9081,承德市,铁路,,32,32,40,10,9,93,,90,90,7,9,11,13,0.2,0.3
2024-04-07T1800,1063A,117.9392,40.9763,承德市,中国银行,,32,21,40,18,8,100,,97,97,10,21,10,11,0.3,0.3
2024-04-07T1800,1064A,117.9503,40.928,承德市,开发区,,39,39,51,19,15,90,,89,89,12,22,10,10,0.2,0.3
2024-04-07T1800,1065A,117.8051,40.9655,承德市,文化中心,,46,46,66,13,12,92,,93,93,11,28,6,15,0.3,0.3
2024-04-07T1800,1066A,117.9268,41.0026,承德市,离宫,,42,42,37,5,11,92,,89,89,2,11,5,5,0.2,0.2
2024-04-07T1800,2314A,117.47,30.6618,池州市,池州学院,,25,17,28,17,24,43,,64,55,33,17,3,3,0.6,0.5
2024-04-07T1800,3237A,117.4918,30.6617,池州市,展览馆,,20,20,21,14,21,34,,62,52,39,13,3,3,0.5,0.5
2024-04-07T1800,3333A,117.5627,30.695,池州市,第八中学,,19,17,31,13,22,42,,58,50,29,12,2,2,0.6,0.6
2024-04-07T1800,3334A,117.5038,30.6243,池州市,第十二中学,,19,18,30,13,23,38,,53,51,30,16,3,3,0.6,0.7
2024-04-07T1800,1744A,118.9233,42.2816,赤峰市,松山一中,,28,28,39,2,8,80,,83,83,17,27,9,10,0.3,0.4
2024-04-07T1800,1745A,118.9576,42.2728,赤峰市,哈达街,,30,30,33,14,7,74,,79,79,22,22,10,11,0.5,0.5
2024-04-07T1800,1746A,118.8788,42.2554,赤峰市,天义路,,24,24,32,6,12,71,,77,77,13,12,5,8,0.4,0.4
2024-04-07T1800,3058A,119.2658,42.0353,赤峰市,银河街,,,37,63,12,22,,,86,86,17,23,11,18,0.4,0.6
2024-04-07T1800,3286A,118.9359,42.3147,赤峰市,桥北物流园区,,43,43,35,22,15,82,,86,86,16,28,4,6,0.5,0.3
2024-04-07T1800,2521A,107.3476,22.4136,崇左市,市环保局江州分局,,19,19,19,7,11,25,,18,18,11,12,7,7,0.8,0.9
2024-04-07T1800,2522A,107.3702,22.3707,崇左市,城南新区,,20,20,22,8,13,30,,21,21,9,14,6,6,0.7,0.8
2024-04-07T1800,2298A,118.3093,32.3153,滁州市,老年大学,,46,36,80,32,61,74,,83,83,39,28,8,10,0.6,0.8
2024-04-07T1800,2299A,118.3244,32.2786,滁州市,人大宾馆,,43,43,88,28,63,78,,84,84,36,31,6,8,0.8,1
2024-04-07T1800,3207A,118.3118,32.3038,滁州市,市政府原办公楼,细颗粒物(PM2.5),53,45,85,37,62,68,,84,84,49,31,8,8,0.7,0.9
2024-04-07T1800,3331A,118.3267,32.2634,滁州市,图书馆,,42,42,86,28,60,74,,82,82,36,31,7,9,0.8,1
2024-04-07T1800,2605A,101.5482,25.0441,楚雄彝族自治州,州环境监测站,,45,45,56,20,39,125,,128,128,5,10,8,9,0.4,0.5
2024-04-07T1800,2606A,101.538,25.0492,楚雄彝族自治州,市经济开发区,,38,37,59,24,39,121,,126,126,6,11,5,6,0.5,0.6
2024-04-07T1800,2548A,107.5277,31.2827,达州市,达州职业技术学院,,23,23,23,5,5,57,,62,62,25,21,5,5,0.7,0.6
2024-04-07T1800,2549A,107.5086,31.2186,达州市,市环境监测站,,25,25,20,9,6,66,,66,66,24,27,5,5,0.6,0.5
2024-04-07T1800,2550A,107.4988,31.2132,达州市,凤凰小区,,34,34,18,7,7,65,,70,70,25,26,6,6,0.7,0.7
2024-04-07T1800,2551A,107.5082,31.1986,达州市,达县机关宾馆,,36,36,19,12,11,52,,64,64,39,30,5,4,0.6,0.5
2024-04-07T1800,2552A,107.4644,31.2124,达州市,市政中心,,30,30,25,9,7,57,,69,69,34,25,8,6,0.7,0.6
2024-04-07T1800,2614A,100.1542,25.7054,大理白族自治州,大理市环境监测站,,38,26,40,23,32,120,,130,120,8,8,7,8,0.6,0.7
2024-04-07T1800,2615A,100.2171,25.5811,大理白族自治州,大理古城,,37,37,45,20,25,117,,131,116,8,5,6,6,0.7,0.7
2024-04-07T1800,1109A,121.612,38.9741,大连市,甘井子,细颗粒物(PM2.5),110,146,118,83,70,97,,104,104,69,36,7,8,0.8,0.8
2024-04-07T1800,1110A,121.565,38.9511,大连市,周水子,细颗粒物(PM2.5),124,,107,94,72,115,,117,117,50,33,10,9,1.2,1
2024-04-07T1800,1111A,121.5637,38.8845,大连市,星海三站,细颗粒物(PM2.5),104,113,102,78,71,124,,109,109,30,25,6,7,0.9,0.8
2024-04-07T1800,1112A,121.6302,38.9117,大连市,青泥洼桥,细颗粒物(PM2.5),115,137,110,87,69,145,,130,130,32,30,12,13,1.1,1
2024-04-07T1800,1113A,121.6251,38.8638,大连市,傅家庄,细颗粒物(PM2.5),79,90,102,58,68,82,,117,115,34,19,10,11,0.9,0.9
2024-04-07T1800,1114A,121.5213,38.8661,大连市,七贤岭,细颗粒物(PM2.5),99,128,110,74,66,136,,117,117,27,26,12,13,0.7,0.7
2024-04-07T1800,1115A,121.2529,38.8061,大连市,旅顺,细颗粒物(PM2.5),109,120,109,82,72,118,,109,109,38,33,11,12,1.0,1
2024-04-07T1800,1116A,121.7485,39.1311,大连市,金州,细颗粒物(PM2.5),137,159,118,104,78,129,,118,118,50,28,15,14,1.1,0.9
2024-04-07T1800,1117A,121.7811,39.0496,大连市,开发区,细颗粒物(PM2.5),98,121,117,73,72,124,,104,104,40,38,7,9,0.5,0.6
2024-04-07T1800,1118A,121.9762,39.0631,大连市,双D港,颗粒物(PM10),67,83,102,44,69,107,,114,114,17,26,8,11,0.8,0.9
2024-04-07T1800,1789A,124.81117,46.03138,大庆市,大同区,颗粒物(PM10),98,145,63,33,27,76,,86,85,8,9,7,7,0.3,0.4
2024-04-07T1800,1790A,125.129,46.533,大庆市,龙凤区,,38,30,54,26,20,80,,88,87,7,13,4,5,0.2,0.3
2024-04-07T1800,1791A,124.902,46.408,大庆市,红岗区,颗粒物(PM10),71,91,57,31,17,81,,85,85,6,7,5,6,0.4,0.4
2024-04-07T1800,1792A,125.153,46.586,大庆市,萨尔图区,,39,39,58,19,18,78,,86,86,5,9,5,6,0.2,0.2
2024-04-07T1800,1793A,124.9042,46.6215,大庆市,让胡路区,颗粒物(PM10),71,91,66,30,25,77,,88,87,5,9,6,7,0.3,0.4
2024-04-07T1800,3481A,125.141,46.634,大庆市,萨区政府监测点,,38,38,46,13,17,80,,89,88,3,9,6,7,0.2,0.3
2024-04-07T1800,1721A,113.3819,40.1097,大同市,果树场,,,,,,,,,,,,,,,,
2024-04-07T1800,1723A,113.2994,40.0758,大同市,云冈宾馆,,38,38,46,14,15,121,,106,106,15,24,6,12,0.1,0.4
2024-04-07T1800,1724A,113.3444,40.0917,大同市,大同大学,,39,34,45,16,16,122,,104,104,9,21,15,21,0.3,0.5
2024-04-07T1800,1725A,113.2661,40.1269,大同市,安家小村,,40,40,58,18,16,114,,100,100,11,18,14,19,0.2,0.7
2024-04-07T1800,1726A,113.2711,40.0844,大同市,教育学院,,45,45,53,20,16,118,,101,101,16,27,10,16,0.4,0.7
2024-04-07T1800,3282A,113.3397,40.0597,大同市,大同市卫生学校,颗粒物(PM10),51,51,52,20,15,116,,102,102,19,26,7,14,0.3,0.5
2024-04-07T1800,3565A,113.1367,40.1122,大同市,云冈站,,48,48,48,15,16,122,,106,106,14,29,9,17,0.3,0.5
2024-04-07T1800,3566A,113.1186,40.2556,大同市,图书馆,,37,37,33,17,14,114,,108,108,17,16,15,13,0.4,0.6
2024-04-07T1800,3567A,113.5931,40.0461,大同市,区一中,,36,34,46,6,18,113,,100,100,9,12,7,6,0.3,0.4
2024-04-07T1800,3676A,113.2802,40.0995,大同市,第二人民医院,,42,42,54,16,16,121,,105,105,14,23,10,14,0.4,0.7
2024-04-07T1800,2269A,124.1069,50.4097,大兴安岭地区,科技局,,23,20,18,16,16,72,,75,75,3,4,4,4,0.2,0.2
2024-04-07T1800,3663A,124.1164,50.4278,大兴安岭地区,红旗社区,,24,9,8,2,4,76,,81,80,2,4,4,5,0.4,0.4
2024-04-07T1800,1600A,124.3303,40.0625,丹东市,江湾东路,细颗粒物(PM2.5),68,71,93,49,67,106,,127,127,22,22,28,13,0.6,0.9
2024-04-07T1800,1601A,124.4256,40.1503,丹东市,临江后街,颗粒物(PM10),62,74,104,38,64,119,,141,141,12,24,13,15,0.7,0.9
2024-04-07T1800,1602A,124.3933,40.1461,丹东市,元宝山,颗粒物(PM10),59,68,96,32,58,112,,130,129,25,27,10,11,0.8,1
2024-04-07T1800,1603A,124.3633,40.1092,丹东市,民主桥,颗粒物(PM10),63,75,95,39,56,108,,127,127,19,26,15,14,0.7,0.9
2024-04-07T1800,3541A,109.5726,19.5167,儋州市,第一中学子站,,39,39,37,24,27,92,,79,79,5,6,9,9,0.5,0.6
2024-04-07T1800,3542A,109.5567,19.5187,儋州市,东坡学校子站,,38,37,38,26,26,95,,81,81,6,8,9,9,0.6,0.6
2024-04-07T1800,2616A,98.5842,24.428,德宏傣族景颇族自治州,德宏州监测站,颗粒物(PM10),61,72,89,19,45,136,,132,132,12,29,2,5,0.3,0.6
2024-04-07T1800,3677A,98.5881,24.4368,德宏傣族景颇族自治州,芒市人民政府综合楼,颗粒物(PM10),60,69,85,34,52,134,,131,131,13,21,5,6,0.3,0.7
2024-04-07T1800,1901A,104.4239,31.1208,德阳市,东山公园,,35,31,21,24,15,48,,62,56,32,17,2,1,0.5,0.4
2024-04-07T1800,1902A,104.3826,31.1317,德阳市,西小区,,50,50,37,25,19,61,,64,58,28,24,2,2,0.4,0.4
2024-04-07T1800,1904A,104.3553,31.1091,德阳市,耐火材料厂,,43,43,35,23,18,68,,64,64,18,21,2,2,0.4,0.4
2024-04-07T1800,3639A,104.4019,31.1244,德阳市,市教育局,,41,41,31,24,16,53,,62,57,30,20,2,2,0.4,0.4
2024-04-07T1800,1622A,116.3032,37.4674,德州市,儿童乐园,细颗粒物(PM2.5),79,75,84,58,53,145,,140,140,14,18,10,11,0.7,0.7
2024-04-07T1800,1624A,116.2991,37.4451,德州市,监理站,颗粒物(PM10),60,70,84,34,45,144,,143,143,15,19,10,10,0.5,0.5
2024-04-07T1800,3066A,116.2721,37.4379,德州市,九衢泉纯净水厂,颗粒物(PM10),65,80,88,31,40,132,,134,134,16,23,9,9,0.5,0.6
2024-04-07T1800,3371A,116.3728,37.4403,德州市,开发区人民医院,细颗粒物(PM2.5),83,73,90,61,45,143,,140,140,14,18,10,12,0.5,0.5
2024-04-07T1800,3372A,116.3572,37.4094,德州市,太阳城中学,颗粒物(PM10),59,68,86,31,46,136,,137,137,10,19,9,10,0.4,0.6
2024-04-07T1800,3511A,116.5652,37.3319,德州市,陵城艺术中心,颗粒物(PM10),57,63,77,24,36,132,,127,127,18,23,6,9,0.6,0.7
2024-04-07T1800,2621A,99.7056,27.8317,迪庆藏族自治州,迪庆州站,,36,28,24,15,16,113,,112,112,10,9,9,9,0.2,0.3
2024-04-07T1800,3180A,99.7136,27.8094,迪庆藏族自治州,质量技术监督局,,39,39,22,19,10,114,,108,108,9,9,6,6,0.3,0.5
2024-04-07T1800,2663A,104.6241,35.5734,定西市,东关小学,,,27,56,12,26,124,,119,119,7,21,3,4,,0.4
2024-04-07T1800,2664A,104.6194,35.5934,定西市,供电公司,,39,28,48,23,30,122,,115,115,8,25,10,5,0.1,0.2
2024-04-07T1800,1389A,113.7547,23.0494,东莞市,莞城梨川,,13,13,19,6,13,14,,24,14,26,25,7,8,0.9,0.8
2024-04-07T1800,1390A,113.7944,23.0128,东莞市,东城石井,,15,10,24,6,15,9,,14,10,29,30,7,7,0.7,0.7
2024-04-07T1800,1391A,113.7383,22.9658,东莞市,南城西平,,17,7,20,6,14,7,,15,10,33,33,3,3,0.7,0.7
2024-04-07T1800,3319A,113.7338,23.0381,东莞市,万江金泰,,13,8,21,6,14,7,,19,7,26,25,10,10,0.5,0.5
2024-04-07T1800,3626A,113.7533,23.0202,东莞市,南城元岭,,13,9,20,5,14,10,,20,11,26,26,7,7,0.9,0.8
2024-04-07T1800,3627A,113.7875,23.0457,东莞市,东城主山,,13,10,19,6,14,10,,18,11,26,26,8,8,0.7,0.7
2024-04-07T1800,1666A,118.6614,37.4309,东营市,市环保局,臭氧1小时,102,66,89,29,44,203,,188,188,19,35,13,21,0.4,0.5
2024-04-07T1800,3036A,118.6904,37.4338,东营市,开发区管委会,臭氧1小时,80,67,83,36,46,184,,174,174,36,45,9,16,0.5,0.6
2024-04-07T1800,3365A,118.5719,37.565,东营市,垦利区民丰路,臭氧1小时,74,61,80,19,37,179,,171,171,24,37,11,15,0.5,0.7
2024-04-07T1800,3498A,118.5055,37.8612,东营市,河口城区,细颗粒物(PM2.5),104,141,95,78,61,166,,160,160,15,24,10,11,0.9,0.5
2024-04-07T1800,3646A,118.4978,37.4623,东营市,胜利站,颗粒物(PM10),62,74,82,22,40,162,,169,169,28,38,12,20,0.5,0.7
2024-04-07T1800,3734A,118.35,37.26,东营市,理想之城,臭氧1小时,62,61,91,29,43,169,,165,165,20,41,18,21,0.7,0.8
2024-04-07T1800,1591A,110.0023,39.8129,鄂尔多斯市,综合楼,颗粒物(PM10),131,212,70,29,17,130,,113,113,18,30,9,9,0.5,0.5
2024-04-07T1800,1592A,109.9486,39.8261,鄂尔多斯市,巴音孟克林场办事处,颗粒物(PM10),115,180,65,29,21,126,,111,111,15,40,15,11,0.6,0.6
2024-04-07T1800,1593A,109.7736,39.5986,鄂尔多斯市,康泽苑,颗粒物(PM10),51,51,50,17,17,135,,117,117,9,22,4,7,0.5,0.6
2024-04-07T1800,1594A,109.8119,39.5989,鄂尔多斯市,华泰汽车城,颗粒物(PM10),57,63,52,27,21,120,,108,108,14,38,8,9,0.4,0.5
2024-04-07T1800,1595A,109.9734,39.7884,鄂尔多斯市,奥林花园,颗粒物(PM10),106,161,75,29,23,125,,111,111,17,46,9,10,0.6,0.7
2024-04-07T1800,2436A,114.8938,30.3994,鄂州市,市政府,细颗粒物(PM2.5),74,84,76,54,48,59,,70,62,33,26,8,10,1.1,1
2024-04-07T1800,2437A,114.8989,30.3714,鄂州市,赵家坝,细颗粒物(PM2.5),77,75,69,56,49,61,,71,63,28,20,7,8,1.3,1.2
2024-04-07T1800,3654A,114.8094,30.4089,鄂州市,精准医疗中心,细颗粒物(PM2.5),77,85,92,56,54,57,,68,67,42,25,7,9,2.2,1.2
2024-04-07T1800,2454A,109.4978,30.2981,恩施土家族苗族自治州,湖北民院,,23,23,26,13,12,73,,84,84,17,15,10,9,0.7,0.7
2024-04-07T1800,2455A,109.4707,30.2798,恩施土家族苗族自治州,州电力总公司,,24,12,16,10,10,74,,80,80,10,16,6,6,0.4,0.5
2024-04-07T1800,3549A,109.5061,30.3772,恩施土家族苗族自治州,龙凤新区,,,12,16,7,11,,,80,80,9,10,7,7,0.7,0.8
2024-04-07T1800,2499A,108.3411,21.6158,防城港市,沙万,,24,24,26,10,18,27,,27,27,15,14,4,3,0.8,0.8
2024-04-07T1800,2500A,108.3514,21.7731,防城港市,防城档案局,,23,23,35,13,21,27,,22,22,14,16,4,4,0.8,0.8
2024-04-07T1800,2501A,108.3506,21.6414,防城港市,大海花园,,21,21,26,9,14,24,,22,22,13,13,5,4,0.9,0.9
2024-04-07T1800,1371A,113.1294,23.0067,佛山市,湾梁,,17,12,17,8,10,6,,6,6,33,33,10,10,0.8,0.7
2024-04-07T1800,1372A,113.1083,23.0478,佛山市,华材职中,,20,14,19,8,10,5,,6,5,39,37,7,6,0.7,0.7
2024-04-07T1800,1373A,113.144,23.0453,佛山市,南海气象局,,17,,16,9,9,3,,3,3,33,32,6,6,0.9,0.8
2024-04-07T1800,1374A,113.2881,22.8094,佛山市,顺德苏岗,,18,16,17,7,12,0,,5,3,35,36,4,4,0.9,0.8
2024-04-07T1800,1376A,112.8383,22.8678,佛山市,高明孔堂,,26,26,32,12,15,9,,10,8,38,31,10,8,0.9,0.9
2024-04-07T1800,1377A,112.8836,23.1588,佛山市,三水监测站,,19,19,11,11,8,6,,12,8,26,21,7,6,0.9,0.7
2024-04-07T1800,1378A,112.867,23.185,佛山市,三水云东海,,13,10,14,9,9,8,,16,9,26,23,5,5,0.7,0.7
2024-04-07T1800,3625A,113.2544,22.7642,佛山市,容桂街道办,,19,12,24,7,12,4,,8,7,37,40,6,6,0.9,0.8
2024-04-07T1800,1280A,119.3903,26.0543,福州市,鼓山,,,,,,,,,,,,,,,,
2024-04-07T1800,1282A,119.2681,26.0504,福州市,师大,,23,23,17,16,13,57,,76,59,26,18,4,3,0.5,0.5
2024-04-07T1800,1283A,119.2984,26.1028,福州市,五四北路,,29,25,18,20,16,54,,73,50,32,25,3,3,0.5,0.4
2024-04-07T1800,1284A,119.2648,26.0768,福州市,杨桥西路,,25,24,18,17,13,60,,79,60,27,18,4,3,0.5,0.5
2024-04-07T1800,1285A,119.317,26.0746,福州市,紫阳,,27,27,18,18,12,57,,78,57,27,20,4,3,0.6,0.5
2024-04-07T1800,3048A,119.5799,26.0936,福州市,九龙,,22,14,12,6,4,69,,94,81,8,9,3,3,0.4,0.4
2024-04-07T1800,3526A,119.5189,25.9664,福州市,吴航,,25,14,10,10,7,78,,85,80,12,10,3,3,0.4,0.4
2024-04-07T1800,1755A,123.7977,41.8491,抚顺市,望花区,颗粒物(PM10),60,69,144,26,94,123,,145,144,21,30,11,18,0.5,1.1
2024-04-07T1800,1756A,123.9161,41.8822,抚顺市,顺城区,颗粒物(PM10),55,60,140,22,88,126,,155,152,34,38,9,12,0.5,1.1
2024-04-07T1800,1757A,124.0436,41.8611,抚顺市,东洲区,颗粒物(PM10),53,55,120,23,85,124,,138,138,18,21,8,11,0.5,1
2024-04-07T1800,1758A,123.9247,41.8642,抚顺市,新抚区,颗粒物(PM10),60,70,114,22,83,138,,155,153,20,30,10,13,0.6,1.3
2024-04-07T1800,1759A,124.0972,41.8961,抚顺市,大伙房水库,颗粒物(PM10),57,63,120,21,76,141,,159,157,15,20,14,12,0.5,1
2024-04-07T1800,1760A,123.7086,41.8391,抚顺市,沈抚新城,颗粒物(PM10),60,69,129,17,84,128,,147,145,17,28,7,11,0.4,1
2024-04-07T1800,2376A,116.2127,28.0814,抚州市,桐源党溪,,,,37,,23,,,71,,,5,,4,,1.0
2024-04-07T1800,2377A,116.3544,27.9831,抚州市,市站,,22,22,32,13,23,56,,62,49,11,10,2,1,0.7,0.7
2024-04-07T1800,2378A,116.3565,27.963,抚州市,血防站,,27,27,35,13,21,57,,67,52,17,13,3,3,1.0,0.9
2024-04-07T1800,2379A,116.3564,28.0007,抚州市,采茶剧团,,19,19,32,13,23,59,,66,51,12,11,4,4,0.7,0.7
2024-04-07T1800,2380A,116.385,27.9647,抚州市,医学分院,,26,26,32,11,19,38,,60,47,31,14,8,10,0.8,0.7
2024-04-07T1800,2207A,121.6094,41.998,阜新市,工业园区,颗粒物(PM10),62,73,94,14,24,95,,108,108,16,31,7,11,0.6,0.8
2024-04-07T1800,2208A,121.6697,42.0279,阜新市,长青街,颗粒物(PM10),63,76,82,22,35,93,,108,108,19,33,6,15,0.6,0.9
2024-04-07T1800,2209A,121.6673,42.0705,阜新市,农业园区,颗粒物(PM10),58,65,69,9,15,93,,106,106,14,17,5,19,0.3,0.5
2024-04-07T1800,2210A,121.6717,42.0224,阜新市,东苑,颗粒物(PM10),57,63,88,14,33,92,,107,107,20,34,6,25,0.5,1.1
2024-04-07T1800,2211A,121.6506,42.0498,阜新市,玉龙新城,颗粒物(PM10),52,54,76,14,20,90,,107,107,16,32,7,10,0.5,0.8
2024-04-07T1800,2301A,115.8277,32.8929,阜阳市,市监测站,细颗粒物(PM2.5),70,85,73,51,48,107,,110,110,21,27,8,10,0.6,0.4
2024-04-07T1800,2303A,115.8554,32.8605,阜阳市,开发区,细颗粒物(PM2.5),93,77,82,69,51,93,,102,102,29,29,8,9,0.5,0.5
2024-04-07T1800,2875A,115.784,32.8892,阜阳市,阜阳职业技术学院,细颗粒物(PM2.5),72,78,72,52,46,113,,113,113,19,25,6,9,0.6,0.5
2024-04-07T1800,3468A,115.7901,32.8613,阜阳市,市规划展馆,细颗粒物(PM2.5),68,69,66,49,46,112,,114,114,18,24,7,10,0.6,0.5
2024-04-07T1800,3469A,115.836,32.9183,阜阳市,枣园社区,细颗粒物(PM2.5),75,65,59,55,44,101,,110,110,26,31,9,11,0.6,0.5
2024-04-07T1800,2669A,102.9099,34.9841,甘南藏族自治州,州政府,,33,24,18,17,18,105,,88,88,4,10,11,12,0.3,0.4
2024-04-07T1800,3380A,102.8914,34.9617,甘南藏族自治州,甘肃民族师范学院,,35,31,10,16,7,109,,89,89,2,10,8,9,0.4,0.5
2024-04-07T1800,2570A,101.9603,30.0475,甘孜藏族自治州,水桥子,,22,13,6,2,5,18,,42,33,43,20,11,11,0.6,0.4
2024-04-07T1800,3065A,101.9533,29.9972,甘孜藏族自治州,州环保局,,22,11,9,1,6,16,,39,27,43,24,9,8,0.4,0.4
2024-04-07T1800,3414A,115.8347,28.932,赣江新区,桑海产业园,,41,41,54,27,39,92,,86,81,20,20,6,8,0.4,0.5
2024-04-07T1800,2362A,114.9017,25.9149,赣州市,通天岩,,,,,,,,,,,,,,,,
2024-04-07T1800,2363A,114.9367,25.8664,赣州市,地委,,20,19,15,14,12,46,,44,44,13,10,4,5,1.2,1.1
2024-04-07T1800,2364A,114.9461,25.8481,赣州市,气象台,,26,,21,18,14,46,,46,46,20,12,5,6,0.9,0.8
2024-04-07T1800,2365A,114.9322,25.8333,赣州市,市图书馆,,,20,15,18,10,,,45,45,11,10,30,18,,0.9
2024-04-07T1800,2366A,114.8905,25.8471,赣州市,华坚鞋城,,,17,18,10,12,55,,44,44,,9,,16,,1
2024-04-07T1800,3109A,115.0093,25.8613,赣州市,赣县区卫计委,,15,11,9,7,9,46,,47,39,13,11,8,8,0.7,0.8
2024-04-07T1800,2683A,106.2319,36.1417,固原市,马园,,47,47,49,15,19,97,,101,101,20,31,5,5,0.6,0.7
2024-04-07T1800,2684A,106.2792,36.0022,固原市,监测站,,44,44,42,23,23,104,,107,107,12,18,5,5,0.5,0.6
2024-04-07T1800,2685A,106.2375,36.0211,固原市,新区,,37,37,44,20,20,100,,102,102,13,13,4,13,0.5,0.5
2024-04-07T1800,3522A,106.2177,35.9959,固原市,原州区十五小,,38,38,42,20,22,112,,115,115,10,16,7,7,0.3,0.3
2024-04-07T1800,2543A,106.6308,30.5278,广安市,小平旧居,,,,,,,,,,,,,,,,
2024-04-07T1800,2544A,106.6303,30.4576,广安市,市委,,23,23,20,16,12,54,,60,60,13,11,4,4,0.7,0.7
2024-04-07T1800,2545A,106.6271,30.4663,广安市,友谊中学,,23,,28,16,14,55,,61,61,19,14,4,4,0.7,0.6
2024-04-07T1800,2547A,106.6388,30.4551,广安市,广电花园,,26,,18,18,13,47,,57,57,18,12,7,6,0.8,0.7
2024-04-07T1800,2902A,106.6351,30.4865,广安市,北辰小学,,23,23,21,14,13,54,,60,60,15,11,4,4,0.5,0.5
2024-04-07T1800,2523A,105.8945,32.4535,广元市,黑石坡,颗粒物(PM10),66,81,26,7,12,89,,72,72,6,10,6,6,0.2,0.3
2024-04-07T1800,2524A,105.821,32.4444,广元市,老城,,,18,35,7,15,75,,66,66,12,28,8,7,,0.6
2024-04-07T1800,2526A,105.8628,32.4287,广元市,监测站,,36,36,27,14,15,78,,68,68,12,13,7,7,0.6,0.6
2024-04-07T1800,3617A,105.8047,32.4166,广元市,经开区,,26,26,35,12,19,81,,74,74,10,21,4,6,0.5,0.6
2024-04-07T1800,1345A,113.2347,23.1423,广州市,广雅中学,,21,14,15,8,9,4,,4,4,42,43,4,4,1.0,0.8
2024-04-07T1800,1346A,113.2612,23.105,广州市,市五中,,16,14,16,9,13,8,,11,8,31,32,7,6,1.0,0.8
2024-04-07T1800,1348A,113.3478,23.0916,广州市,广东商学院,,9,9,17,5,12,3,,4,4,18,35,4,4,0.8,0.7
2024-04-07T1800,1349A,113.4332,23.1047,广州市,市八十六中,,17,10,17,5,11,4,,6,5,33,33,4,5,0.7,0.6
2024-04-07T1800,1350A,113.3505,22.9483,广州市,番禺中学,,22,14,20,6,10,5,,10,6,44,41,3,3,0.8,0.8
2024-04-07T1800,1351A,113.2146,23.3916,广州市,花都师范,,15,9,9,5,4,7,,19,9,29,22,5,5,0.8,0.7
2024-04-07T1800,1352A,113.2597,23.1331,广州市,市监测站,,17,13,16,7,9,3,,5,4,33,35,5,5,0.8,0.7
2024-04-07T1800,1353A,113.5618,23.312,广州市,九龙镇镇龙,,12,10,8,6,5,6,,20,8,23,17,5,5,0.7,0.5
2024-04-07T1800,1354A,113.2765,23.1544,广州市,麓湖,,13,10,14,6,10,3,,4,3,26,28,4,4,0.9,0.8
2024-04-07T1800,1355A,113.443,23.3035,广州市,帽峰山森林公园,,9,5,7,2,2,15,,28,15,17,13,3,3,0.6,0.4
2024-04-07T1800,2846A,113.3221,23.1322,广州市,体育西,,12,11,16,7,13,6,,8,6,24,24,7,7,1.0,0.8
2024-04-07T1800,3298A,113.5717,23.5491,广州市,从化街口,,12,7,11,4,7,8,,10,10,24,27,6,7,0.9,0.8
2024-04-07T1800,3299A,113.3472,23.3692,广州市,白云竹料,,11,5,7,3,5,14,,14,13,21,22,5,5,0.8,0.6
2024-04-07T1800,3300A,113.2981,23.237,广州市,白云嘉禾,,18,10,13,4,7,7,,10,5,35,34,4,4,0.9,0.8
2024-04-07T1800,3301A,113.4256,23.1716,广州市,黄埔科学城,,13,4,12,2,8,7,,15,5,26,22,3,3,0.9,0.8
2024-04-07T1800,3302A,113.3942,23.0483,广州市,番禺大学城,,17,17,20,6,12,3,,6,4,33,35,1,2,0.6,0.5
2024-04-07T1800,3303A,113.4922,22.8168,广州市,南沙黄阁,,25,24,30,10,18,4,,9,6,49,43,6,6,1.0,0.8
2024-04-07T1800,3304A,113.5342,22.7896,广州市,南沙街,,32,32,23,18,16,2,,12,10,49,37,9,7,0.9,0.7
2024-04-07T1800,3443A,113.2902,23.5544,广州市,花都梯面,,8,4,4,2,3,21,,18,18,12,19,5,6,0.8,0.9
2024-04-07T1800,3445A,113.7858,23.7478,广州市,从化良口,,8,2,2,0,1,19,,24,22,12,11,4,4,0.8,0.7
2024-04-07T1800,3446A,113.8051,23.2614,广州市,增城荔城,,7,3,5,2,4,21,,28,20,14,12,5,5,0.6,0.4
2024-04-07T1800,2505A,109.568,23.1478,贵港市,德智高中,,11,11,8,6,8,29,,32,32,14,14,4,4,0.8,0.8
2024-04-07T1800,2506A,109.6047,23.0666,贵港市,江南子站,,9,9,9,6,9,25,,28,28,17,15,6,6,0.9,0.9
2024-04-07T1800,2507A,109.6014,23.0948,贵港市,贵城子站,,24,24,16,8,8,20,,23,23,16,14,6,6,1.0,1
2024-04-07T1800,2508A,109.5669,23.1065,贵港市,荷城子站,,17,17,10,0,3,24,,28,28,12,11,9,9,0.7,0.7
2024-04-07T1800,3405A,109.5886,23.1172,贵港市,新世纪学校,,17,17,10,7,5,25,,28,28,10,10,6,6,0.9,0.9
2024-04-07T1800,1439A,106.6899,26.5998,贵阳市,马鞍山,,18,17,11,7,2,56,,52,52,7,7,6,6,0.5,0.5
2024-04-07T1800,1440A,106.6971,26.5694,贵阳市,市环保站,,28,22,22,19,9,62,,60,60,11,12,2,2,0.4,0.4
2024-04-07T1800,1441A,106.6243,26.6266,贵阳市,鉴湖路,,22,22,20,9,8,58,,52,52,8,8,3,3,0.5,0.5
2024-04-07T1800,1442A,106.7487,26.6343,贵阳市,燕子冲,,,,8,14,6,61,,53,53,8,6,7,6,0.6,0.6
2024-04-07T1800,1443A,106.6555,26.4365,贵阳市,碧云窝,,31,31,21,14,7,63,,60,60,11,10,6,5,0.5,0.5
2024-04-07T1800,1444A,106.694,26.5161,贵阳市,中院村,,27,27,17,17,7,50,,49,49,16,13,8,8,0.5,0.5
2024-04-07T1800,1445A,106.7109,26.6027,贵阳市,红边门,,29,29,14,17,10,55,,56,56,10,8,4,4,0.5,0.5
2024-04-07T1800,1446A,106.7164,26.5699,贵阳市,新华路,,27,27,14,17,7,66,,64,64,10,8,2,2,0.5,0.6
2024-04-07T1800,1447A,106.674,26.5424,贵阳市,太慈桥,,20,19,11,12,5,64,,60,60,10,10,6,6,0.5,0.5
2024-04-07T1800,1552A,106.805,26.3003,贵阳市,桐木岭,,,,,,,,,,,,,,,,
2024-04-07T1800,1862A,110.4144,25.3167,桂林市,电子科大尧山校区,,23,10,9,10,6,73,,74,73,7,6,3,4,0.7,0.7
2024-04-07T1800,1863A,110.2819,25.2697,桂林市,监测站,,22,20,12,15,12,48,,64,56,16,12,25,9,0.9,0.9
2024-04-07T1800,1864A,110.3089,25.2708,桂林市,龙隐路小学,,16,15,10,11,10,50,,63,59,10,9,18,9,0.7,0.7
2024-04-07T1800,1865A,110.2869,25.2178,桂林市,八中,,15,15,12,8,8,46,,59,54,16,12,10,7,0.9,0.9
2024-04-07T1800,3403A,110.1764,25.2381,桂林市,创业大厦,,20,14,12,9,10,63,,60,60,6,8,6,7,0.6,0.7
2024-04-07T1800,3531A,110.296,25.1253,桂林市,旅游学院,,15,7,6,5,6,46,,55,54,12,12,7,6,0.7,0.7
2024-04-07T1800,2674A,100.2561,34.4714,果洛藏族自治州,玛沁县大武镇,,38,28,20,15,14,120,,115,115,18,17,11,12,0.4,0.5
2024-04-07T1800,1129A,126.5422,45.755,哈尔滨市,岭北,,45,45,32,15,14,87,,106,105,12,14,6,9,0.4,0.6
2024-04-07T1800,1130A,126.561,45.8167,哈尔滨市,松北商大,颗粒物(PM10),68,86,34,18,13,82,,103,102,15,9,6,5,0.4,0.4
2024-04-07T1800,1131A,126.979,45.5419,哈尔滨市,阿城会宁,颗粒物(PM10),72,94,47,34,16,98,,103,103,19,14,12,9,0.4,0.4
2024-04-07T1800,1132A,126.599,45.7222,哈尔滨市,南岗学府路,颗粒物(PM10),55,60,42,11,13,78,,94,94,14,14,7,9,0.5,0.4
2024-04-07T1800,1133A,126.689,45.7733,哈尔滨市,太平宏伟公园,颗粒物(PM10),61,72,42,24,16,87,,104,104,17,14,5,6,0.4,0.4
2024-04-07T1800,1134A,126.635,45.7667,哈尔滨市,道外承德广场,颗粒物(PM10),59,67,35,27,21,85,,97,97,14,18,8,9,0.4,0.4
2024-04-07T1800,1135A,126.685,45.7319,哈尔滨市,香坊红旗大街,颗粒物(PM10),70,90,43,26,16,87,,101,101,10,8,4,5,0.5,0.4
2024-04-07T1800,1136A,126.6411,45.7258,哈尔滨市,动力和平路,颗粒物(PM10),128,205,44,22,15,88,,105,105,10,10,5,6,0.5,0.5
2024-04-07T1800,1137A,126.593,45.7478,哈尔滨市,道里建国路,,,,36,,21,81,,97,96,3,9,8,10,0.3,0.7
2024-04-07T1800,1138A,126.615,45.61,哈尔滨市,平房东轻厂,颗粒物(PM10),74,97,47,25,19,85,,101,100,13,13,5,6,0.3,0.3
2024-04-07T1800,1139A,126.595,45.9855,哈尔滨市,呼兰师专,颗粒物(PM10),61,71,43,37,16,70,,94,93,20,15,7,7,0.4,0.4
2024-04-07T1800,1140A,126.6206,45.6842,哈尔滨市,省农科院,颗粒物(PM10),64,77,45,26,20,90,,106,106,17,16,5,6,0.4,0.4
2024-04-07T1800,2688A,93.5128,42.8172,哈密市,地区监测站,,38,24,43,15,16,121,,115,115,6,19,3,5,0.2,0.3
2024-04-07T1800,2689A,93.4961,42.8328,哈密市,哈密师范学校,,37,,43,18,19,118,,110,110,7,18,5,6,0.2,0.4
2024-04-07T1800,2671A,100.9048,36.9639,海北藏族自治州,海晏县西海镇,,35,30,32,13,22,111,,106,106,5,13,14,14,0.4,0.5
2024-04-07T1800,3867A,102.0738,36.5056,海东市,平安区公安北苑,,42,23,29,12,19,132,,108,108,7,15,8,9,0.5,0.7
2024-04-07T1800,1409A,110.576,19.9507,海口市,东寨港,,,,,,,,,,,,,,,,
2024-04-07T1800,1410A,110.3232,20.0574,海口市,海南大学,,33,31,31,23,22,81,,69,69,16,8,8,7,0.3,0.2
2024-04-07T1800,1411A,110.283,20.0053,海口市,秀英海南医院,,35,30,32,24,23,80,,65,65,13,10,6,5,0.3,0.3
2024-04-07T1800,1412A,110.338,19.9969,海口市,海南师范大学,,32,28,31,22,22,81,,70,70,9,4,6,5,0.4,0.3
2024-04-07T1800,1413A,110.33,20.0356,海口市,龙华路环保局宿舍,,30,30,31,21,22,88,,70,70,8,7,9,8,0.4,0.3
2024-04-07T1800,3539A,110.5111,19.9736,海口市,桂林洋子站,,,46,36,27,24,,,61,61,9,4,8,7,0.2,0.2
2024-04-07T1800,2673A,100.6188,36.2866,海南藏族自治州,共和县恰卜恰镇,,39,17,22,11,13,124,,110,110,5,13,9,11,0.6,0.6
2024-04-07T1800,2676A,97.3731,37.3753,海西蒙古族藏族自治州,德令哈市,,43,43,46,14,16,114,,112,112,14,10,13,13,0.6,0.5
2024-04-07T1800,1048A,114.5302,36.6116,邯郸市,东污水处理厂,细颗粒物(PM2.5),64,74,86,46,63,130,,141,139,9,22,7,8,0.4,0.6
2024-04-07T1800,1049A,114.4918,36.5713,邯郸市,矿院,颗粒物(PM10),67,84,90,31,56,123,,131,131,6,20,8,9,0.7,0.9
2024-04-07T1800,1050A,114.484,36.6133,邯郸市,丛台公园,颗粒物(PM10),56,62,83,19,35,127,,141,141,9,21,6,9,0.4,0.6
2024-04-07T1800,3458A,114.7895,36.5593,邯郸市,香泉濮院小区,颗粒物(PM10),72,93,73,28,44,127,,126,126,8,12,7,8,0.1,0.3
2024-04-07T1800,3579A,114.50634,36.77178,邯郸市,永年区实验高中,颗粒物(PM10),79,108,134,54,80,157,,156,156,14,28,7,11,0.4,0.7
2024-04-07T1800,3580A,114.20016,36.44293,邯郸市,峰峰矿区临水派出所,颗粒物(PM10),68,85,110,32,57,128,,157,157,6,17,8,16,0.8,1.4
2024-04-07T1800,2634A,106.9893,33.1842,汉中市,汉川机床厂子校,,30,28,37,17,23,93,,80,80,12,17,17,9,0.5,0.5
2024-04-07T1800,2635A,107.0154,33.0706,汉中市,市监测站,,42,42,41,22,23,86,,86,86,18,16,21,8,1.0,0.7
2024-04-07T1800,2636A,107.0089,33.1138,汉中市,鑫源开发区,,40,40,52,16,27,89,,82,82,16,27,21,12,0.8,0.6
2024-04-07T1800,2637A,107.007,33.0323,汉中市,南郑大河坎水厂,,28,28,39,16,21,89,,88,88,12,13,14,8,0.7,0.6
2024-04-07T1800,1223A,120.2072,30.2111,杭州市,滨江,,48,48,41,29,22,79,,75,75,36,35,4,4,0.6,0.6
2024-04-07T1800,1224A,120.0633,30.2747,杭州市,西溪,,35,33,37,24,25,73,,74,74,31,29,6,6,0.6,0.7
2024-04-07T1800,1226A,120.3461,30.3153,杭州市,下沙,,39,39,40,22,23,85,,94,94,39,33,5,5,0.6,0.7
2024-04-07T1800,1227A,120.1269,30.2456,杭州市,卧龙桥,,35,32,34,24,26,92,,90,90,26,27,4,4,0.5,0.6
2024-04-07T1800,1228A,120.1903,30.2692,杭州市,浙江农大,,33,30,29,23,21,85,,86,86,29,33,5,5,0.6,0.6
2024-04-07T1800,1230A,120.1197,30.3119,杭州市,和睦小学,,46,46,50,20,23,86,,82,82,25,30,6,6,0.6,0.7
2024-04-07T1800,1231A,120.3019,30.4183,杭州市,临平镇,,45,44,43,31,36,87,,96,96,20,17,4,4,0.5,0.5
2024-04-07T1800,1232A,120.2697,30.1819,杭州市,城厢镇,,45,39,35,31,27,77,,78,78,42,41,5,5,0.7,0.7
2024-04-07T1800,1233A,120.0883,30.1808,杭州市,云栖,,39,39,40,25,23,77,,74,74,36,31,5,5,0.6,0.7
2024-04-07T1800,3557A,119.9464,30.0494,杭州市,镇二中,,35,30,28,24,22,59,,65,64,25,18,6,6,0.7,0.7
2024-04-07T1800,3558A,119.7183,30.2367,杭州市,市府大楼,,26,25,31,18,25,72,,74,74,31,27,5,5,0.6,0.6
2024-04-07T1800,3656A,120.1556,30.2864,杭州市,消防大队,,33,33,36,23,23,86,,85,85,32,35,7,7,0.7,0.7
2024-04-07T1800,1270A,117.1959,31.7848,合肥市,明珠广场,,32,31,51,22,37,49,,65,64,41,29,6,11,0.7,0.7
2024-04-07T1800,1271A,117.3072,31.8764,合肥市,三里街,,32,29,58,22,37,58,,67,67,35,28,5,7,0.5,0.7
2024-04-07T1800,1272A,117.2588,31.8707,合肥市,琥珀山庄,,24,24,54,9,28,76,,76,76,23,23,3,5,0.4,0.6
2024-04-07T1800,1273A,117.1604,31.9052,合肥市,董铺水库,,34,34,59,17,31,80,,80,80,22,21,1,2,0.4,0.5
2024-04-07T1800,1274A,117.25,31.8571,合肥市,长江中路,,30,24,57,21,41,75,,71,71,23,25,5,7,0.8,0.8
2024-04-07T1800,1275A,117.266,31.9436,合肥市,庐阳区,,25,24,67,17,43,72,,63,63,28,28,3,4,0.5,0.6
2024-04-07T1800,1276A,117.336,31.8586,合肥市,瑶海区,,26,24,58,18,39,71,,71,71,26,25,6,7,0.5,0.6
2024-04-07T1800,1277A,117.3027,31.7964,合肥市,包河区,,29,29,59,19,32,40,,62,61,50,32,6,7,0.4,0.5
2024-04-07T1800,1278A,117.2776,31.7385,合肥市,滨湖新区,,32,22,45,22,28,63,,75,75,21,15,6,6,0.4,0.4
2024-04-07T1800,1279A,117.1318,31.8403,合肥市,高新区,,27,27,54,18,40,67,,71,66,30,26,6,7,0.7,0.7
2024-04-07T1800,3464A,117.3803,31.9147,合肥市,高教基地,,23,22,60,10,27,71,,75,75,22,27,4,6,0.3,0.5
2024-04-07T1800,3614A,79.924,37.0877,和田地区,地区环保局,颗粒物(PM10),187,324,310,83,88,102,,93,93,5,16,5,6,0.7,0.8
2024-04-07T1800,3615A,79.9131,37.113,和田地区,市环保局,颗粒物(PM10),192,333,287,65,61,108,,94,94,8,23,5,5,0.4,0.6
2024-04-07T1800,2516A,108.2011,24.715,河池市,东仁乐园,,21,21,17,8,8,21,,28,27,10,6,7,7,0.7,0.7
2024-04-07T1800,2517A,108.0497,24.6947,河池市,市环保站,,27,27,17,5,6,38,,41,41,20,10,9,8,0.7,0.6
2024-04-07T1800,2518A,108.0983,24.6989,河池市,市疾控中心,,37,37,16,15,9,36,,42,42,19,13,7,7,0.6,0.6
2024-04-07T1800,1696A,114.6778,23.7569,河源市,源西,,9,3,4,3,2,25,,20,19,17,19,4,4,0.8,0.7
2024-04-07T1800,1697A,114.6944,23.7586,河源市,东埔,,,6,6,4,6,23,,21,19,,13,6,6,0.8,0.6
2024-04-07T1800,1698A,114.6892,23.7233,河源市,老城,,9,3,5,2,3,27,,21,21,9,13,5,5,0.7,0.6
2024-04-07T1800,1718A,115.4208,35.2464,菏泽市,气象局,颗粒物(PM10),56,62,69,28,33,146,,143,143,15,24,5,9,0.4,0.5
2024-04-07T1800,1719A,115.4747,35.2375,菏泽市,市政协,颗粒物(PM10),62,73,66,34,35,142,,144,144,16,20,4,7,0.5,0.5
2024-04-07T1800,3374A,115.5564,35.0891,菏泽市,定陶老年大学,颗粒物(PM10),54,58,65,17,31,139,,138,138,12,21,5,7,0.3,0.4
2024-04-07T1800,3647A,115.4702,35.2706,菏泽市,菏泽医专,颗粒物(PM10),56,61,59,22,25,135,,137,137,16,20,4,7,0.3,0.3
2024-04-07T1800,2514A,111.5264,24.4172,贺州市,环保小区,,16,11,11,11,8,35,,40,40,16,11,6,6,0.7,0.8
2024-04-07T1800,2515A,111.5608,24.4078,贺州市,政协大楼,,33,32,17,23,9,35,,39,39,14,10,7,7,0.9,0.9
2024-04-07T1800,3534A,111.4744,24.4553,贺州市,西湾,,15,15,10,4,6,34,,41,41,12,9,7,6,0.9,1
2024-04-07T1800,2385A,114.17,35.9019,鹤壁市,市监测站,细颗粒物(PM2.5),60,62,103,43,58,120,,118,118,20,38,6,11,0.4,0.6
2024-04-07T1800,2386A,114.2956,35.7511,鹤壁市,市交警支队,颗粒物(PM10),53,55,68,31,42,122,,119,119,12,20,10,9,0.3,0.4
2024-04-07T1800,2387A,114.2878,35.7306,鹤壁市,迎宾馆,细颗粒物(PM2.5),70,,57,51,55,122,,121,121,13,21,10,12,0.4,0.5
2024-04-07T1800,3474A,114.2617,35.6822,鹤壁市,大新区,颗粒物(PM10),57,63,67,28,33,119,,118,118,14,27,8,10,0.4,0.6
2024-04-07T1800,3596A,114.1572,35.9603,鹤壁市,南山宾馆,颗粒物(PM10),63,76,112,38,63,124,,135,135,11,27,9,13,0.6,0.9
2024-04-07T1800,2244A,130.2537,47.3416,鹤岗市,哈啤分公司,,26,26,27,15,15,73,,73,71,9,6,15,14,0.6,0.6
2024-04-07T1800,2245A,130.2684,47.3086,鹤岗市,斯达机电,,39,39,39,16,19,76,,79,78,20,9,12,11,0.5,0.5
2024-04-07T1800,2246A,130.3114,47.3388,鹤岗市,东山纸板厂,,29,29,34,7,18,75,,79,76,12,7,14,13,0.6,0.6
2024-04-07T1800,2247A,130.1097,47.3382,鹤岗市,五号水库,,30,14,22,5,12,96,,92,92,4,5,10,10,0.4,0.4
2024-04-07T1800,2263A,127.4833,50.2524,黑河市,交通局,,38,38,18,19,16,68,,72,70,9,5,6,5,0.3,0.3
2024-04-07T1800,2264A,127.5144,50.2341,黑河市,环保局,,37,37,17,19,15,64,,70,66,12,8,6,6,0.3,0.3
2024-04-07T1800,2265A,127.5291,50.2472,黑河市,大黑河岛,,,19,18,5,11,,,,,,8,,2,,0.4
2024-04-07T1800,1074A,115.6838,37.7541,衡水市,电机北厂,细颗粒物(PM2.5),69,84,75,50,47,158,,151,151,11,14,5,5,0.4,0.5
2024-04-07T1800,1075A,115.6303,37.7316,衡水市,市监测站,颗粒物(PM10),71,92,78,47,47,162,,147,147,18,21,8,6,0.7,0.6
2024-04-07T1800,3188A,115.6683,37.7217,衡水市,市城管局,颗粒物(PM10),76,101,84,52,49,149,,138,138,17,20,7,6,0.5,0.4
2024-04-07T1800,3459A,115.5989,37.5491,衡水市,地表水厂,颗粒物(PM10),79,108,87,41,49,156,,147,147,11,16,6,6,0.4,0.5
2024-04-07T1800,2456A,112.5003,26.9167,衡阳市,原169医院,,37,37,35,24,21,62,,59,55,18,17,6,6,0.7,0.7
2024-04-07T1800,2457A,112.6194,26.9258,衡阳市,衡阳化工总厂,,49,49,36,32,28,60,,57,57,20,18,6,7,0.8,0.8
2024-04-07T1800,2458A,112.6211,26.8956,衡阳市,珠晖区环保局,,46,40,35,32,31,59,,58,58,20,17,7,7,0.9,0.9
2024-04-07T1800,2459A,112.6197,26.8733,衡阳市,市委党校,,42,42,39,27,26,66,,65,65,18,16,8,11,0.8,0.8
2024-04-07T1800,2460A,112.6006,26.8919,衡阳市,市监测站,,46,37,34,32,28,64,,58,58,17,13,7,7,0.9,0.8
2024-04-07T1800,2461A,112.5664,26.9056,衡阳市,真空机电公司,,40,40,33,27,26,53,,54,51,21,14,7,6,0.8,0.7
2024-04-07T1800,3399A,112.6703,26.882,衡阳市,师范学院,细颗粒物(PM2.5),52,38,40,36,32,60,,67,67,17,14,7,7,0.8,0.7
2024-04-07T1800,2608A,103.3772,23.3993,红河哈尼族彝族自治州,污水处理厂,细颗粒物(PM2.5),93,116,98,69,64,166,,155,155,10,11,9,10,0.7,0.7
2024-04-07T1800,2609A,103.3861,23.35,红河哈尼族彝族自治州,监测站,细颗粒物(PM2.5),104,119,83,78,62,153,,145,145,13,10,11,9,0.9,0.8
2024-04-07T1800,3038A,103.3758,23.368,红河哈尼族彝族自治州,州图书馆,细颗粒物(PM2.5),100,104,85,75,61,148,,142,142,13,10,8,7,0.9,0.9
2024-04-07T1800,1090A,111.6507,40.7517,呼和浩特市,呼市一监,,44,44,34,18,13,136,,127,127,10,21,10,9,0.4,0.5
2024-04-07T1800,1091A,111.6572,40.8033,呼和浩特市,小召,颗粒物(PM10),58,66,39,20,13,128,,118,118,15,28,8,7,0.4,0.5
2024-04-07T1800,1094A,111.7516,40.8369,呼和浩特市,如意水处理厂,,44,44,32,15,10,124,,114,114,9,22,10,9,0.4,0.3
2024-04-07T1800,1095A,111.7276,40.8062,呼和浩特市,二十九中,,41,33,32,15,12,129,,117,117,10,19,11,9,0.5,0.5
2024-04-07T1800,1096A,111.5512,40.7866,呼和浩特市,工大金川校区,,,,,,,,,,,,,,,,
2024-04-07T1800,1097A,111.717,40.7612,呼和浩特市,化肥厂生活区,颗粒物(PM10),52,54,42,21,16,126,,117,117,13,20,10,9,0.4,0.4
2024-04-07T1800,3698A,111.5968,40.8178,呼和浩特市,红旗小学,颗粒物(PM10),54,58,35,17,11,127,,114,114,15,23,6,6,0.4,0.3
2024-04-07T1800,3699A,111.6518,40.8389,呼和浩特市,海东办,颗粒物(PM10),53,56,32,14,11,129,,115,115,10,32,5,5,0.2,0.3
2024-04-07T1800,2192A,119.7594,49.2261,呼伦贝尔市,区环保局,,28,28,34,17,20,82,,88,88,11,14,4,4,0.3,0.3
2024-04-07T1800,3061A,119.7512,49.1577,呼伦贝尔市,国华电力东,,28,24,28,12,15,87,,90,90,5,6,4,4,0.2,0.2
2024-04-07T1800,1250A,120.0751,30.8669,湖州市,城西水厂,,38,37,38,26,26,75,,84,84,38,35,3,4,0.7,0.6
2024-04-07T1800,2873A,120.0875,30.8955,湖州市,仁皇山新区,,43,43,36,30,29,59,,76,73,49,37,5,6,0.7,0.6
2024-04-07T1800,2907A,120.1844,30.8596,湖州市,吴兴区站,,38,38,34,26,21,77,,88,88,35,30,4,5,0.5,0.4
2024-04-07T1800,3562A,120.4148,30.8538,湖州市,南浔区站,,40,39,36,28,24,65,,90,89,36,25,4,5,0.5,0.5
2024-04-07T1800,1607A,120.9092,40.7136,葫芦岛市,龙港区,细颗粒物(PM2.5),100,114,159,75,109,169,,141,141,12,38,12,54,0.7,1
2024-04-07T1800,1608A,120.8392,40.7514,葫芦岛市,化工街,颗粒物(PM10),70,90,178,34,100,134,,120,117,17,68,9,25,0.5,1
2024-04-07T1800,1609A,120.8341,40.7073,葫芦岛市,新区,细颗粒物(PM2.5),67,78,152,48,116,147,,149,149,21,57,12,28,0.8,1.2
2024-04-07T1800,1610A,120.8695,40.7677,葫芦岛市,东城区,,48,48,144,22,103,133,,119,119,22,70,7,19,1.0,1.4
2024-04-07T1800,2482A,109.5981,27.5721,怀化市,林科所,,27,24,20,14,13,84,,87,87,4,4,6,8,0.6,0.5
2024-04-07T1800,2483A,109.9453,27.5444,怀化市,河西地税局,,38,36,26,26,19,71,,76,76,17,10,8,8,0.7,0.6
2024-04-07T1800,2484A,109.9781,27.5342,怀化市,市四医院,,44,44,29,26,22,75,,77,77,12,9,8,8,0.5,0.5
2024-04-07T1800,2485A,109.9972,27.5578,怀化市,监测楼,,,,,,,73,,,,,,10,10,,
2024-04-07T1800,2486A,110.0394,27.583,怀化市,市委党校,,45,45,32,30,22,68,,76,76,17,9,18,11,0.6,0.6
2024-04-07T1800,1210A,119.036,33.5981,淮安市,钵池山,,35,34,43,20,37,111,,110,110,15,24,6,6,0.7,0.8
2024-04-07T1800,1211A,119.007,33.575,淮安市,北京南路,,41,41,46,23,35,113,,115,115,21,24,7,7,0.6,0.6
2024-04-07T1800,1212A,118.989,33.6067,淮安市,市监测站,,37,36,46,24,32,118,,115,115,17,21,8,8,0.5,0.6
2024-04-07T1800,1213A,119.135,33.5039,淮安市,楚州区监测站,,39,39,50,21,38,110,,112,112,17,30,8,7,0.6,0.6
2024-04-07T1800,1214A,119.0186,33.6297,淮安市,淮阴区监测站,,41,41,50,26,36,108,,112,112,28,33,5,5,0.4,0.4
2024-04-07T1800,3426A,118.8755,33.2894,淮安市,新华书店,,44,44,49,24,34,109,,119,119,23,27,6,6,0.5,0.5
2024-04-07T1800,2282A,116.8004,33.975,淮北市,监测站,细颗粒物(PM2.5),59,53,68,42,39,126,,133,133,15,19,7,9,0.7,0.6
2024-04-07T1800,2283A,116.8091,33.9007,淮北市,烈山区政府,细颗粒物(PM2.5),62,63,69,44,46,129,,139,139,12,19,5,9,0.5,0.5
2024-04-07T1800,3330A,116.8873,33.9836,淮北市,杜集区检察院,颗粒物(PM10),63,76,71,43,44,137,,139,139,14,16,9,9,0.7,0.7
2024-04-07T1800,4017A,116.7923,33.9535,淮北市,市博物馆,细颗粒物(PM2.5),59,55,66,42,44,130,,138,138,7,14,7,10,0.6,0.6
2024-04-07T1800,2277A,116.8305,32.7727,淮南市,潘集区政府,细颗粒物(PM2.5),77,69,85,56,56,95,,107,107,20,22,5,9,0.6,0.6
2024-04-07T1800,2278A,117.0067,32.6524,淮南市,师范学院,细颗粒物(PM2.5),112,90,86,84,51,85,,97,97,26,22,8,10,0.4,0.5
2024-04-07T1800,2279A,116.8569,32.5951,淮南市,谢家集区政府,细颗粒物(PM2.5),62,47,59,44,43,98,,99,99,27,22,12,14,0.4,0.4
2024-04-07T1800,2280A,116.8281,32.633,淮南市,八公山区政府,细颗粒物(PM2.5),89,98,78,66,50,92,,103,103,23,18,3,7,0.5,0.5
2024-04-07T1800,2281A,116.6325,32.6201,淮南市,焦岗湖风景区管理处,颗粒物(PM10),57,63,53,30,27,76,,84,84,24,43,3,3,0.1,0.1
2024-04-07T1800,2894A,117.0566,32.6531,淮南市,经济技术开发区消防队,细颗粒物(PM2.5),74,70,79,54,48,92,,100,100,25,25,4,6,0.5,0.6
2024-04-07T1800,3329A,117.0108,32.5893,淮南市,山南新区,颗粒物(PM10),52,54,69,34,38,102,,108,108,25,18,4,5,0.3,0.4
2024-04-07T1800,2446A,114.9028,30.4742,黄冈市,职工中心,细颗粒物(PM2.5),92,94,90,68,62,64,,66,,28,22,10,11,1.2,1.1
2024-04-07T1800,2929A,114.8858,30.4519,黄冈市,红卫路,细颗粒物(PM2.5),79,76,79,58,58,70,,74,69,24,21,7,9,1.2,1
2024-04-07T1800,3398A,114.9136,30.4445,黄冈市,市林业局,细颗粒物(PM2.5),84,82,80,62,57,77,,84,82,24,21,3,5,0.8,0.8
2024-04-07T1800,2672A,102.0199,35.5102,黄南藏族自治州,同仁县隆务镇,,36,36,21,12,12,102,,93,93,7,9,6,6,0.4,0.6
2024-04-07T1800,2295A,118.2903,29.6963,黄山市,延安路89号,,49,49,42,14,12,40,,57,54,14,8,5,5,0.7,0.6
2024-04-07T1800,2296A,118.327,29.7178,黄山市,黄山东路89号,,21,21,23,12,12,38,,53,50,15,9,5,5,0.7,0.6
2024-04-07T1800,2297A,118.1371,30.2756,黄山市,黄山区政府5号楼,,15,15,31,8,18,42,,52,52,11,11,4,4,0.6,0.5
2024-04-07T1800,2423A,115.0601,30.2313,黄石市,沈家营,颗粒物(PM10),64,78,70,45,42,102,,95,95,19,17,12,13,0.8,0.7
2024-04-07T1800,2424A,115.0817,30.2006,黄石市,陈家湾,细颗粒物(PM2.5),92,87,70,68,50,93,,89,88,33,20,15,12,1.2,0.8
2024-04-07T1800,2426A,114.8988,30.2019,黄石市,铁山,细颗粒物(PM2.5),75,65,67,55,62,78,,74,74,19,28,16,18,1.0,1.2
2024-04-07T1800,2427A,115.0307,30.2092,黄石市,团城山,细颗粒物(PM2.5),67,71,71,48,41,94,,95,95,25,20,7,8,0.8,0.7
2024-04-07T1800,3149A,115.0235,30.1578,黄石市,笔架山北路,细颗粒物(PM2.5),69,70,60,50,38,80,,86,85,23,17,6,5,1.2,0.6
2024-04-07T1800,1392A,114.4183,23.0528,惠州市,河南岸金山湖子站,,31,31,18,19,13,32,,45,45,20,12,5,4,0.7,0.7
2024-04-07T1800,1393A,114.4053,23.0822,惠州市,下埔横江三路子站,,18,18,18,11,13,23,,39,39,20,15,6,6,0.7,0.6
2024-04-07T1800,1394A,114.4103,23.1142,惠州市,江北云山西路子站,,,,16,14,10,,,37,37,19,13,5,6,,0.6
2024-04-07T1800,1395A,114.4645,22.7833,惠州市,惠阳区承修路船湖子站,,23,23,24,16,16,53,,67,66,16,12,4,4,0.6,0.5
2024-04-07T1800,1396A,114.5317,22.7422,惠州市,大亚湾管委会子站,,28,28,28,17,16,42,,70,69,27,16,3,2,0.6,0.6
2024-04-07T1800,3314A,114.4338,22.8134,惠州市,惠阳秋长,,27,27,23,15,19,50,,76,72,23,12,7,7,0.7,0.7
2024-04-07T1800,3452A,114.6517,22.775,惠州市,大亚湾霞涌,,21,21,20,11,10,50,,57,54,10,8,5,6,0.6,0.6
2024-04-07T1800,2240A,130.9762,45.3001,鸡西市,环保局,,31,31,48,9,17,75,,84,74,6,6,5,5,0.2,0.3
2024-04-07T1800,2243A,130.9429,45.3039,鸡西市,第一中学,,30,27,43,6,12,95,,95,94,5,7,6,6,0.2,0.2
2024-04-07T1800,3707A,131.0207,45.3073,鸡西市,欧美日汽修厂,颗粒物(PM10),53,56,53,11,20,74,,78,77,5,7,3,4,0,0.2
2024-04-07T1800,3709A,130.9967,45.3106,鸡西市,市政设施管理处,,27,23,54,11,18,86,,89,88,10,12,4,5,0.3,0.4
2024-04-07T1800,2367A,114.9754,27.0803,吉安市,红声器材厂,,43,39,45,30,35,66,,62,62,25,24,8,10,0.6,0.6
2024-04-07T1800,2368A,114.9658,27.0999,吉安市,市森林工业局,,48,46,47,33,38,66,,66,66,26,22,14,11,0.7,0.7
2024-04-07T1800,2369A,114.99,27.1312,吉安市,市环境监测站,,48,46,48,33,33,68,,67,67,24,23,14,16,0.6,0.6
2024-04-07T1800,2370A,115.0093,27.0968,吉安市,青原区法院,,46,46,46,32,35,61,,64,64,24,22,12,13,0.7,0.7
2024-04-07T1800,1772A,126.54,43.8622,吉林市,哈达湾,颗粒物(PM10),118,186,66,80,22,143,,126,126,21,13,8,7,0.7,0.5
2024-04-07T1800,1773A,126.5844,43.8358,吉林市,东局子,颗粒物(PM10),94,138,67,69,27,132,,123,123,25,22,8,7,0.8,0.6
2024-04-07T1800,1774A,126.5052,43.8245,吉林市,电力学院,颗粒物(PM10),98,145,66,64,28,141,,129,129,22,16,12,10,0.7,0.6
2024-04-07T1800,1775A,126.6133,43.8972,吉林市,江北,颗粒物(PM10),128,206,71,86,23,138,,119,119,27,21,10,9,0.8,0.6
2024-04-07T1800,1776A,126.555,43.8306,吉林市,江南公园,细颗粒物(PM2.5),99,144,65,74,27,136,,122,122,23,18,8,8,0.7,0.5
2024-04-07T1800,1778A,126.7061,43.7133,吉林市,丰满,,,,,,,,,,,,,,,,
2024-04-07T1800,2868A,126.4739,43.953,吉林市,九站,颗粒物(PM10),142,234,85,107,32,153,,131,131,25,21,12,10,0.8,0.6
2024-04-07T1800,1299A,116.9862,36.6114,济南市,科干所,颗粒物(PM10),68,85,62,37,29,138,,143,143,19,14,9,8,0.7,0.6
2024-04-07T1800,1300A,116.9376,36.665,济南市,农科所,颗粒物(PM10),58,66,71,29,29,135,,140,140,16,23,6,7,0.5,0.5
2024-04-07T1800,1301A,117.1265,36.6734,济南市,开发区,颗粒物(PM10),57,63,63,20,24,135,,141,141,26,35,8,8,0.5,0.6
2024-04-07T1800,1303A,117.0624,36.6868,济南市,省种子仓库,颗粒物(PM10),62,73,70,24,25,137,,142,142,14,23,5,5,0.4,0.4
2024-04-07T1800,1304A,116.9489,36.6447,济南市,机床二厂,颗粒物(PM10),68,85,73,34,28,142,,146,146,15,19,6,8,0.6,0.7
2024-04-07T1800,1305A,117.0495,36.663,济南市,市监测站,颗粒物(PM10),58,66,63,29,24,146,,152,152,23,30,12,11,0.7,0.7
2024-04-07T1800,1306A,116.7675,36.5484,济南市,长清党校,颗粒物(PM10),56,61,67,34,36,139,,144,144,13,15,6,10,0.6,0.6
2024-04-07T1800,1616A,117.6795,36.229,济南市,技术学院,颗粒物(PM10),71,92,93,44,49,160,,157,157,20,30,12,15,0.7,1.2
2024-04-07T1800,1961A,117.532,36.6868,济南市,东山小学,颗粒物(PM10),62,73,65,24,24,148,,148,148,20,25,7,7,0.5,0.4
2024-04-07T1800,3059A,117.7161,36.2049,济南市,泰兴公司,颗粒物(PM10),68,85,93,36,50,151,,152,152,23,45,12,14,1.3,1.3
2024-04-07T1800,3064A,117.6867,36.2171,济南市,莱芜战役纪念馆,颗粒物(PM10),71,92,97,41,49,139,,144,144,24,34,14,13,1.7,1.2
2024-04-07T1800,3494A,117.1673,36.9782,济南市,济阳区政府,颗粒物(PM10),64,78,71,37,34,142,,136,136,22,33,18,11,0.6,0.6
2024-04-07T1800,3495A,117.1171,36.63,济南市,锦屏中学,颗粒物(PM10),63,76,58,32,26,135,,137,137,14,15,9,8,0.5,0.5
2024-04-07T1800,3682A,116.9814,36.6819,济南市,济南四建,颗粒物(PM10),58,66,57,34,29,133,,139,139,19,19,8,9,0.6,0.6
2024-04-07T1800,1653A,116.6251,35.4302,济宁市,火炬城,颗粒物(PM10),54,58,66,29,34,152,,143,143,9,16,8,9,0.6,0.7
2024-04-07T1800,1655A,116.5491,35.4042,济宁市,电化厂,颗粒物(PM10),71,92,89,31,33,162,,144,144,12,23,8,9,0.7,0.7
2024-04-07T1800,3500A,116.5814,35.3707,济宁市,北湖一中,颗粒物(PM10),60,69,63,39,39,159,,149,149,10,17,13,11,1.0,0.9
2024-04-07T1800,3501A,116.8249,35.5593,济宁市,服务中心,颗粒物(PM10),67,83,100,32,41,141,,138,138,14,26,6,7,0.7,0.7
2024-04-07T1800,3678A,116.5907,35.4054,济宁市,市第七中学,颗粒物(PM10),61,72,63,39,35,161,,144,144,11,15,9,8,0.8,0.7
2024-04-07T1800,2255A,130.2751,46.8028,佳木斯市,佳纺,,25,22,26,7,15,77,,91,90,15,7,5,5,0.4,0.4
2024-04-07T1800,2256A,130.3995,46.8307,佳木斯市,发电厂,,27,27,37,9,17,78,,89,89,16,9,4,3,0.4,0.4
2024-04-07T1800,2257A,130.3258,46.7975,佳木斯市,环保局,,26,11,22,0,12,82,,92,92,14,7,4,4,0.5,0.4
2024-04-07T1800,2258A,130.3648,46.8032,佳木斯市,十一中,,24,19,29,8,13,74,,88,85,16,8,4,4,0.4,0.4
2024-04-07T1800,2259A,130.3794,46.7588,佳木斯市,四丰,,32,8,16,3,10,100,,105,105,5,5,1,1,0.5,0.5
2024-04-07T1800,1252A,120.7436,30.778,嘉兴市,清河小学,,36,36,31,20,17,70,,92,92,29,18,6,7,0.7,0.4
2024-04-07T1800,1253A,120.726,30.7478,嘉兴市,嘉兴学院,,37,37,41,24,21,76,,96,96,34,25,5,5,0.7,0.6
2024-04-07T1800,2872A,120.7846,30.7525,嘉兴市,南湖区残联,,36,35,36,25,23,71,,100,99,36,23,5,6,0.5,0.4
2024-04-07T1800,3407A,120.6916,30.7739,嘉兴市,秀洲住建,,32,30,30,22,19,68,,88,88,33,25,4,5,0.6,0.6
2024-04-07T1800,1945A,98.2908,39.7711,嘉峪关市,气象局,颗粒物(PM10),103,156,68,24,22,113,,102,102,4,24,3,15,0.1,0.5
2024-04-07T1800,2884A,98.2672,39.7978,嘉峪关市,酒钢宾馆,颗粒物(PM10),135,219,88,31,25,112,,102,102,8,21,3,35,0.2,0.6
2024-04-07T1800,3248A,98.2643,39.7724,嘉峪关市,雄关区,颗粒物(PM10),102,153,66,29,24,110,,98,98,6,27,4,11,0,0.6
2024-04-07T1800,1383A,113.1064,22.6058,江门市,北街,,21,,30,13,23,5,,12,10,41,42,7,7,0.7,0.7
2024-04-07T1800,1384A,113.0731,22.5835,江门市,西区,,30,30,30,18,17,3,,11,10,39,39,8,7,0.9,0.8
2024-04-07T1800,1385A,113.0219,22.5311,江门市,圭峰西,,22,,28,14,16,5,,21,19,44,37,4,4,0.9,0.8
2024-04-07T1800,1386A,113.0828,22.5947,江门市,东湖,,22,22,33,9,18,3,,11,9,38,38,6,6,0.8,0.7
2024-04-07T1800,3311A,113.1075,22.5647,江门市,江海富民,颗粒物(PM10),53,55,45,35,22,4,,12,11,39,41,7,7,0.8,0.7
2024-04-07T1800,3449A,113.05,22.4667,江门市,新会银湖,,32,32,31,19,15,7,,30,29,40,27,3,3,0.9,0.7
2024-04-07T1800,1828A,113.227,35.2125,焦作市,市环保局,颗粒物(PM10),66,82,102,41,66,145,,148,148,15,29,8,12,0.4,0.7
2024-04-07T1800,1830A,113.1992,35.2590,焦作市,影视城,,,,,,,,,,,,,,,,
2024-04-07T1800,3169A,113.2725,35.2067,焦作市,太极体育中心,颗粒物(PM10),61,72,111,33,65,147,,158,158,16,30,3,8,0.4,0.7
2024-04-07T1800,3335A,113.3137,35.2641,焦作市,马村街道办,"颗粒物(PM10),细颗粒物(PM2.5)",68,85,120,49,67,136,,140,140,24,34,12,14,0.5,0.9
2024-04-07T1800,3336A,113.2465,35.2373,焦作市,焦作技师学院,颗粒物(PM10),69,87,102,46,65,143,,146,146,15,25,10,10,0.5,0.8
2024-04-07T1800,3477A,113.1656,35.2539,焦作市,中站许衡医院,颗粒物(PM10),69,87,95,49,56,149,,149,149,13,28,15,13,0.6,0.9
2024-04-07T1800,3981A,113.2449,35.1803,焦作市,原李万街道办,颗粒物(PM10),52,54,90,34,54,132,,143,143,14,28,8,12,0.5,0.8
2024-04-07T1800,1708A,116.3701,23.5345,揭阳市,新兴,,38,29,26,26,25,15,,43,34,49,23,8,9,1.1,0.6
2024-04-07T1800,1709A,116.3264,23.5443,揭阳市,西马,,37,37,30,16,20,17,,45,32,43,19,9,9,0.9,0.6
2024-04-07T1800,1710A,116.3611,23.5626,揭阳市,东兴,,40,36,31,28,33,16,,40,30,43,23,9,11,1.0,0.7
2024-04-07T1800,1711A,116.4151,23.5294,揭阳市,渔湖,,33,33,26,19,17,17,,42,31,47,23,7,7,0.8,0.6
2024-04-07T1800,3320A,116.403,23.5699,揭阳市,曲溪,,39,28,24,27,19,14,,40,30,46,24,5,7,0.9,0.6
2024-04-07T1800,1944A,102.1692,38.5167,金昌市,天庆家园,,42,42,47,8,12,120,,122,122,10,12,8,16,0.5,0.6
2024-04-07T1800,3170A,102.1864,38.5253,金昌市,市委党校,,50,50,60,19,23,120,,121,121,6,11,8,19,0.4,0.5
2024-04-07T1800,4022A,102.1647,38.5371,金昌市,金川区人防中心,颗粒物(PM10),60,69,59,19,20,124,,127,127,8,10,6,17,0.4,0.5
2024-04-07T1800,1262A,119.647,29.077,金华市,十五中,,29,21,34,20,33,26,,35,30,45,36,3,3,0.5,0.6
2024-04-07T1800,1263A,119.686,29.1029,金华市,监测站,,25,23,40,17,28,24,,28,28,41,35,3,2,0.4,0.5
2024-04-07T1800,3659A,119.656,29.1131,金华市,气象局,,26,24,40,15,23,15,,23,23,51,41,4,3,0.4,0.7
2024-04-07T1800,1767A,121.1115,41.0879,锦州市,南山,颗粒物(PM10),57,64,130,17,89,117,,117,117,19,35,17,28,0.2,0.7
2024-04-07T1800,1768A,121.0533,40.8434,锦州市,开发区,颗粒物(PM10),99,148,174,57,111,133,,129,129,54,68,13,22,0.7,1
2024-04-07T1800,1769A,121.1836,41.1119,锦州市,百股街道,颗粒物(PM10),61,71,123,14,85,114,,116,116,19,33,11,57,0.5,1
2024-04-07T1800,1770A,121.1178,41.1222,锦州市,天安街道,颗粒物(PM10),65,80,128,10,85,110,,114,114,20,46,18,19,0.5,0.9
2024-04-07T1800,1771A,121.1303,41.1386,锦州市,北湖公园,颗粒物(PM10),53,56,110,11,81,74,,85,84,18,30,18,18,0.5,0.9
2024-04-07T1800,2160A,112.85,35.5051,晋城市,自来水公司,颗粒物(PM10),68,85,103,34,46,164,,147,147,15,40,11,12,0.6,1.3
2024-04-07T1800,2161A,112.8318,35.4936,晋城市,白云商贸,颗粒物(PM10),64,78,112,24,47,164,,147,147,18,35,10,10,0.7,1.3
2024-04-07T1800,2162A,112.8508,35.4887,晋城市,市环保局,颗粒物(PM10),61,72,105,29,43,163,,145,145,19,47,10,10,0.6,1.2
2024-04-07T1800,2163A,112.8676,35.4897,晋城市,技术学院,颗粒物(PM10),61,71,96,31,41,164,,147,147,16,40,12,11,0.7,1.2
2024-04-07T1800,2165A,112.8453,35.546,晋城市,白马寺,,,,,,,,,,,,,,,,
2024-04-07T1800,3620A,112.8271,35.4828,晋城市,泽州一中,颗粒物(PM10),56,61,95,27,46,164,,147,147,17,33,11,12,0.6,1.3
2024-04-07T1800,2171A,112.7532,37.6945,晋中市,锦纶小区,颗粒物(PM10),60,70,80,27,34,145,,133,133,20,32,10,10,0.3,0.3
2024-04-07T1800,2173A,112.7249,37.7067,晋中市,南都小区,颗粒物(PM10),59,67,86,30,38,144,,131,131,19,38,11,11,0.5,0.5
2024-04-07T1800,2174A,112.6991,37.6982,晋中市,榆次区政府,颗粒物(PM10),63,75,87,26,36,149,,136,136,20,35,11,12,0.6,0.5
2024-04-07T1800,2865A,112.7195,37.6828,晋中市,榆次三中,颗粒物(PM10),62,73,91,27,35,148,,135,135,19,35,11,11,0.6,0.6
2024-04-07T1800,2439A,112.2014,31.0481,荆门市,竹园小学,,48,48,65,23,41,120,,94,94,13,27,13,10,0.6,0.9
2024-04-07T1800,2440A,112.1969,30.9891,荆门市,掇刀,,45,43,58,31,41,124,,99,99,9,18,12,10,0.5,0.6
2024-04-07T1800,2441A,112.2213,31.0386,荆门市,石化一小,,44,44,66,30,45,124,,98,98,12,24,21,19,0.5,0.7
2024-04-07T1800,3012A,112.1849,31.0362,荆门市,西山林语,,44,44,58,11,31,124,,99,99,12,21,17,12,0.4,0.6
2024-04-07T1800,3547A,112.1632,31.0138,荆门市,龙泉中学南校,,41,41,53,26,29,121,,96,96,2,16,12,9,0.6,0.8
2024-04-07T1800,1844A,112.2494,30.3197,荆州市,市图书馆,,49,49,48,32,27,122,,98,98,15,30,8,7,0.7,0.8
2024-04-07T1800,1845A,112.2008,30.3544,荆州市,市委党校,细颗粒物(PM2.5),53,46,50,37,36,115,,92,92,14,22,8,7,0.6,0.6
2024-04-07T1800,3194A,112.2747,30.3122,荆州市,管委会,,45,42,44,31,31,130,,112,112,15,27,11,9,0.6,0.7
2024-04-07T1800,3548A,112.1655,30.3364,荆州市,学苑路,细颗粒物(PM2.5),53,,47,37,45,124,,100,100,13,22,7,7,0.5,0.6
2024-04-07T1800,2342A,117.3102,29.3867,景德镇市,王港中学,,,,,,,,,,,,,,,,
2024-04-07T1800,2343A,117.2117,29.2933,景德镇市,老干部活动中心,,29,28,25,20,21,28,,46,45,28,13,11,6,0.4,0.3
2024-04-07T1800,2344A,117.1894,29.2789,景德镇市,兽医站,,23,,25,16,19,25,,48,46,30,13,21,7,0.6,0.5
2024-04-07T1800,2345A,117.1547,29.2617,景德镇市,台达陶瓷,,46,39,27,32,24,35,,45,45,22,19,6,6,0.8,0.5
2024-04-07T1800,2346A,117.2461,29.2956,景德镇市,陶研所,,24,24,20,11,12,30,,43,42,19,12,6,5,0.5,0.4
2024-04-07T1800,1803A,115.9872,29.6815,九江市,十里,,49,40,39,34,30,90,,95,95,19,18,10,10,0.7,0.7
2024-04-07T1800,1804A,115.9584,29.7046,九江市,茅山头,细颗粒物(PM2.5),69,,41,50,35,84,,88,88,22,21,11,9,0.7,0.6
2024-04-07T1800,1805A,115.9877,29.7295,九江市,西园,,43,39,42,30,32,78,,83,83,24,22,12,11,0.7,0.6
2024-04-07T1800,1806A,116.0172,29.6547,九江市,五七二七厂,细颗粒物(PM2.5),53,43,41,37,38,68,,72,72,18,12,8,9,0.7,0.7
2024-04-07T1800,1808A,115.9114,29.6038,九江市,综合工业园,细颗粒物(PM2.5),54,42,44,38,40,81,,86,86,35,37,10,10,0.8,0.8
2024-04-07T1800,1809A,116.0721,29.7535,九江市,石化总厂,,46,46,44,29,30,80,,85,85,23,21,9,10,0.9,0.7
2024-04-07T1800,1810A,115.9773,29.5698,九江市,庐山气象台,,25,11,15,10,14,80,,82,82,10,6,6,7,0.8,0.8
2024-04-07T1800,3190A,116.0254,29.6994,九江市,外国语学校,,45,40,40,31,32,72,,89,89,35,25,13,11,0.8,0.7
2024-04-07T1800,2658A,98.5061,39.7443,酒泉市,仓门街子站,颗粒物(PM10),176,302,83,25,25,106,,105,105,5,16,7,10,0.2,0.4
2024-04-07T1800,2659A,98.4989,39.7256,酒泉市,油田生活基地,颗粒物(PM10),164,278,84,31,30,110,,107,107,4,18,8,13,0.2,0.4
2024-04-07T1800,2698A,76.0072,39.4467,喀什地区,巡警大队,颗粒物(PM10),70,89,324,12,55,124,,112,112,6,28,2,3,0.3,0.5
2024-04-07T1800,2699A,75.9755,39.4694,喀什地区,吾办,颗粒物(PM10),74,98,313,23,96,122,,107,107,9,25,4,5,0.2,0.5
2024-04-07T1800,4027A,75.9483,39.4689,喀什地区,老干局,颗粒物(PM10),77,104,331,13,69,130,,114,114,5,19,3,4,0.3,0.5
2024-04-07T1800,1824A,114.3389,34.7781,开封市,肿瘤医院,,50,50,61,18,37,120,,126,126,8,21,4,5,0.2,0.3
2024-04-07T1800,1826A,114.2885,34.7965,开封市,世纪星幼儿园,颗粒物(PM10),51,52,56,22,28,118,,124,124,9,20,5,5,0.3,0.4
2024-04-07T1800,3147A,114.3438,34.8106,开封市,龙亭公园,颗粒物(PM10),51,51,55,14,28,127,,132,132,6,19,3,5,0.3,0.4
2024-04-07T1800,3210A,114.3644,34.7964,开封市,汴京公园,颗粒物(PM10),52,53,63,16,37,120,,124,124,9,23,4,5,0.4,0.5
2024-04-07T1800,3473A,114.2485,34.8306,开封市,技师学院,,48,48,53,18,35,113,,123,123,10,10,4,6,0.4,0.6
2024-04-07T1800,3592A,114.4644,34.7556,开封市,祥符区生态环境局,,44,44,72,19,37,114,,120,120,15,33,4,5,0.4,0.5
2024-04-07T1800,1951A,84.895,45.6094,克拉玛依市,长征新村,,32,19,27,5,6,101,,85,85,2,14,10,10,0.2,0.2
2024-04-07T1800,1952A,84.8988,45.5893,克拉玛依市,南林小区,,34,22,34,14,15,108,,93,93,4,19,8,7,0.2,0.5
2024-04-07T1800,1954A,84.905,44.3396,克拉玛依市,独山子区,,37,28,22,17,11,118,,114,114,7,11,7,7,0.2,0.3
2024-04-07T1800,1955A,85.6979,46.098,克拉玛依市,乌尔禾区商贸楼,,35,14,19,3,11,109,,100,100,2,10,10,9,0.2,0.3
2024-04-07T1800,3612A,85.1045,45.6899,克拉玛依市,白碱滩区新站,,35,23,31,14,12,111,,92,92,2,20,10,9,0.3,0.3
2024-04-07T1800,2697A,76.1454,39.7142,克孜勒苏柯尔克孜自治州,市人民政府,颗粒物(PM10),52,53,181,21,58,133,,127,127,2,10,6,10,0.1,0.1
2024-04-07T1800,3665A,76.1658,39.7157,克孜勒苏柯尔克孜自治州,克州文化中心,颗粒物(PM10),51,51,205,12,63,132,,127,127,4,7,7,6,0.2,0.2
2024-04-07T1800,1450A,102.8204,24.8886,昆明市,呈贡新区,,45,45,61,20,45,118,,127,126,8,13,4,6,0.5,0.6
2024-04-07T1800,1451A,102.6251,24.9608,昆明市,西山森林公园,,,,,,,,,,,,,,,,
2024-04-07T1800,1452A,102.7252,25.0902,昆明市,龙泉镇,,47,47,68,24,41,118,,122,122,9,30,6,7,0.5,0.7
2024-04-07T1800,1453A,102.7266,25.0375,昆明市,东风东路,,47,47,73,28,46,113,,119,119,11,18,6,10,0.5,0.8
2024-04-07T1800,1454A,102.6742,25.0669,昆明市,金鼎山,颗粒物(PM10),52,53,74,18,43,122,,124,124,9,28,5,6,0.5,0.8
2024-04-07T1800,1455A,102.6644,25.0401,昆明市,碧鸡广场,,37,34,71,20,50,116,,120,120,10,28,7,9,0.5,0.7
2024-04-07T1800,3179A,102.7494,25.0119,昆明市,官渡区博物馆,,46,46,72,23,43,121,,130,130,9,16,8,12,0.4,0.7
2024-04-07T1800,3375A,102.8017,24.8336,昆明市,青年创业园,,49,38,65,34,46,127,,134,133,4,9,8,9,0.6,0.7
2024-04-07T1800,3550A,102.7997,24.9786,昆明市,昆明学院,,42,42,74,22,47,118,,127,127,8,14,8,10,0.5,0.7
2024-04-07T1800,3551A,102.5967,24.6736,昆明市,晋宁区生态环境分局,,,74,73,,50,126,,129,129,,8,2,4,0.6,0.7
2024-04-07T1800,3552A,102.6678,24.9856,昆明市,云天化总部,,41,36,71,20,48,129,,139,138,6,22,8,11,0.7,0.9
2024-04-07T1800,1456A,91.1319,29.6514,拉萨市,八廓街,,45,16,17,10,10,141,,139,139,11,14,8,7,0.3,0.4
2024-04-07T1800,1457A,91.1221,29.6747,拉萨市,市环保局,,44,11,18,7,8,140,,138,138,10,11,6,6,0.4,0.4
2024-04-07T1800,1458A,91.0874,29.6475,拉萨市,区监测站,,45,9,13,6,8,143,,137,137,6,10,5,5,0.4,0.4
2024-04-07T1800,1459A,91.1774,29.6541,拉萨市,西藏大学,,45,10,17,5,8,144,,141,141,3,4,3,3,0.6,0.6
2024-04-07T1800,1460A,90.9798,29.6588,拉萨市,区辐射站,,40,23,18,5,9,128,,130,130,17,12,5,6,0.5,0.5
2024-04-07T1800,1461A,91.0834,29.6292,拉萨市,拉萨火车站,,45,12,18,7,9,142,,137,137,5,6,3,4,0.3,0.3
2024-04-07T1800,2520A,109.2203,23.7256,来宾市,来宾技工学校,,29,29,19,6,10,39,,38,38,12,10,7,7,0.9,0.9
2024-04-07T1800,3535A,109.1781,23.7297,来宾市,兴宾区政府,,21,21,17,10,10,41,,39,39,12,9,6,5,0.9,0.9
2024-04-07T1800,4002A,109.2416,23.7461,来宾市,中南小学,,30,30,20,11,10,38,,38,38,14,11,6,5,0.8,0.8
2024-04-07T1800,1476A,103.631,36.1031,兰州市,兰炼宾馆,,43,37,55,30,39,119,,100,100,10,33,7,9,0.3,0.4
2024-04-07T1800,1477A,104.1373,35.9454,兰州市,榆中兰大校区,,,,,,,,,,,,,,,,
2024-04-07T1800,1478A,103.8412,36.0726,兰州市,生物制品所,,48,39,58,33,45,121,,108,108,24,39,10,10,0.5,0.7
2024-04-07T1800,1479A,103.831,36.0464,兰州市,铁路设计院,颗粒物(PM10),51,51,60,32,40,117,,95,95,27,44,8,9,0.6,0.8
2024-04-07T1800,3186A,103.7158,36.1058,兰州市,教育港,,45,31,60,31,44,125,,117,117,14,36,8,8,0.7,0.7
2024-04-07T1800,3241A,103.7439,36.0842,兰州市,百合公园,,40,39,53,28,37,117,,109,109,12,35,7,5,0.7,0.8
2024-04-07T1800,3242A,103.9611,35.998,兰州市,和平,颗粒物(PM10),51,52,61,32,38,138,,120,120,18,26,10,10,0.6,0.7
2024-04-07T1800,3245A,103.6633,36.533,兰州新区,新区管委会,,37,36,46,25,27,118,,107,107,8,16,8,10,0.4,0.5
2024-04-07T1800,3246A,103.6975,36.4789,兰州新区,舟曲中学,,37,21,39,14,28,116,,104,104,8,14,9,12,0.5,0.6
2024-04-07T1800,1067A,116.6708,39.5111,廊坊市,药材公司,颗粒物(PM10),55,59,106,19,50,104,,99,99,15,28,3,3,0.3,0.5
2024-04-07T1800,1068A,116.7214,39.5589,廊坊市,开发区,颗粒物(PM10),53,56,104,19,53,102,,100,100,21,32,1,3,0.2,0.5
2024-04-07T1800,1070A,116.7244,39.5269,廊坊市,北华航天学院,,50,50,98,10,45,103,,100,100,14,25,1,3,0.2,0.5
2024-04-07T1800,2919A,116.7022,39.5453,廊坊市,河北工业大学,颗粒物(PM10),53,55,98,17,49,105,,100,100,19,32,2,3,0.2,0.5
2024-04-07T1800,2535A,103.7723,29.5462,乐山市,花湖湾,,36,36,45,11,15,59,,66,66,14,12,2,2,0.7,0.7
2024-04-07T1800,2536A,103.7627,29.5844,乐山市,牛耳桥,,32,32,27,20,15,62,,71,71,24,23,4,4,0.6,0.5
2024-04-07T1800,2537A,103.7508,29.6006,乐山市,市第三水厂,,24,24,25,12,13,63,,72,72,26,25,3,4,0.5,0.5
2024-04-07T1800,2538A,103.7571,29.5664,乐山市,市监测站,,,,23,,14,65,,78,78,,16,5,5,0.5,0.6
2024-04-07T1800,3361A,103.7311,29.5628,乐山市,理工大学,,23,23,22,12,13,59,,76,76,20,16,6,6,0.4,0.4
2024-04-07T1800,2598A,100.2143,26.8576,丽江市,西南郊,,,,,,,,,,,,,,,,
2024-04-07T1800,2599A,100.2497,26.8802,丽江市,丽江古城,颗粒物(PM10),51,52,41,22,23,103,,102,102,11,10,9,9,0.4,0.5
2024-04-07T1800,2600A,100.2203,26.8906,丽江市,市中心,,32,32,26,9,13,101,,100,100,9,8,8,7,0.5,0.5
2024-04-07T1800,1267A,119.914,28.4514,丽水市,监测站大楼,,24,24,26,15,16,60,,52,52,15,19,3,4,0.5,0.6
2024-04-07T1800,1268A,119.93,28.4586,丽水市,莲都小学,,25,25,28,15,19,59,,51,51,19,22,3,3,0.4,0.5
2024-04-07T1800,1269A,119.879,28.4231,丽水市,余庄前,,17,14,25,7,16,53,,49,49,9,16,4,4,0.4,0.6
2024-04-07T1800,1173A,119.176,34.5885,连云港市,市环境监测站,颗粒物(PM10),54,58,61,29,40,108,,108,108,22,24,9,7,0.6,0.2
2024-04-07T1800,3000A,119.3581,34.6972,连云港市,德源药业,,33,31,55,9,31,104,,119,119,5,21,5,5,0.4,0.5
2024-04-07T1800,3007A,119.178,34.844,连云港市,新城一中,,49,49,70,12,38,98,,124,122,28,28,7,8,0.5,0.5
2024-04-07T1800,3008A,119.3608,34.7519,连云港市,胡沟管理处,颗粒物(PM10),56,61,55,14,29,36,,97,91,73,27,12,8,0.6,0.6
2024-04-07T1800,3009A,119.1478,34.5911,连云港市,矿山设计院,颗粒物(PM10),59,68,60,29,34,105,,107,107,21,21,7,7,0.8,0.7
2024-04-07T1800,3434A,119.2413,34.6539,连云港市,工贸学校,,42,42,50,28,33,128,,122,122,15,10,9,8,0.6,0.5
2024-04-07T1800,3664A,119.4172,34.7341,连云港市,连云街道,,48,48,58,18,29,64,,112,112,60,28,4,4,0.7,0.7
2024-04-07T1800,2571A,102.3431,27.8099,凉山彝族自治州,青龙寺,,35,35,34,9,8,110,,99,99,3,10,5,8,0.5,0.9
2024-04-07T1800,2572A,102.2721,27.8415,凉山彝族自治州,邛海宾馆,,37,32,34,12,17,117,,102,102,4,16,12,12,0.3,0.6
2024-04-07T1800,2573A,102.2625,27.898,凉山彝族自治州,西昌市政府,,42,42,48,19,24,111,,96,96,8,19,4,13,0.5,0.7
2024-04-07T1800,2574A,102.2685,27.8851,凉山彝族自治州,凉山州政府,,39,39,45,12,20,104,,92,92,6,18,7,13,0.4,0.6
2024-04-07T1800,2575A,102.237,27.8914,凉山彝族自治州,长安,颗粒物(PM10),54,58,43,17,20,113,,102,102,14,20,9,16,0.4,0.7
2024-04-07T1800,2212A,123.2,41.1953,辽阳市,宏伟区,,32,32,101,19,73,92,,118,109,24,24,11,15,0.8,1.2
2024-04-07T1800,2213A,123.1683,41.2495,辽阳市,新华园,颗粒物(PM10),54,58,116,26,88,94,,128,122,29,29,11,15,0.7,1.2
2024-04-07T1800,2214A,123.2354,41.2639,辽阳市,滨河路,,42,42,95,21,92,103,,121,118,17,25,13,12,0.5,1
2024-04-07T1800,2215A,123.149,41.2991,辽阳市,铁西工业园,颗粒物(PM10),55,60,125,21,92,102,,122,121,24,30,16,18,0.8,1.1
2024-04-07T1800,2227A,125.1358,42.8845,辽源市,环保局,颗粒物(PM10),52,54,104,34,80,124,,130,130,14,36,9,10,0.6,1
2024-04-07T1800,3239A,125.0764,42.9078,辽源市,银鹰制药,细颗粒物(PM2.5),62,67,126,44,94,117,,129,129,19,40,13,16,0.6,1
2024-04-07T1800,1625A,115.9848,36.4372,聊城市,区政府,颗粒物(PM10),59,67,80,29,37,141,,137,137,13,20,5,10,0.6,0.6
2024-04-07T1800,2878A,116.0072,36.4343,聊城市,聊大东校,,,56,71,28,37,157,,146,146,13,20,6,11,,0.6
2024-04-07T1800,3200A,115.9819,36.4978,聊城市,监控中心,颗粒物(PM10),60,70,78,29,35,145,,139,139,19,20,6,10,0.6,0.6
2024-04-07T1800,3513A,116.0445,36.4361,聊城市,九州社区,颗粒物(PM10),59,68,84,19,26,151,,139,139,5,17,6,11,0.4,0.5
2024-04-07T1800,4018A,116.0567,36.4608,聊城市,星美广场,颗粒物(PM10),60,70,80,23,32,152,,140,140,8,15,5,10,0.6,0.5
2024-04-07T1800,2632A,94.3681,29.6376,林芝市,林芝监测站,,35,11,6,4,3,110,,105,105,5,4,5,5,0.6,0.7
2024-04-07T1800,2633A,94.3616,29.6616,林芝市,林芝人民医院,,36,10,7,5,6,114,,111,111,8,7,6,6,0.5,0.5
2024-04-07T1800,2603A,100.0781,23.8982,临沧市,市环保局,细颗粒物(PM2.5),84,,67,62,60,130,,132,132,7,11,7,10,0.3,0.5
2024-04-07T1800,2604A,100.0894,23.8822,临沧市,市气象局,细颗粒物(PM2.5),57,57,77,40,53,129,,131,131,9,14,6,9,0.6,0.7
2024-04-07T1800,1733A,111.5531,36.0783,临汾市,临钢医院,细颗粒物(PM2.5),90,127,141,67,74,169,,135,135,18,35,15,9,1.2,1.2
2024-04-07T1800,1734A,111.5028,36.0714,临汾市,技工学校,颗粒物(PM10),87,124,131,62,74,186,,150,150,18,39,13,10,1.0,1.1
2024-04-07T1800,1736A,111.5018,36.0855,临汾市,市委,颗粒物(PM10),94,137,138,65,70,180,,147,147,18,36,12,8,1.1,1.1
2024-04-07T1800,3018A,111.505,36.1014,临汾市,唐尧大酒店,颗粒物(PM10),88,126,135,59,66,156,,126,126,18,39,13,10,1.0,0.9
2024-04-07T1800,3668A,111.5036,36.0414,临汾市,城南,细颗粒物(PM2.5),88,101,111,65,71,180,,153,153,20,20,13,14,1.2,1.2
2024-04-07T1800,2667A,103.2069,35.5993,临夏回族自治州,环保局,,41,41,56,18,36,100,,88,88,8,16,3,3,0.3,0.7
2024-04-07T1800,2668A,103.2417,35.6057,临夏回族自治州,建设大厦,,31,14,40,11,32,99,,84,84,19,25,4,4,0.4,0.6
2024-04-07T1800,1618A,118.3429,35.0532,临沂市,沂河小区,颗粒物(PM10),52,53,87,24,56,122,,130,130,13,27,6,15,0.3,0.4
2024-04-07T1800,1619A,118.295,35.0583,临沂市,鲁南制药厂,,44,44,85,21,45,128,,140,140,15,29,5,12,0.2,0.4
2024-04-07T1800,1620A,118.2794,34.9976,临沂市,新光毛纺厂,,46,46,79,20,47,122,,132,132,17,35,4,14,0.5,0.7
2024-04-07T1800,1621A,118.3956,35.0888,临沂市,河东保险公司,,48,48,75,22,43,112,,132,132,28,36,5,10,0.3,0.4
2024-04-07T1800,3370A,118.3564,35.0215,临沂市,十里堡居委,,44,44,79,17,44,124,,134,134,17,33,4,13,0.4,0.6
2024-04-07T1800,3496A,118.3604,35.1084,临沂市,南坊新区,,44,44,70,22,42,125,,142,142,16,25,8,13,0.3,0.5
2024-04-07T1800,3860A,118.3920,35.0300,临沂市,皇山花园小区,,46,46,79,26,51,119,,130,130,20,32,8,16,0.2,0.3
2024-04-07T1800,1870A,109.4856,24.3895,柳州市,柳东小学,,16,,12,11,8,31,,31,31,8,8,6,6,0.9,0.9
2024-04-07T1800,1871A,109.4157,24.3277,柳州市,环保监测站,,11,,12,7,9,35,,36,36,10,12,6,7,0.8,0.9
2024-04-07T1800,1872A,109.389,24.341,柳州市,河西水厂,,,,19,,7,,,25,,,14,,5,,1.2
2024-04-07T1800,1873A,109.4311,24.2921,柳州市,市四中,,,11,14,5,5,36,,38,38,12,12,6,6,,0.9
2024-04-07T1800,1874A,109.4006,24.3631,柳州市,市九中,,22,22,20,5,11,35,,35,35,14,18,6,8,0.8,1.1
2024-04-07T1800,1875A,109.4958,24.3134,柳州市,古亭山,,16,16,12,5,6,35,,31,31,5,6,5,5,0.9,0.9
2024-04-07T1800,3402A,109.5422,24.3996,柳州市,市二中,,13,13,12,7,5,36,,31,30,10,11,7,7,0.8,0.9
2024-04-07T1800,2307A,116.5079,31.737,六安市,监测大楼,,32,24,42,22,43,64,,74,65,24,22,4,5,0.6,0.5
2024-04-07T1800,2308A,116.4738,31.7643,六安市,皖西学院,,39,39,52,18,40,70,,84,68,22,17,3,4,0.6,0.6
2024-04-07T1800,2309A,116.4996,31.7905,六安市,朝阳厂,,29,,47,20,47,72,,75,60,18,20,4,6,0.4,0.5
2024-04-07T1800,2310A,116.5567,31.7886,六安市,开发区,,26,,54,18,34,71,,72,60,16,18,4,5,0.6,0.6
2024-04-07T1800,2576A,104.8,26.5892,六盘水市,窑上,,,,,,,,,,,,,,,,
2024-04-07T1800,2577A,104.83,26.5917,六盘水市,黄土坡,,19,19,23,13,19,40,,44,33,15,14,6,6,0.6,0.7
2024-04-07T1800,2578A,104.89,26.5939,六盘水市,水钢,,20,,29,14,18,48,,46,37,13,12,7,7,0.5,0.5
2024-04-07T1800,2579A,104.8475,26.5894,六盘水市,民中,,32,,25,22,14,39,,44,34,16,13,6,6,0.6,0.7
2024-04-07T1800,2580A,104.9544,26.5506,六盘水市,双水,,15,,22,8,16,45,,47,39,11,12,6,7,0.5,0.6
2024-04-07T1800,2335A,117.0189,25.1181,龙岩市,龙岩师专,,,,,,,,,,,,,,,,
2024-04-07T1800,2336A,117.0217,25.1033,龙岩市,龙岩市监测站,,22,,14,15,16,28,,26,26,29,23,4,6,0.9,0.7
2024-04-07T1800,2337A,117.0258,25.0661,龙岩市,闽西职业技术学院,,13,11,11,5,11,29,,24,24,26,24,8,5,0.7,0.6
2024-04-07T1800,2338A,117.0196,25.0306,龙岩市,龙岩学院,,10,,11,5,6,30,,27,27,17,18,4,3,0.7,0.6
2024-04-07T1800,2665A,105.0822,33.3261,陇南市,汉王镇固水子,,,,,,,,,,,,,,,,
2024-04-07T1800,2885A,104.9339,33.3826,陇南市,滨江中学,,47,47,52,17,15,97,,94,94,7,10,7,7,0.6,0.6
2024-04-07T1800,3247A,104.955,33.371,陇南市,市总工会,,33,33,36,21,14,86,,85,85,14,11,6,5,0.5,0.5
2024-04-07T1800,2487A,111.9589,27.8901,娄底市,电视发射台,,46,46,46,23,27,47,,64,63,6,5,5,5,0.9,0.8
2024-04-07T1800,2488A,111.9975,27.725,娄底市,市监测站,,41,41,47,20,31,60,,70,70,18,15,6,8,0.6,0.5
2024-04-07T1800,2489A,112.0194,27.7314,娄底市,市委党校,,36,36,38,24,31,77,,70,70,13,15,6,6,0.5,0.5
2024-04-07T1800,2490A,111.9561,27.7569,娄底市,涟钢,,43,43,39,26,27,49,,60,60,34,17,7,2,1.3,0.7
2024-04-07T1800,2491A,111.9892,27.7044,娄底市,市政府,,43,37,37,30,29,64,,68,68,17,16,6,6,0.6,0.6
2024-04-07T1800,1893A,105.4324,28.9634,泸州市,九狮山,,16,13,16,10,10,50,,58,52,10,10,5,5,0.3,0.3
2024-04-07T1800,1894A,105.4427,28.9063,泸州市,小市上码头,,15,13,20,7,11,48,,54,51,15,13,9,10,0.4,0.5
2024-04-07T1800,1895A,105.4241,28.8573,泸州市,兰田宪桥,,19,19,19,12,14,52,,58,54,10,10,8,8,0.2,0.3
2024-04-07T1800,1896A,105.4379,28.8833,泸州市,市环监站,,14,11,17,8,14,43,,57,49,13,9,6,6,0.4,0.4
2024-04-07T1800,3490A,105.3617,28.7703,泸州市,纳溪区环保局,,22,22,21,12,11,41,,56,51,24,12,4,5,0.5,0.5
2024-04-07T1800,2183A,111.1406,37.5211,吕梁市,环保局,颗粒物(PM10),53,56,74,20,25,123,,114,114,18,39,7,7,0.5,0.4
2024-04-07T1800,2185A,111.1297,37.5136,吕梁市,自来水公司,颗粒物(PM10),52,54,94,20,30,124,,109,109,17,36,7,7,0.6,0.6
2024-04-07T1800,2867A,111.1283,37.51,吕梁市,马茂庄小学,,49,49,78,22,26,129,,117,117,18,42,7,6,0.5,0.4
2024-04-07T1800,1812A,112.3931,34.6516,洛阳市,市委党校,颗粒物(PM10),52,53,50,29,32,139,,122,122,13,17,2,4,0.5,0.5
2024-04-07T1800,1814A,112.4657,34.6871,洛阳市,豫西宾馆,颗粒物(PM10),63,75,60,32,28,164,,130,130,17,21,7,7,0.6,0.6
2024-04-07T1800,1815A,112.494,34.6886,洛阳市,河南林校,颗粒物(PM10),56,62,47,35,29,157,,123,123,8,13,6,5,0.6,0.6
2024-04-07T1800,1816A,112.3844,34.623,洛阳市,开发区管委会,颗粒物(PM10),54,57,54,30,30,133,,122,122,15,17,7,6,0.2,0.3
2024-04-07T1800,1817A,112.4267,34.6258,洛阳市,市委新办公区,颗粒物(PM10),56,62,55,27,30,131,,118,118,10,14,9,8,0.4,0.5
2024-04-07T1800,3340A,112.6005,34.6326,洛阳市,伊滨,颗粒物(PM10),60,69,56,35,35,155,,128,128,12,18,8,9,0.4,0.5
2024-04-07T1800,3341A,112.4951,34.6332,洛阳市,中移产业园,颗粒物(PM10),55,59,47,32,26,148,,124,124,13,13,7,8,0.6,0.6
2024-04-07T1800,3593A,112.5736,34.8993,洛阳市,吉利监测站,颗粒物(PM10),65,79,61,24,36,162,,138,138,16,30,5,4,0.6,0.6
2024-04-07T1800,3635A,112.3677,34.662,洛阳市,河科大西苑校区,颗粒物(PM10),51,52,56,19,29,138,,121,121,13,22,5,6,0.4,0.4
2024-04-07T1800,3636A,112.4388,34.6781,洛阳市,英才小学,颗粒物(PM10),55,60,58,30,28,148,,123,123,13,20,6,7,0.4,0.5
2024-04-07T1800,2399A,114.051,33.5699,漯河市,三五一五工厂,,49,49,54,30,36,123,,121,121,7,24,12,11,0.5,0.6
2024-04-07T1800,2400A,114.0055,33.5698,漯河市,漯河大学,颗粒物(PM10),53,55,67,29,38,124,,123,123,12,22,7,7,0.3,0.4
2024-04-07T1800,2401A,114.0138,33.5828,漯河市,市水利局,颗粒物(PM10),51,51,55,27,34,124,,124,124,12,23,12,10,0.3,0.4
2024-04-07T1800,2402A,114.0261,33.5698,漯河市,市广电局,颗粒物(PM10),52,54,57,27,35,123,,122,122,13,26,7,6,0.5,0.6
2024-04-07T1800,3478A,113.9749,33.5664,漯河市,市图书馆,,42,42,58,21,34,124,,124,124,13,26,8,8,0.5,0.6
2024-04-07T1800,3479A,114.0967,33.5906,漯河市,召陵区卫健委,,49,48,58,34,29,128,,125,125,13,27,10,7,0.5,0.5
2024-04-07T1800,1798A,118.5092,31.6837,马鞍山市,湖东路四小,,37,37,47,19,29,76,,85,85,22,14,6,7,0.6,0.6
2024-04-07T1800,1799A,118.5024,31.6449,马鞍山市,开发区,,31,31,42,15,28,81,,81,81,27,27,5,6,0.7,0.7
2024-04-07T1800,1800A,118.5228,31.7231,马鞍山市,慈湖,,32,31,46,22,29,77,,83,83,26,23,9,9,0.7,0.7
2024-04-07T1800,1802A,118.6245,31.7241,马鞍山市,濮塘,,35,28,42,24,25,75,,82,82,20,14,4,5,0.8,0.7
2024-04-07T1800,3633A,118.4918,31.6809,马鞍山市,雨山,,24,23,23,12,20,76,,86,86,27,20,4,5,0.7,0.6
2024-04-07T1800,1686A,111.0286,21.4688,茂名市,电白南海,,44,44,30,27,18,44,,49,49,13,8,7,7,0.6,0.6
2024-04-07T1800,1687A,110.9294,21.6533,茂名市,茂石化七小,颗粒物(PM10),51,51,33,31,24,43,,50,50,14,10,8,8,0.7,0.6
2024-04-07T1800,1688A,110.9107,21.6687,茂名市,健康路,,36,36,27,17,15,43,,48,47,12,9,7,6,0.5,0.4
2024-04-07T1800,1689A,110.8592,21.6828,茂名市,高岭,,46,46,36,24,19,43,,46,46,9,7,7,6,0.6,0.6
2024-04-07T1800,3450A,111.01,21.5165,茂名市,电白水东,,32,29,22,22,15,46,,48,48,12,11,5,4,0.5,0.5
2024-04-07T1800,2539A,104.0308,30.0478,眉山市,黑龙滩水库,,28,23,28,19,16,57,,75,70,10,8,2,2,1.0,0.4
2024-04-07T1800,2540A,103.8416,30.0874,眉山市,气象局,,30,30,42,5,9,57,,48,48,26,25,7,7,0.3,0.3
2024-04-07T1800,3137A,103.8578,30.0744,眉山市,市委党校,,19,17,27,9,14,59,,52,52,22,24,7,7,0.1,0.2
2024-04-07T1800,3148A,103.8291,30.0564,眉山市,区人社局,,28,28,30,7,15,56,,49,49,25,26,7,6,0.2,0.2
2024-04-07T1800,1690A,116.1231,24.3284,梅州市,梅江月梅,,8,6,6,4,5,23,,24,24,16,14,2,2,0.5,0.4
2024-04-07T1800,1691A,116.0797,24.2719,梅州市,梅县新城,,13,,6,7,6,20,,20,20,25,21,3,3,0.9,0.6
2024-04-07T1800,1692A,116.1248,24.2654,梅州市,环境监控中心,,10,,5,4,5,24,,26,24,20,14,2,4,0.8,0.6
2024-04-07T1800,3315A,116.1233,24.2991,梅州市,梅龙,,8,,3,4,4,20,,24,22,16,10,6,6,0.8,0.6
2024-04-07T1800,1878A,104.7778,31.4741,绵阳市,富乐山,,30,30,30,18,17,68,,76,76,15,15,9,7,0.5,0.5
2024-04-07T1800,1879A,104.7563,31.4535,绵阳市,市人大,,35,35,35,15,19,64,,73,73,18,26,4,7,0.5,0.5
2024-04-07T1800,1880A,104.6697,31.4668,绵阳市,高新区自来水公司,颗粒物(PM10),55,59,40,35,21,68,,74,74,18,28,8,7,0.4,0.4
2024-04-07T1800,1881A,104.7287,31.5075,绵阳市,三水厂,,30,30,36,21,23,58,,72,72,23,26,5,5,0.4,0.4
2024-04-07T1800,3491A,104.69,31.5322,绵阳市,西科大附属小学,,45,45,34,30,19,68,,75,75,19,26,7,7,0.4,0.5
2024-04-07T1800,3492A,104.5648,31.5343,绵阳市,安州区旅游局,颗粒物(PM10),51,51,34,23,18,70,,74,74,16,17,9,9,0.4,0.4
2024-04-07T1800,1784A,129.61,44.561,牡丹江市,环保大楼,,39,31,46,27,25,93,,110,107,14,9,8,6,0.4,0.4
2024-04-07T1800,1785A,129.6115,44.5782,牡丹江市,文化广场,,45,45,50,28,26,75,,98,94,20,10,10,9,0.6,0.5
2024-04-07T1800,1786A,129.5904,44.5963,牡丹江市,第一医院,,36,35,56,25,25,82,,100,97,14,7,7,7,0.6,0.5
2024-04-07T1800,1787A,129.6364,44.6075,牡丹江市,机车工厂,,50,50,64,15,21,84,,102,100,9,8,8,11,0.3,0.3
2024-04-07T1800,1788A,129.6386,44.5462,牡丹江市,第一中学,,34,34,48,13,20,84,,102,99,12,10,12,8,0.6,0.5
2024-04-07T1800,2531A,105.0703,29.61,内江市,市监测站,,25,25,23,12,13,38,,54,44,16,12,6,6,0.3,0.3
2024-04-07T1800,2532A,105.0717,29.5947,内江市,东兴区政府,,29,29,26,4,8,43,,57,46,15,13,10,10,0.3,0.3
2024-04-07T1800,2533A,105.0653,29.5817,内江市,内江二中,,16,16,17,9,10,35,,51,41,24,17,5,5,0.6,0.6
2024-04-07T1800,2534A,105.0406,29.5822,内江市,内江日报社,,15,,9,8,9,47,,58,51,18,14,6,5,0.6,0.6
2024-04-07T1800,2628A,92.0657,31.4846,那曲市,那曲监测站,,39,24,23,7,14,124,,122,122,4,5,4,6,0.4,0.5
2024-04-07T1800,3128A,92.0506,31.4797,那曲市,那曲会议中心,,47,47,25,14,10,130,,130,130,1,3,6,7,0.2,0.3
2024-04-07T1800,1290A,115.8931,28.6843,南昌市,省外办,细颗粒物(PM2.5),58,60,67,41,51,86,,86,75,26,23,6,6,0.5,0.6
2024-04-07T1800,1291A,115.8886,28.7003,南昌市,省林业公司,,41,41,50,27,42,90,,83,75,21,23,4,5,0.5,0.5
2024-04-07T1800,1292A,115.8126,28.7442,南昌市,林科所,,39,39,46,27,36,98,,100,84,18,18,7,8,0.5,0.6
2024-04-07T1800,1294A,115.8518,28.687,南昌市,建工学校,细颗粒物(PM2.5),58,52,56,41,37,88,,91,76,21,17,5,5,0.7,0.7
2024-04-07T1800,1295A,115.8921,28.6424,南昌市,象湖,细颗粒物(PM2.5),55,48,51,39,42,84,,91,76,23,21,4,5,0.7,0.7
2024-04-07T1800,1296A,115.7423,28.7996,南昌市,武术学校,细颗粒物(PM2.5),53,,24,37,40,82,,79,79,12,11,2,2,0.3,0.4
2024-04-07T1800,1298A,115.9314,28.6842,南昌市,省站,颗粒物(PM10),57,64,62,34,46,86,,87,71,18,18,8,8,0.7,0.7
2024-04-07T1800,3046A,115.9084,28.6062,南昌市,机电学校,细颗粒物(PM2.5),58,64,62,41,42,78,,86,71,28,23,7,7,0.7,0.7
2024-04-07T1800,3690A,115.9721,28.7031,南昌市,外国语学校,,49,40,55,34,40,92,,85,74,19,19,3,4,0.6,0.7
2024-04-07T1800,1905A,106.056,30.8064,南充市,西山风景区,,,,16,,13,,,68,,,6,,2,,0.3
2024-04-07T1800,1906A,106.0789,30.8023,南充市,南充市委,,33,,23,23,18,36,,47,46,25,15,13,7,0.5,0.4
2024-04-07T1800,1907A,106.1031,30.8217,南充市,南充炼油厂,,30,30,32,20,17,44,,54,54,22,13,10,5,0.3,0.2
2024-04-07T1800,1908A,106.1064,30.7856,南充市,高坪区监测站,,27,27,27,17,14,43,,54,54,20,15,6,6,0.2,0.2
2024-04-07T1800,1909A,106.0642,30.7636,南充市,嘉陵区环保局,,18,16,29,12,16,49,,49,49,14,15,6,4,0.4,0.3
2024-04-07T1800,1910A,106.1087,30.8388,南充市,市环境监测站,,32,32,29,22,18,48,,58,58,22,10,6,4,0.6,0.3
2024-04-07T1800,1151A,118.8086,32.1065,南京市,迈皋桥,细颗粒物(PM2.5),55,,53,39,52,67,,84,84,34,26,4,4,0.7,0.7
2024-04-07T1800,1152A,118.7538,32.0551,南京市,草场门,,42,36,51,29,42,74,,89,89,37,30,1,2,0.7,0.6
2024-04-07T1800,1153A,118.7794,32.0745,南京市,山西路,,42,41,60,29,50,77,,90,90,31,23,3,4,0.4,0.4
2024-04-07T1800,1154A,118.7752,32.0023,南京市,中华门,,39,39,59,27,41,74,,87,87,32,24,6,6,0.7,0.7
2024-04-07T1800,1155A,118.8109,32.0309,南京市,瑞金路,,45,41,68,31,41,59,,83,83,34,19,4,4,0.4,0.4
2024-04-07T1800,1156A,118.7997,32.0754,南京市,玄武湖,,43,41,56,30,44,60,,81,81,38,24,7,8,0.6,0.6
2024-04-07T1800,1157A,118.6414,32.0931,南京市,浦口,,41,41,48,17,34,63,,74,74,37,29,3,4,0.6,0.6
2024-04-07T1800,1158A,118.7356,31.9996,南京市,奥体中心,,42,41,69,29,44,78,,86,86,34,24,7,8,0.6,0.5
2024-04-07T1800,1159A,118.9125,32.1028,南京市,仙林大学城,,42,31,57,29,45,71,,88,88,34,26,7,8,0.6,0.6
2024-04-07T1800,3422A,118.8436,31.9198,南京市,江宁彩虹桥,,42,33,46,29,44,76,,89,89,35,22,3,4,0.5,0.6
2024-04-07T1800,3423A,119.0138,31.6494,南京市,溧水永阳,,35,,36,24,17,69,,87,87,24,17,4,4,0.5,0.5
2024-04-07T1800,3424A,118.879,31.3302,南京市,高淳老职中,,27,20,20,11,16,84,,87,86,24,21,4,7,0.5,0.5
2024-04-07T1800,3427A,118.8554,32.3578,南京市,六合雄州,,43,35,58,30,46,70,,77,77,50,44,5,8,0.8,0.9
2024-04-07T1800,1401A,108.3103,22.7881,南宁市,二十一中,,19,19,26,10,17,33,,21,21,15,18,4,4,1.0,1
2024-04-07T1800,1402A,108.3141,22.8528,南宁市,北湖,,20,20,29,4,18,28,,20,20,16,18,6,8,0.8,0.9
2024-04-07T1800,1403A,108.3206,22.8225,南宁市,市监测站,,21,21,27,6,16,26,,19,19,19,18,6,7,0.8,0.9
2024-04-07T1800,1404A,108.3829,22.8037,南宁市,大自然花园,,14,14,21,9,14,29,,24,24,15,16,6,6,0.8,0.9
2024-04-07T1800,1405A,108.4394,22.7904,南宁市,仙葫,,24,24,18,7,12,31,,30,30,17,17,6,6,0.9,1
2024-04-07T1800,1406A,108.2397,22.8467,南宁市,区农职院,,22,22,32,10,16,24,,16,16,24,24,7,6,0.9,1
2024-04-07T1800,1407A,108.3275,22.735,南宁市,英华嘉园,,16,16,23,7,14,25,,22,22,20,19,6,6,0.9,0.9
2024-04-07T1800,1408A,108.2257,22.7757,南宁市,沙井镇街道办,,27,27,34,14,17,24,,16,16,24,22,5,5,0.9,1
2024-04-07T1800,3401A,108.4834,22.7618,南宁市,红星社区,,32,32,19,14,16,29,,30,30,14,15,7,8,0.8,1
2024-04-07T1800,2331A,118.0966,26.6761,南平市,茫荡山,,,,,,,,,,,,,,,,
2024-04-07T1800,2332A,118.1681,26.6369,南平市,南平市监测站,,18,13,18,12,11,43,,43,43,15,16,4,4,0.9,0.8
2024-04-07T1800,2333A,118.1825,26.6489,南平市,南平铝业有限公司,,23,20,19,16,15,31,,42,42,23,19,7,7,1.0,0.9
2024-04-07T1800,2334A,118.1756,26.6272,南平市,南平七中,,23,,16,16,11,42,,40,40,13,12,4,4,0.8,0.7
2024-04-07T1800,1168A,120.9098,31.9663,南通市,狼山街道,,31,31,41,14,22,89,,99,99,21,21,8,9,0.5,0.5
2024-04-07T1800,1169A,120.86,32.0005,南通市,虹桥,,,40,49,23,24,91,,98,98,21,18,4,4,,0.4
2024-04-07T1800,1170A,120.87,32.02,南通市,城中,,37,37,50,23,25,96,,100,100,17,17,5,5,0.5,0.4
2024-04-07T1800,1171A,120.94,31.93,南通市,星湖花园,,36,36,39,21,24,66,,79,79,28,21,6,6,0.6,0.6
2024-04-07T1800,1172A,120.81,32.0417,南通市,紫琅学院,,32,32,42,18,22,89,,93,93,30,28,8,8,0.6,0.5
2024-04-07T1800,3291A,121.067,32.062,南通市,通州监测站,,41,41,47,14,19,94,,103,103,14,11,7,8,0.6,0.6
2024-04-07T1800,3432A,120.9348,31.9883,南通市,环境教育馆,,34,34,43,23,22,82,,98,98,25,23,6,6,0.4,0.4
2024-04-07T1800,2404A,112.5224,33.0122,南阳市,瓦房庄,,39,36,43,23,27,124,,121,121,12,21,6,5,0.5,0.5
2024-04-07T1800,2405A,112.5003,32.9735,南阳市,汉画馆,,42,42,47,20,29,115,,117,117,18,27,4,4,0.4,0.5
2024-04-07T1800,2406A,112.5573,33.027,南阳市,气象站,,39,39,43,17,21,124,,126,126,16,22,6,6,0.5,0.5
2024-04-07T1800,2407A,112.5481,32.9689,南阳市,理工学院,,38,35,42,15,24,119,,118,118,12,22,4,4,0.3,0.4
2024-04-07T1800,4008A,112.5234,32.9922,南阳市,卧龙区政府,,39,39,44,17,26,124,,120,120,12,25,5,5,0.6,0.7
2024-04-07T1800,1234A,121.8358,29.911,宁波市,区环保大楼,,,56,54,26,25,13,,39,33,91,68,10,8,,0.7
2024-04-07T1800,1235A,121.56,29.82,宁波市,万里学院,颗粒物(PM10),60,70,41,41,32,18,,44,43,80,45,12,10,0.7,0.6
2024-04-07T1800,1236A,121.713,29.9572,宁波市,龙赛医院,,,45,49,16,18,16,,50,50,,65,10,10,0.4,0.4
2024-04-07T1800,1239A,121.633,29.7733,宁波市,钱湖水厂,颗粒物(PM10),57,64,38,37,25,6,,44,35,84,33,8,8,0.8,0.7
2024-04-07T1800,1240A,121.5856,29.8635,宁波市,太古小学,颗粒物(PM10),54,58,42,32,24,33,,47,45,68,49,10,9,0.7,1
2024-04-07T1800,1241A,121.524,29.8674,宁波市,市环境监测中心,颗粒物(PM10),51,51,41,26,18,41,,56,56,66,49,7,7,0.7,0.6
2024-04-07T1800,2871A,121.6147,29.9017,宁波市,万里国际学校,颗粒物(PM10),62,73,61,35,31,42,,50,49,67,66,12,11,0.7,0.7
2024-04-07T1800,3710A,121.5594,29.8975,宁波市,白沙活动中心,,50,50,54,17,21,48,,52,52,52,56,8,8,0.5,0.5
2024-04-07T1800,2339A,119.5001,26.6946,宁德市,金涵水库,,,,,,,,,,,,,,,,
2024-04-07T1800,2341A,119.5388,26.6612,宁德市,宁德市监测站,,36,,17,25,20,61,,69,68,21,17,6,6,0.4,0.4
2024-04-07T1800,3209A,119.5231,26.6562,宁德市,宁德一中,,33,27,18,23,23,67,,76,75,14,11,7,7,0.5,0.5
2024-04-07T1800,2618A,98.8601,25.8567,怒江傈僳族自治州,州监测站,,45,45,46,17,30,119,,103,103,3,10,5,6,0.3,0.4
2024-04-07T1800,2619A,98.8546,25.8417,怒江傈僳族自治州,泸水一中,,38,38,50,17,35,107,,93,93,8,24,6,6,0.3,0.5
2024-04-07T1800,1888A,101.6891,26.571,攀枝花市,弄弄坪,颗粒物(PM10),56,61,59,24,31,98,,107,107,21,19,44,33,1.8,1.5
2024-04-07T1800,1889A,101.5769,26.5928,攀枝花市,河门口,,45,45,49,16,26,119,,118,118,8,18,7,10,0.2,0.5
2024-04-07T1800,1890A,101.7169,26.585,攀枝花市,炳草岗,,38,38,50,12,26,111,,119,119,13,19,6,12,0.7,0.9
2024-04-07T1800,1891A,101.7369,26.5008,攀枝花市,仁和,,37,27,49,14,31,118,,123,123,7,14,7,8,0.4,0.6
2024-04-07T1800,2835A,101.7227,26.567,攀枝花市,四十中小,,38,31,46,21,27,119,,126,126,10,16,10,12,0.6,0.8
2024-04-07T1800,1604A,122.0303,41.1489,盘锦市,开发区,颗粒物(PM10),55,60,105,31,85,119,,127,127,26,30,7,8,0.5,0.7
2024-04-07T1800,1605A,122.0485,41.0883,盘锦市,兴隆台,颗粒物(PM10),68,86,108,45,87,128,,127,127,24,29,11,11,0.8,0.9
2024-04-07T1800,1606A,121.8297,41.1028,盘锦市,新生街道,颗粒物(PM10),51,51,73,26,74,134,,135,133,22,26,10,13,0.5,0.8
2024-04-07T1800,1832A,113.3257,33.742,平顶山市,新华旅馆,,49,49,81,21,36,137,,122,122,13,38,11,12,0.4,0.5
2024-04-07T1800,1833A,113.2919,33.737,平顶山市,规划设计院,,45,45,67,18,36,122,,110,110,11,35,6,11,0.4,0.6
2024-04-07T1800,1834A,113.182,33.774,平顶山市,平顶山工学院,,43,43,60,14,27,122,,118,118,7,21,5,7,0.4,0.5
2024-04-07T1800,3204A,113.3025,33.73,平顶山市,规划局,,46,46,73,22,37,135,,118,118,9,32,8,13,0.5,0.4
2024-04-07T1800,3594A,112.8867,33.9116,平顶山市,石龙区,颗粒物(PM10),55,59,86,23,33,124,,110,110,13,35,11,11,0.4,0.5
2024-04-07T1800,2656A,106.6692,35.5461,平凉市,聚贤嘉苑,,50,50,52,27,27,116,,111,111,16,32,7,8,0.3,0.3
2024-04-07T1800,2657A,106.7021,35.5307,平凉市,博物馆,颗粒物(PM10),60,69,59,24,28,118,,113,113,11,29,8,10,0.3,0.4
2024-04-07T1800,2347A,114.0997,27.5002,萍乡市,武功山,,32,31,26,22,18,64,,61,61,14,9,9,9,0.4,0.3
2024-04-07T1800,2348A,113.8385,27.6434,萍乡市,中医院,细颗粒物(PM2.5),65,61,48,47,37,71,,82,82,22,17,2,7,0.9,0.8
2024-04-07T1800,2349A,113.8493,27.6253,萍乡市,市政府车库,细颗粒物(PM2.5),57,55,46,40,30,66,,81,81,18,12,8,12,0.9,0.9
2024-04-07T1800,2350A,113.8676,27.6435,萍乡市,市环保局,颗粒物(PM10),56,61,40,28,29,58,,76,75,22,12,5,10,0.9,0.7
2024-04-07T1800,2351A,113.866,27.6198,萍乡市,安源区政府,细颗粒物(PM2.5),54,50,43,38,33,60,,78,78,19,17,6,10,0.8,0.8
2024-04-07T1800,2319A,119.0141,25.4325,莆田市,荔城区仓后路,,21,21,20,13,14,54,,64,52,25,22,5,5,0.7,0.7
2024-04-07T1800,2320A,119.0015,25.4553,莆田市,莆田市监测站,,28,28,20,15,13,44,,59,43,29,24,6,6,0.4,0.6
2024-04-07T1800,2321A,119.1119,25.4561,莆田市,涵江区六中,,21,21,19,12,12,33,,50,44,39,35,6,6,0.7,0.8
2024-04-07T1800,2322A,119.1013,25.3215,莆田市,秀屿区政府,,24,20,17,9,10,74,,83,80,19,14,11,9,1.0,0.9
2024-04-07T1800,2323A,118.981,25.4792,莆田市,东圳水库,,,,,,,,,,,,,,,,
2024-04-07T1800,2392A,115.0312,35.7636,濮阳市,环保局,颗粒物(PM10),51,51,45,22,28,134,,122,122,11,13,9,9,0.5,0.5
2024-04-07T1800,2394A,115.0574,35.7609,濮阳市,油田运输公司,颗粒物(PM10),54,58,56,22,31,150,,133,133,14,17,11,11,0.3,0.4
2024-04-07T1800,2395A,115.0866,35.7754,濮阳市,油田物探公司,颗粒物(PM10),59,68,62,31,39,138,,129,129,16,18,9,9,0.3,0.3
2024-04-07T1800,3021A,115,35.7668,濮阳市,濮水河管理处,,44,44,50,20,33,127,,119,119,10,14,8,9,0.4,0.4
2024-04-07T1800,2601A,100.98,22.7633,普洱市,市环保局,细颗粒物(PM2.5),87,87,136,64,85,153,,153,153,9,17,9,10,0.6,0.8
2024-04-07T1800,2602A,100.9817,22.8322,普洱市,普洱第二中学,颗粒物(PM10),61,72,119,41,71,152,,161,161,10,29,12,13,0.4,0.8
2024-04-07T1800,2262A,131.0518,45.8751,七台河市,新一中,,32,16,30,2,20,101,,108,107,9,11,7,9,0.6,0.8
2024-04-07T1800,3345A,131.0577,45.7879,七台河市,中波台,,29,13,39,5,20,92,,98,97,14,20,5,7,0.6,0.6
2024-04-07T1800,3637A,131.0176,45.7761,七台河市,人民广场,,30,30,44,17,30,91,,97,96,15,20,5,8,0.7,0.8
2024-04-07T1800,3684A,130.8781,45.8222,七台河市,新建矿广场,,30,,27,17,26,93,,99,98,13,15,6,9,0.6,0.6
2024-04-07T1800,1779A,123.9305,47.3636,齐齐哈尔市,安居小区,,40,40,66,12,18,77,,86,86,7,11,9,10,0.3,0.3
2024-04-07T1800,1780A,123.9488,47.3386,齐齐哈尔市,中心广场,细颗粒物(PM2.5),52,52,72,36,16,76,,85,85,8,10,5,6,0.3,0.3
2024-04-07T1800,1781A,123.9483,47.3227,齐齐哈尔市,农牧车辆厂,,39,39,65,16,14,79,,86,86,6,9,6,6,0.3,0.3
2024-04-07T1800,1783A,123.945,47.2988,齐齐哈尔市,市环境监测站,,,54,78,,17,80,,87,87,6,8,3,3,0.2,0.3
2024-04-07T1800,3662A,123.6333,47.2075,齐齐哈尔市,富区青少年活动中心,,48,48,74,17,17,81,,85,85,6,11,5,10,0.3,0.4
2024-04-07T1800,2591A,107.9783,26.5747,黔东南苗族侗族自治州,市环境监测站,,23,14,16,13,17,72,,73,73,12,9,3,2,0.4,0.5
2024-04-07T1800,2881A,107.8908,26.5311,黔东南苗族侗族自治州,凯里学院,,24,11,12,10,9,75,,78,78,9,7,3,2,0.4,0.4
2024-04-07T1800,2593A,107.5228,26.2403,黔南布依族苗族自治州,小围寨,,19,12,7,7,4,59,,64,64,8,6,6,3,0.5,0.6
2024-04-07T1800,3538A,107.5175,26.2978,黔南布依族苗族自治州,沙坝,,19,19,11,7,5,56,,68,67,11,6,5,4,0.4,0.4
2024-04-07T1800,2589A,104.9022,25.0925,黔西南布依族苗族自治州,场坝街,,26,26,21,14,12,59,,47,47,8,9,2,2,0.4,0.4
2024-04-07T1800,2590A,104.8811,25.0992,黔西南布依族苗族自治州,坪东大道,,25,23,22,17,13,62,,47,47,5,7,1,1,0.4,0.4
2024-04-07T1800,2502A,108.6236,21.9667,钦州市,市环保站,,39,39,25,7,11,33,,24,24,16,17,5,6,1.1,1.3
2024-04-07T1800,2503A,108.6549,21.9481,钦州市,沙埠小学,,22,22,25,11,15,41,,25,25,14,18,5,6,0.9,1.2
2024-04-07T1800,2504A,108.5989,21.7431,钦州市,港区一小,,50,50,46,15,18,32,,23,23,19,20,7,7,0.9,1
2024-04-07T1800,3404A,108.5959,21.9633,钦州市,北职校,,23,23,24,14,18,29,,26,26,13,14,7,7,0.9,1.1
2024-04-07T1800,1042A,119.5134,39.8207,秦皇岛市,北戴河环保局,细颗粒物(PM2.5),102,136,145,76,78,158,,146,146,23,34,12,15,0.5,0.8
2024-04-07T1800,1043A,119.7493,40.0116,秦皇岛市,第一关,颗粒物(PM10),85,120,136,54,78,158,,150,150,23,55,12,14,0.7,0.8
2024-04-07T1800,1044A,119.5897,39.9499,秦皇岛市,监测站,细颗粒物(PM2.5),80,98,133,59,79,155,,154,154,29,54,10,15,0.5,0.8
2024-04-07T1800,1046A,119.5251,39.9041,秦皇岛市,建设大厦,颗粒物(PM10),73,95,124,44,60,150,,152,152,17,41,8,16,0.2,0.6
2024-04-07T1800,3132A,119.610547,39.943889,秦皇岛市,文明里,细颗粒物(PM2.5),80,103,146,59,80,162,,156,156,34,57,10,13,0.6,0.8
2024-04-07T1800,1307A,120.6659,36.2403,青岛市,仰口,颗粒物(PM10),56,61,52,36,30,131,,138,138,18,14,6,5,0.8,0.4
2024-04-07T1800,1310A,120.4134,36.0658,青岛市,市南区东部子站,颗粒物(PM10),58,66,43,34,22,98,,82,82,15,21,6,6,0.7,0.6
2024-04-07T1800,1311A,120.3664,36.1032,青岛市,四方区子站,颗粒物(PM10),58,66,59,39,33,112,,114,114,28,33,4,5,0.9,0.9
2024-04-07T1800,1312A,120.2994,36.054,青岛市,市南区西部子站,,46,44,27,32,20,96,,81,81,23,20,6,6,0.8,0.7
2024-04-07T1800,1313A,120.4581,36.0858,青岛市,崂山区子站,颗粒物(PM10),57,63,33,36,20,113,,84,84,15,18,7,6,0.6,0.5
2024-04-07T1800,1314A,120.1983,35.9608,青岛市,黄岛区子站,颗粒物(PM10),51,51,42,32,29,108,,105,105,20,20,6,7,0.8,0.7
2024-04-07T1800,1315A,120.3999,36.3083,青岛市,城阳区子站,颗粒物(PM10),54,58,71,17,28,97,,124,124,41,39,8,10,0.6,0.8
2024-04-07T1800,1966A,120.0405,35.8735,青岛市,黄岛区4号,,48,48,46,27,26,86,,83,83,36,32,8,9,0.8,0.7
2024-04-07T1800,3362A,120.5014,36.4034,青岛市,即墨2号,颗粒物(PM10),55,59,79,16,38,104,,136,136,25,24,5,7,0.5,0.7
2024-04-07T1800,3642A,120.3503,36.0736,青岛市,市北区南部,颗粒物(PM10),57,63,47,29,23,116,,107,107,20,22,6,7,0.7,0.6
2024-04-07T1800,3643A,120.3948,36.1805,青岛市,李沧区北部,颗粒物(PM10),56,61,69,31,32,110,,129,129,35,38,8,10,0.6,0.8
2024-04-07T1800,1702A,113.0426,23.691,清远市,环保大楼,,10,4,12,2,3,14,,15,15,16,14,3,3,1.0,0.8
2024-04-07T1800,1703A,113.0208,23.7106,清远市,凤城街办,,16,11,10,6,6,4,,9,9,31,27,4,4,0.8,0.7
2024-04-07T1800,3025A,113.0477,23.6344,清远市,技师学院,,9,4,10,2,5,17,,17,17,18,21,3,4,0.8,0.7
2024-04-07T1800,3318A,112.9903,23.7403,清远市,清新太和,,17,11,10,6,5,6,,8,6,33,29,6,5,0.8,0.8
2024-04-07T1800,3455A,113.076,23.7198,清远市,清城东城,,11,4,7,1,3,13,,20,20,22,17,4,4,0.7,0.7
2024-04-07T1800,2661A,107.6325,35.7357,庆阳市,庆阳五中,颗粒物(PM10),55,59,69,28,41,131,,128,128,10,15,4,7,0.4,0.5
2024-04-07T1800,2662A,107.6364,35.7067,庆阳市,市环保局,,44,44,60,22,35,132,,127,127,11,15,6,9,0.3,0.4
2024-04-07T1800,1916A,103.7897,25.5035,曲靖市,环境监测站,颗粒物(PM10),58,66,75,18,40,126,,133,133,6,13,1,7,0.5,0.9
2024-04-07T1800,1917A,103.8,25.5364,曲靖市,烟厂办公区,颗粒物(PM10),55,60,75,21,39,128,,134,134,4,13,4,6,0.5,0.8
2024-04-07T1800,3376A,103.7947,25.462,曲靖市,南苑二区,,38,38,70,23,41,113,,120,119,8,13,6,13,0.5,0.7
2024-04-07T1800,3377A,103.7444,25.5261,曲靖市,曲靖师范学院,颗粒物(PM10),55,59,72,20,48,118,,125,125,5,18,5,20,0.4,0.7
2024-04-07T1800,1264A,118.8692,28.9398,衢州市,环保大楼,,15,14,25,10,19,33,,51,42,24,19,5,5,0.5,0.5
2024-04-07T1800,1265A,118.8709,28.9666,衢州市,实验学校,,13,11,22,7,16,40,,48,47,17,18,8,7,0.6,0.6
2024-04-07T1800,1266A,118.8621,28.9808,衢州市,衢州学院,,13,9,19,6,15,39,,49,48,22,21,5,5,0.6,0.5
2024-04-07T1800,1611A,118.5819,24.9117,泉州市,涂山街,,22,20,13,12,12,69,,67,67,21,18,3,3,0.7,0.8
2024-04-07T1800,1612A,118.5972,24.8978,泉州市,津头埔,,23,12,11,12,12,71,,66,66,24,23,4,4,0.7,0.7
2024-04-07T1800,1613A,118.6663,24.9424,泉州市,万安,,26,15,14,9,10,81,,77,77,16,17,3,3,0.6,0.7
2024-04-07T1800,1614A,118.6117,24.9604,泉州市,清源山,,,,,,,,,,,,,,,,
2024-04-07T1800,3529A,118.6333,24.9264,泉州市,城华南路,,22,11,13,9,10,69,,67,67,28,25,3,3,0.3,0.4
2024-04-07T1800,2626A,88.8876,29.2718,日喀则市,日喀则监测站,,43,14,16,5,8,135,,139,139,4,5,2,4,0.3,0.4
2024-04-07T1800,3726A,88.8781,29.2426,日喀则市,林业技术推广中心,,42,11,16,0,7,134,,140,140,4,4,5,5,0.4,0.4
2024-04-07T1800,1659A,119.471,35.4209,日照市,监测站,颗粒物(PM10),54,58,73,26,37,57,,110,109,82,54,14,13,0.6,0.9
2024-04-07T1800,1660A,119.523,35.4216,日照市,市政府广场,颗粒物(PM10),58,66,78,21,37,92,,115,115,40,46,9,14,0.6,0.9
2024-04-07T1800,1661A,119.5587,35.4044,日照市,港务局,颗粒物(PM10),58,66,92,23,36,74,,102,102,40,52,6,10,0.5,0.7
2024-04-07T1800,3507A,119.5328,35.4625,日照市,职业技术学院,颗粒物(PM10),53,56,77,27,34,90,,101,101,30,43,8,12,0.7,1
2024-04-07T1800,3604A,119.3266,35.1044,日照市,岚山环保分局,,48,48,74,20,46,76,,114,114,43,31,9,11,0.6,0.9
2024-04-07T1800,1835A,111.1922,34.7752,三门峡市,市政府,,49,49,59,18,32,129,,131,131,20,31,7,9,0.3,0.5
2024-04-07T1800,1836A,111.1587,34.7942,三门峡市,开发区,,40,37,65,12,33,127,,129,129,14,23,9,11,0.3,0.4
2024-04-07T1800,1838A,111.143,34.7955,三门峡市,风景区,,,,,,,,,,,,,,,,
2024-04-07T1800,3039A,111.1911,34.7829,三门峡市,三门峡市第一小学,颗粒物(PM10),53,55,58,15,29,132,,133,133,11,19,6,8,0.4,0.5
2024-04-07T1800,3598A,111.1,34.7167,三门峡市,富达温泉假日酒店,,41,41,61,12,27,124,,122,122,4,21,6,9,0.3,0.4
2024-04-07T1800,2324A,117.6211,26.2625,三明市,三钢,,29,27,24,20,18,25,,24,24,20,17,5,6,0.8,0.7
2024-04-07T1800,2325A,117.635,26.2714,三明市,三明二中,,28,27,22,19,18,24,,24,24,26,20,4,4,0.7,0.9
2024-04-07T1800,2326A,117.6028,26.2378,三明市,三元区政府,,28,28,25,19,17,18,,22,22,29,20,8,8,1.6,1.1
2024-04-07T1800,2327A,117.7275,26.3108,三明市,洋溪,,,,,,,,,,,,,,,,
2024-04-07T1800,1876A,109.5078,18.2489,三亚市,河东子站,,18,18,27,10,18,49,,49,49,5,3,3,3,0.3,0.3
2024-04-07T1800,1877A,109.4964,18.2681,三亚市,河西子站,,17,17,25,9,17,53,,51,51,6,5,4,4,0.3,0.3
2024-04-07T1800,3540A,109.7348,18.3443,三亚市,君悦子站,,24,24,23,8,15,54,,52,52,4,6,2,2,0.2,0.2
2024-04-07T1800,2624A,91.7608,29.2313,山南市,山南监测站,颗粒物(PM10),58,66,22,11,11,136,,136,136,8,3,4,6,0.3,0.3
2024-04-07T1800,2625A,91.7706,29.2436,山南市,山南人民医院,颗粒物(PM10),59,68,33,17,15,134,,137,137,19,9,6,7,0.2,0.3
2024-04-07T1800,1674A,116.6794,23.3667,汕头市,金平子站,,19,18,15,10,10,58,,72,69,20,12,2,2,0.8,0.8
2024-04-07T1800,1675A,116.7244,23.3633,汕头市,龙湖子站,,19,19,15,10,14,58,,73,69,17,9,5,5,0.7,0.7
2024-04-07T1800,1676A,116.7258,23.2775,汕头市,濠江子站,,18,,15,12,11,54,,70,64,18,9,4,4,0.8,0.8
2024-04-07T1800,1677A,116.7519,23.4714,汕头市,澄海子站,,18,,13,12,12,56,,73,62,23,14,5,5,0.9,0.8
2024-04-07T1800,1678A,116.6092,23.2539,汕头市,潮阳子站,,26,26,22,11,11,45,,71,56,20,8,4,4,0.9,0.7
2024-04-07T1800,3444A,116.454,23.2684,汕头市,潮南峡山,,17,17,26,7,15,51,,60,57,22,15,5,5,0.8,0.8
2024-04-07T1800,3624A,116.4069,23.2533,汕头市,潮南子站,,36,36,35,13,22,39,,54,44,32,20,5,5,0.9,0.8
2024-04-07T1800,1693A,115.3653,22.775,汕尾市,市环保局,,38,38,21,24,16,49,,83,82,18,10,10,10,0.9,0.7
2024-04-07T1800,1694A,115.3706,22.7898,汕尾市,市政府,,40,40,21,27,20,44,,78,77,22,12,5,6,0.8,0.7
2024-04-07T1800,1695A,115.3622,22.7925,汕尾市,新城中学,,49,49,23,21,15,42,,77,76,9,5,6,6,0.8,0.7
2024-04-07T1800,2645A,109.9154,33.8715,商洛市,监测站,,35,35,35,15,15,102,,110,110,15,20,7,7,0.4,0.4
2024-04-07T1800,3045A,109.9643,33.8471,商洛市,商州区中学,,38,38,46,18,14,104,,109,109,14,21,7,7,0.3,0.3
2024-04-07T1800,2408A,115.6702,34.4285,商丘市,环境监测站,颗粒物(PM10),53,55,50,30,39,127,,129,129,8,22,6,7,0.3,0.6
2024-04-07T1800,2409A,115.6458,34.4045,商丘市,粮食局,,49,43,49,34,38,128,,130,130,13,17,8,8,0.4,0.4
2024-04-07T1800,2410A,115.6293,34.3948,商丘市,睢阳区环保局,颗粒物(PM10),51,51,56,22,28,135,,138,138,14,24,10,11,0.3,0.4
2024-04-07T1800,3171A,115.6071,34.4465,商丘市,梁园区档案局,颗粒物(PM10),52,53,51,27,34,127,,128,128,12,18,9,9,0.4,0.4
2024-04-07T1800,1141A,121.4,31.238,上海市,普陀,,39,39,46,27,30,93,,78,78,35,35,4,5,0.7,0.6
2024-04-07T1800,1142A,121.478,31.2036,上海市,十五厂,,34,34,40,21,25,90,,86,86,41,35,8,8,0.7,0.7
2024-04-07T1800,1143A,121.467,31.3008,上海市,虹口,,49,49,43,31,32,34,,69,57,92,56,8,8,0.7,0.7
2024-04-07T1800,1144A,121.412,31.1654,上海市,徐汇上师大,,43,36,40,30,32,79,,88,88,44,33,6,6,0.6,0.5
2024-04-07T1800,1145A,121.536,31.2659,上海市,杨浦四漂,,43,43,47,26,33,67,,71,71,67,49,8,8,0.6,0.4
2024-04-07T1800,1147A,121.425,31.2261,上海市,静安监测站,,36,31,40,25,32,98,,86,86,37,38,7,8,0.6,0.5
2024-04-07T1800,1148A,121.703,31.1907,上海市,浦东川沙,,35,32,36,24,26,96,,98,98,37,36,6,6,0.5,0.5
2024-04-07T1800,1149A,121.533,31.2284,上海市,浦东新区监测站,,29,29,39,19,28,83,,86,86,48,32,6,7,0.5,0.5
2024-04-07T1800,1150A,121.577,31.2071,上海市,浦东张江,,43,32,36,30,29,86,,92,92,47,33,5,5,0.7,0.7
2024-04-07T1800,3265A,121.4316,31.3322,上海市,宝山庙行,细颗粒物(PM2.5),60,43,43,43,36,29,,56,39,87,56,6,6,0.9,0.7
2024-04-07T1800,3266A,121.8791,31.4662,上海市,崇明上实东滩,,33,30,28,22,18,104,,108,108,15,13,8,8,0.6,0.6
2024-04-07T1800,3268A,121.3162,31.2838,上海市,嘉定南翔,,38,36,48,26,30,48,,50,46,67,54,7,8,0.6,0.7
2024-04-07T1800,3269A,121.3359,30.7456,上海市,金山新城,,,28,35,22,23,108,,100,100,24,23,,5,0.8,0.6
2024-04-07T1800,3270A,121.4996,31.0739,上海市,闵行浦江,,38,32,40,26,30,86,,86,86,47,40,6,6,0.5,0.4
2024-04-07T1800,3271A,121.2886,31.1663,上海市,青浦徐泾,,39,33,41,27,29,76,,84,84,44,32,5,5,0.6,0.6
2024-04-07T1800,3272A,121.2186,31.0378,上海市,松江图书馆,,36,35,44,25,30,73,,80,80,50,39,6,6,0.7,0.7
2024-04-07T1800,3273A,121.3902,31.2059,上海市,长宁仙霞,,40,34,41,28,27,83,,85,85,43,40,8,8,0.7,0.6
2024-04-07T1800,3274A,121.7965,31.0507,上海市,浦东惠南,,42,35,35,29,32,104,,102,102,29,27,6,6,0.7,0.7
2024-04-07T1800,3544A,121.4891,30.925,上海市,奉贤南桥新城,,35,28,37,24,33,96,,102,102,33,27,8,8,0.6,0.5
2024-04-07T1800,2381A,118.005,28.4572,上饶市,百草园,,33,,25,23,12,37,,46,39,13,9,1,2,0.5,0.5
2024-04-07T1800,2382A,117.9756,28.4436,上饶市,市监测站,,21,21,25,12,14,40,,51,43,17,13,2,2,0.7,0.7
2024-04-07T1800,2383A,117.9519,28.4628,上饶市,凤凰光学,,15,14,23,10,17,37,,43,40,22,17,4,4,0.7,0.7
2024-04-07T1800,3413A,118.1953,28.4401,上饶市,广丰区教体局,,35,26,34,24,27,38,,47,44,24,16,4,8,1.0,1
2024-04-07T1800,3685A,117.897,28.4315,上饶市,双创科技城,,23,23,28,9,18,32,,45,37,25,17,3,3,1.0,0.9
2024-04-07T1800,1669A,113.5824,24.7733,韶关市,市八中,,10,10,7,5,5,30,,33,33,13,9,10,9,0.7,0.7
2024-04-07T1800,1671A,113.5917,24.7972,韶关市,园林处,,10,5,4,2,3,32,,34,34,8,7,6,6,0.6,0.6
2024-04-07T1800,1672A,113.6735,24.7791,韶关市,韶关学院,,10,8,4,4,1,32,,34,34,9,8,10,8,0.7,0.6
2024-04-07T1800,1673A,113.5971,24.6863,韶关市,曲江监测站,,10,10,8,5,4,31,,27,27,17,13,7,8,0.8,0.8
2024-04-07T1800,3622A,113.5556,24.8082,韶关市,碧湖山庄,,9,5,10,2,6,28,,33,32,7,7,7,7,0.6,0.6
2024-04-07T1800,2462A,111.5239,27.3033,邵阳市,市水土所,,33,32,26,23,26,47,,53,53,8,6,6,5,0.9,0.7
2024-04-07T1800,2463A,111.4733,27.2317,邵阳市,市一中,,36,31,34,25,25,74,,71,71,14,13,7,7,0.6,0.5
2024-04-07T1800,2464A,111.5283,27.2442,邵阳市,市化工厂,,40,36,36,28,29,67,,67,67,20,15,8,6,0.7,0.7
2024-04-07T1800,2465A,111.4503,27.2537,邵阳市,市罐头厂,,33,30,33,23,27,63,,74,70,22,14,6,6,0.8,0.6
2024-04-07T1800,2466A,111.4328,27.2272,邵阳市,市环保局,,,33,31,22,29,64,,74,70,,10,2,3,0.6,0.5
2024-04-07T1800,1247A,120.6053,29.9928,绍兴市,城东开发委,细颗粒物(PM2.5),52,47,40,36,29,71,,70,70,36,27,8,8,0.6,0.6
2024-04-07T1800,2921A,120.5483,30.0003,绍兴市,树下王站,,40,40,42,28,32,74,,71,71,34,31,8,8,0.6,0.6
2024-04-07T1800,3408A,120.5683,29.9361,绍兴市,绍兴中专,,45,36,29,31,22,58,,77,75,32,21,7,7,0.5,0.5
2024-04-07T1800,3409A,120.4906,30.0861,绍兴市,柯桥区政府,细颗粒物(PM2.5),62,62,46,44,28,66,,65,65,42,32,4,6,0.7,0.7
2024-04-07T1800,3410A,120.8752,30.0249,绍兴市,重华小学,细颗粒物(PM2.5),63,56,40,45,32,47,,68,67,53,29,12,8,0.6,0.7
2024-04-07T1800,3411A,120.8369,30.0137,绍兴市,上虞中学,细颗粒物(PM2.5),62,61,41,44,33,57,,71,71,43,27,10,6,0.7,0.7
2024-04-07T1800,3560A,120.4722,30.0415,绍兴市,柯桥妇保,细颗粒物(PM2.5),68,51,44,49,38,71,,72,72,40,34,6,7,0.5,0.6
2024-04-07T1800,3658A,120.6153,30.0764,绍兴市,袍江中学,细颗粒物(PM2.5),53,52,37,37,26,85,,75,75,32,28,12,13,0.6,0.6
2024-04-07T1800,1356A,114.1063,22.5545,深圳市,通心岭子站,,33,33,25,23,15,24,,49,44,24,11,5,5,0.4,0.4
2024-04-07T1800,1357A,114.117,22.5625,深圳市,洪湖,,38,37,27,26,16,29,,55,50,25,17,4,4,0.5,0.4
2024-04-07T1800,1358A,113.987,22.5417,深圳市,华侨城,,39,35,23,27,16,28,,46,43,14,12,4,2,0.5,0.6
2024-04-07T1800,1359A,113.9181,22.5171,深圳市,南海子站,,38,38,28,25,15,29,,43,40,23,21,9,7,0.6,0.6
2024-04-07T1800,1360A,114.2458,22.5689,深圳市,盐田,,39,39,27,18,15,41,,42,39,34,35,3,3,0.6,0.6
2024-04-07T1800,1361A,114.2283,22.7244,深圳市,龙岗,,30,30,25,17,14,30,,59,55,23,10,4,4,0.6,0.5
2024-04-07T1800,1363A,114.494,22.5422,深圳市,南澳,,29,29,20,14,8,70,,74,74,6,4,6,6,0.7,0.6
2024-04-07T1800,1364A,114.41,22.6342,深圳市,葵涌,,28,25,20,19,12,35,,69,57,16,9,4,4,0.6,0.7
2024-04-07T1800,1365A,114.297,22.5978,深圳市,梅沙,颗粒物(PM10),57,63,30,15,11,54,,64,63,8,4,6,5,0.6,0.5
2024-04-07T1800,1366A,114.0678,22.738,深圳市,观澜,,37,37,28,22,17,17,,38,35,34,18,6,6,0.7,0.6
2024-04-07T1800,3305A,114.0731,22.559,深圳市,莲花,,30,30,23,19,14,12,,46,37,20,12,6,6,0.6,0.5
2024-04-07T1800,3306A,114.0261,22.6198,深圳市,民治,,33,30,22,23,15,22,,42,37,27,17,6,4,0.5,0.5
2024-04-07T1800,3307A,114.1871,22.6451,深圳市,横岗,,46,46,28,23,18,24,,53,48,43,19,2,2,0.6,0.6
2024-04-07T1800,3447A,114.3551,22.7151,深圳市,坪山,,28,28,24,18,14,29,,59,54,24,13,4,4,0.5,0.6
2024-04-07T1800,3623A,113.8953,22.5861,深圳市,西乡,,39,39,28,16,12,26,,36,35,24,22,9,7,0.6,0.7
2024-04-07T1800,1098A,123.6836,41.9339,沈阳市,森林路,,,,,,,,,,,,,,,,
2024-04-07T1800,1099A,123.505,41.7406,沈阳市,浑南东路,,37,33,141,16,89,117,,132,131,21,35,16,21,0.6,1.2
2024-04-07T1800,1100A,123.4231,41.6989,沈阳市,新秀街,,37,37,140,22,88,106,,126,124,28,38,25,27,0.5,1.1
2024-04-07T1800,1102A,123.5903,41.8411,沈阳市,东陵路,颗粒物(PM10),51,52,119,18,87,125,,140,139,18,28,12,17,0.4,1
2024-04-07T1800,1103A,123.4264,41.8467,沈阳市,陵东街,,37,31,119,16,78,118,,130,130,23,33,8,13,0.7,1.2
2024-04-07T1800,1104A,123.4114,41.7653,沈阳市,文化路,,39,34,138,16,88,123,,135,135,17,30,8,16,0.5,1
2024-04-07T1800,1105A,123.4678,41.7867,沈阳市,小河沿,,38,38,127,17,82,117,,130,130,20,30,9,16,0.6,1.1
2024-04-07T1800,1106A,123.4017,41.7972,沈阳市,太原街,颗粒物(PM10),52,54,125,18,81,115,,131,130,25,34,10,17,0.3,0.8
2024-04-07T1800,1108A,123.3783,41.9228,沈阳市,京沈街,颗粒物(PM10),61,72,111,17,91,120,,133,133,22,31,15,17,0.4,0.9
2024-04-07T1800,2897A,123.2444,41.7347,沈阳市,沈辽西路,,46,46,157,17,84,115,,130,129,22,31,10,16,0.6,1.1
2024-04-07T1800,2900A,123.5953,41.9086,沈阳市,裕农路,,40,40,123,21,78,124,,132,132,20,31,8,13,0.6,1.1
2024-04-07T1800,2428A,111.0419,32.395,十堰市,武当山,,31,26,19,10,10,99,,97,97,11,10,12,12,0.6,0.6
2024-04-07T1800,2429A,110.78,32.6494,十堰市,滨河新村,,31,31,38,14,18,91,,92,92,24,30,9,9,0.7,0.7
2024-04-07T1800,2430A,110.7258,32.6389,十堰市,刘家沟,,31,24,33,15,11,98,,97,97,15,16,8,9,0.5,0.7
2024-04-07T1800,2431A,110.8839,32.5714,十堰市,铁二处,,34,24,23,15,11,107,,106,106,11,11,7,7,0.8,0.9
2024-04-07T1800,3545A,110.8054,32.8401,十堰市,郧阳区金沙路,,26,26,28,16,20,80,,81,81,13,15,7,7,0.7,0.7
2024-04-07T1800,2709A,86.0497,44.2967,石河子市,艾青诗歌馆,,40,25,24,19,16,125,,110,110,5,15,8,8,0.6,0.6
2024-04-07T1800,2710A,86.0697,44.3075,石河子市,阳光学校,,40,32,27,2,10,127,,111,111,2,10,7,8,0.5,0.6
2024-04-07T1800,3442A,86.047,44.2331,石河子市,南区管委会,,37,27,22,2,11,117,,109,109,7,10,7,7,0.4,0.4
2024-04-07T1800,1029A,114.4422,38.0444,石家庄市,职工医院,颗粒物(PM10),94,138,114,52,61,184,,137,137,16,35,10,8,0.9,0.8
2024-04-07T1800,1030A,114.6063,38.0266,石家庄市,高新区,细颗粒物(PM2.5),102,108,123,76,70,165,,131,131,14,30,6,4,0.9,0.8
2024-04-07T1800,1031A,114.4898,38.1328,石家庄市,西北水源,细颗粒物(PM2.5),122,128,122,92,79,160,,128,128,17,33,8,6,0.6,0.7
2024-04-07T1800,1032A,114.4586,38.0058,石家庄市,西南高教,"颗粒物(PM10),细颗粒物(PM2.5)",94,137,118,70,60,183,,140,140,17,28,10,7,0.9,0.7
2024-04-07T1800,1033A,114.5331,38.0178,石家庄市,世纪公园,颗粒物(PM10),97,143,121,70,69,172,,134,134,16,24,10,6,0.9,0.8
2024-04-07T1800,1034A,114.509,38.0457,石家庄市,人民会堂,细颗粒物(PM2.5),92,111,117,68,71,173,,129,129,14,26,9,6,0.7,0.7
2024-04-07T1800,1035A,114.3524,37.8911,石家庄市,封龙山,细颗粒物(PM2.5),114,156,97,86,44,190,,136,136,19,16,9,5,1.1,0.7
2024-04-07T1800,2862A,114.5481,38.0378,石家庄市,22中南校区,细颗粒物(PM2.5),93,111,124,69,68,175,,133,133,12,24,8,5,0.9,0.8
2024-04-07T1800,3456A,114.289,38.0906,石家庄市,鹿泉一中,"颗粒物(PM10),细颗粒物(PM2.5)",100,149,102,75,52,171,,131,131,16,23,7,5,0.6,0.6
2024-04-07T1800,3573A,114.8506765,38.0322033,石家庄市,藁城区实验学校,颗粒物(PM10),80,110,136,40,62,151,,133,133,13,28,9,7,0.7,0.7
2024-04-07T1800,3574A,114.0504658,38.0591645,石家庄市,井陉矿区区委大楼,颗粒物(PM10),62,73,94,26,34,142,,122,122,18,47,4,8,0.3,0.5
2024-04-07T1800,4024A,114.6549,37.9020,石家庄市,栾城区星河路,细颗粒物(PM2.5),93,113,125,69,83,150,,150,150,14,31,7,8,0.9,1
2024-04-07T1800,1947A,106.3394,38.817,石嘴山市,沙湖旅游区,颗粒物(PM10),55,60,76,26,26,148,,126,126,13,31,36,26,0.8,1.1
2024-04-07T1800,1948A,106.3668,39.0145,石嘴山市,大武口朝阳西街,颗粒物(PM10),54,58,66,33,32,134,,121,121,21,33,30,37,0.8,0.7
2024-04-07T1800,1949A,106.7704,39.2282,石嘴山市,惠农南大街,,50,50,54,22,19,118,,104,104,21,32,19,16,0.8,0.6
2024-04-07T1800,1950A,106.7099,39.1325,石嘴山市,红果子镇惠新街,颗粒物(PM10),51,51,59,25,21,122,,109,109,23,35,18,13,0.5,0.3
2024-04-07T1800,3520A,106.3495,38.9836,石嘴山市,妇女儿童医院,,46,46,52,23,21,135,,122,122,20,29,21,27,0.7,0.7
2024-04-07T1800,3521A,106.7492,39.2069,石嘴山市,石大公路,颗粒物(PM10),54,58,66,32,27,127,,110,110,16,40,9,8,0.7,0.5
2024-04-07T1800,2248A,131.1511,46.6937,双鸭山市,双合村,,30,15,33,8,17,94,,97,97,11,10,12,17,0.3,0.5
2024-04-07T1800,2249A,131.1652,46.6191,双鸭山市,南小市,,30,27,26,18,15,96,,98,98,13,7,6,8,0.4,0.3
2024-04-07T1800,2250A,131.1524,46.6554,双鸭山市,环保局,,32,32,39,8,22,83,,90,90,14,10,6,12,0.3,0.4
2024-04-07T1800,2251A,131.12,46.5656,双鸭山市,苗圃,,27,6,24,5,16,86,,94,94,6,7,2,4,0.3,0.3
2024-04-07T1800,2166A,112.4397,39.3522,朔州市,平朔,,48,48,83,23,25,132,,114,114,11,35,9,26,0.6,0.6
2024-04-07T1800,2167A,112.4575,39.3617,朔州市,朔唯,,46,46,100,28,25,132,,109,109,9,41,8,24,0.5,0.6
2024-04-07T1800,2168A,112.4258,39.3197,朔州市,区政府,,43,38,69,24,25,136,,118,118,8,29,7,18,0.7,0.7
2024-04-07T1800,2169A,112.4072,39.3278,朔州市,市环保局,,42,42,65,16,21,133,,119,119,13,29,11,21,0.7,0.7
2024-04-07T1800,2170A,112.4272,39.3681,朔州市,市二中,,45,40,92,28,27,144,,121,121,9,36,8,28,0.4,0.5
2024-04-07T1800,3571A,112.2931,39.53,朔州市,一水厂,,44,40,68,14,21,139,,126,126,14,18,10,18,0.4,0.4
2024-04-07T1800,2225A,124.4002,43.1713,四平市,一商场,颗粒物(PM10),77,104,111,24,44,95,,129,126,24,31,4,9,0.4,0.5
2024-04-07T1800,2226A,124.388,43.193,四平市,境园,颗粒物(PM10),87,124,126,26,66,97,,128,127,9,26,5,8,0.2,0.7
2024-04-07T1800,3486A,124.4036,43.1411,四平市,植物园,颗粒物(PM10),84,118,105,31,43,100,,126,124,16,31,4,7,0.2,0.4
2024-04-07T1800,3713A,124.3419,43.1666,四平市,世纪城,颗粒物(PM10),76,101,115,30,50,103,,129,128,13,25,3,6,0.3,0.5
2024-04-07T1800,2233A,124.8006,45.1214,松原市,江南,颗粒物(PM10),58,66,48,31,17,86,,100,99,18,11,4,6,0.4,0.4
2024-04-07T1800,2234A,124.7965,45.1722,松原市,江北,颗粒物(PM10),53,56,42,22,21,81,,94,93,10,10,4,5,0.1,0.2
2024-04-07T1800,1160A,120.561,31.2472,苏州市,上方山,,33,30,37,23,25,48,,82,76,51,28,7,7,0.5,0.5
2024-04-07T1800,1162A,120.591,31.3019,苏州市,彩香,,46,44,49,32,32,37,,71,69,55,30,6,6,0.8,0.7
2024-04-07T1800,1163A,120.596,31.3264,苏州市,轧钢厂,,40,40,40,24,23,44,,74,69,60,40,7,7,0.8,0.6
2024-04-07T1800,1164A,120.613,31.2703,苏州市,吴中区,,44,44,42,27,24,40,,79,74,65,38,6,7,0.6,0.5
2024-04-07T1800,1165A,120.543,31.2994,苏州市,苏州新区,,38,37,44,26,26,34,,81,77,68,43,4,4,0.8,0.7
2024-04-07T1800,1166A,120.669,31.3097,苏州市,苏州工业园区,,45,45,48,28,26,47,,68,66,51,33,7,7,0.5,0.4
2024-04-07T1800,1167A,120.641,31.3708,苏州市,相城区,,36,27,32,25,29,68,,60,60,35,38,6,6,0.7,0.6
2024-04-07T1800,3289A,120.743,31.3188,苏州市,方洲路,,38,37,40,26,25,53,,65,65,46,37,5,6,0.7,0.6
2024-04-07T1800,3290A,120.5031,31.2774,苏州市,木渎中学,,35,35,31,23,24,47,,78,75,57,36,8,8,0.7,0.6
2024-04-07T1800,3425A,120.624,31.1733,苏州市,越秀幼儿园,,42,35,37,29,26,38,,79,72,53,27,6,6,0.7,0.6
2024-04-07T1800,3431A,120.6505,31.416,苏州市,高铁新城,,32,29,42,22,27,75,,66,66,32,37,6,6,0.3,0.3
2024-04-07T1800,1220A,118.293,33.9528,宿迁市,宿迁学院,,35,33,85,19,53,109,,121,121,19,37,2,5,0.5,0.6
2024-04-07T1800,1221A,118.2442,33.9592,宿迁市,宿迁中学,,40,40,76,22,50,113,,125,125,18,29,4,6,0.6,0.7
2024-04-07T1800,2996A,118.283,33.965,宿迁市,市供电局,,36,35,72,24,56,115,,128,128,10,20,1,3,0.6,0.8
2024-04-07T1800,3191A,118.3225,33.9447,宿迁市,宿豫区政府,,39,39,79,19,54,115,,124,124,11,22,4,5,0.6,0.8
2024-04-07T1800,3187A,116.9509,33.666,宿州市,远航博物馆,颗粒物(PM10),71,92,81,51,53,133,,142,142,10,16,5,6,0.6,0.6
2024-04-07T1800,3463A,116.9708,33.591,宿州市,社会福利中心,颗粒物(PM10),71,92,90,47,51,129,,136,136,12,19,5,6,0.5,0.4
2024-04-07T1800,3634A,116.9884,33.6305,宿州市,宿州学院,颗粒物(PM10),70,89,89,46,47,121,,130,130,10,18,5,10,0.4,0.6
2024-04-07T1800,3701A,116.9648,33.6252,宿州市,皖北煤电集团,细颗粒物(PM2.5),83,85,89,61,58,126,,137,137,7,12,6,8,0.7,0.6
2024-04-07T1800,2266A,126.9785,46.6365,绥化市,人和东街,,36,36,35,13,16,79,,97,96,11,11,7,8,0.2,0.2
2024-04-07T1800,2267A,126.964,46.6528,绥化市,党政办公中心,,34,34,30,12,17,78,,92,91,8,9,7,8,0.2,0.2
2024-04-07T1800,2451A,113.3583,31.7275,随州市,市委党校,,41,41,54,23,32,127,,118,118,11,20,7,7,0.6,0.6
2024-04-07T1800,2452A,113.3833,31.6908,随州市,市林业局,,42,34,42,24,29,134,,121,121,10,19,8,7,0.5,0.5
2024-04-07T1800,2453A,113.3983,31.7308,随州市,市立交桥水厂,,41,36,44,24,30,130,,119,119,11,32,8,8,0.4,0.5
2024-04-07T1800,2527A,105.5453,30.5678,遂宁市,石溪浩,,27,27,25,12,13,41,,53,44,12,7,6,5,1.0,1
2024-04-07T1800,2528A,105.5582,30.5232,遂宁市,市监测站,,23,23,26,10,10,34,,55,40,16,11,10,9,0.4,0.4
2024-04-07T1800,2529A,105.5861,30.5366,遂宁市,行政中心,,,26,25,9,8,,,58,44,15,9,10,10,0.4,0.4
2024-04-07T1800,2530A,105.5918,30.4728,遂宁市,美宁食品公司,,14,14,18,8,7,36,,53,38,21,16,8,9,0.4,0.3
2024-04-07T1800,2706A,82.9994,46.7432,塔城地区,东门外小游园,,42,42,40,18,14,62,,57,57,8,8,5,4,0.0,0.1
2024-04-07T1800,1255A,121.273,28.6459,台州市,黄岩环保大楼,,38,38,28,24,18,73,,86,84,21,15,7,7,0.5,0.4
2024-04-07T1800,1256A,121.419,28.6542,台州市,台州环保大楼,,49,39,37,34,25,82,,89,89,23,15,6,6,0.4,0.3
2024-04-07T1800,1257A,121.377,28.5773,台州市,路桥田洋王,,43,41,30,30,27,88,,86,86,22,20,6,6,0.3,0.3
2024-04-07T1800,3564A,121.2568,28.6681,台州市,台州科技职业学院,,37,37,29,20,17,78,,86,86,25,20,6,6,0.4,0.4
2024-04-07T1800,1081A,112.522,37.8873,太原市,尖草坪,颗粒物(PM10),63,75,78,33,26,145,,123,123,17,51,9,9,0.8,0.7
2024-04-07T1800,1083A,112.434,38.0108,太原市,上兰,,,,,,,,,,,,,,,,
2024-04-07T1800,1084A,112.469,37.7124,太原市,晋源,颗粒物(PM10),65,79,90,37,40,137,,122,122,26,55,11,10,0.7,0.7
2024-04-07T1800,1085A,112.5583,37.7394,太原市,小店,颗粒物(PM10),69,88,111,35,39,142,,118,118,24,62,11,15,0.7,0.8
2024-04-07T1800,1086A,112.5369,37.8692,太原市,桃园,颗粒物(PM10),67,83,78,34,26,142,,117,117,20,52,8,11,0.6,0.6
2024-04-07T1800,1087A,112.57,37.8195,太原市,坞城,颗粒物(PM10),64,77,84,36,35,144,,126,126,17,56,9,18,0.6,0.8
2024-04-07T1800,1088A,112.549,37.9854,太原市,南寨,细颗粒物(PM2.5),52,47,63,36,23,148,,118,118,16,43,12,10,0.6,0.5
2024-04-07T1800,3618A,112.4719,37.7831,太原市,金胜,颗粒物(PM10),54,57,72,25,30,143,,130,130,13,28,7,10,0.4,0.5
2024-04-07T1800,4010A,112.5608,37.8807,太原市,育英中学,颗粒物(PM10),62,73,73,32,30,145,,117,117,18,54,8,12,0.6,0.7
2024-04-07T1800,1656A,117.1437,36.1937,泰安市,监测站,颗粒物(PM10),60,70,76,33,40,154,,153,153,27,29,9,11,0.5,0.5
2024-04-07T1800,1657A,117.0885,36.2017,泰安市,人口学校,颗粒物(PM10),58,66,68,32,38,161,,155,155,18,23,11,13,0.6,0.6
2024-04-07T1800,1658A,117.1089,36.1758,泰安市,电力学校,颗粒物(PM10),62,73,79,30,36,160,,158,158,16,31,10,12,0.6,0.7
2024-04-07T1800,3502A,117.1812,36.2275,泰安市,国网新校,臭氧1小时,70,63,61,29,33,176,,166,166,16,20,9,10,0.6,0.6
2024-04-07T1800,3503A,117.0313,36.2018,泰安市,交通技校,颗粒物(PM10),56,61,65,31,39,153,,149,149,16,27,10,12,0.3,0.4
2024-04-07T1800,3504A,117.0829,36.13,泰安市,山东第一医科大学,颗粒物(PM10),58,66,79,36,51,163,,155,155,9,24,12,14,0.5,0.6
2024-04-07T1800,1206A,119.905,32.4878,泰州市,公园路,颗粒物(PM10),51,51,54,27,30,85,,109,107,22,19,9,10,0.6,0.6
2024-04-07T1800,1207A,119.9189,32.4625,泰州市,莲花,,49,46,48,34,32,82,,102,101,29,18,7,7,0.6,0.4
2024-04-07T1800,1209A,119.888,32.4639,泰州市,留学生创业园,颗粒物(PM10),61,72,54,31,27,85,,104,104,31,18,8,9,0.9,0.6
2024-04-07T1800,2997A,119.8767,32.3289,泰州市,王营,,38,38,57,22,34,78,,94,93,26,25,7,9,0.9,0.7
2024-04-07T1800,3295A,120.1259,32.5099,泰州市,姜堰区政府广场,,44,44,41,30,27,93,,108,107,24,17,11,10,0.7,0.6
2024-04-07T1800,3435A,119.9192,32.4322,泰州市,周山河街区,,45,45,43,26,27,78,,104,103,30,20,10,10,1.0,0.5
2024-04-07T1800,1037A,118.131,39.6363,唐山市,雷达站,颗粒物(PM10),64,78,115,38,67,100,,99,99,28,36,6,5,0.6,0.6
2024-04-07T1800,1038A,118.1725,39.6334,唐山市,物资局,颗粒物(PM10),71,92,114,35,59,97,,98,98,37,33,5,4,0.6,0.7
2024-04-07T1800,1040A,118.1705,39.6506,唐山市,十二中,颗粒物(PM10),63,75,106,25,53,93,,98,98,36,30,5,4,0.6,0.6
2024-04-07T1800,1041A,118.1869,39.622,唐山市,小山,颗粒物(PM10),69,87,117,39,58,96,,95,95,18,20,5,4,0.6,0.6
2024-04-07T1800,3457A,118.4359,39.2762,唐山市,冀东油田职工医院,颗粒物(PM10),96,142,135,67,88,168,,132,132,32,31,30,13,1.4,0.8
2024-04-07T1800,3575A,118.09279,39.58089,唐山市,正泰大街热力站,颗粒物(PM10),75,100,124,32,59,95,,93,93,19,29,3,3,0.9,0.8
2024-04-07T1800,3576A,118.1562,39.8322,唐山市,丰润区政府,颗粒物(PM10),56,61,114,22,59,88,,96,96,19,32,1,5,0.3,0.7
2024-04-07T1800,3577A,118.43673,39.73809,唐山市,金山小学,颗粒物(PM10),91,131,134,51,63,102,,100,100,28,49,20,8,1.6,0.9
2024-04-07T1800,3578A,118.24498,39.66941,唐山市,政府服务中心,颗粒物(PM10),63,75,105,30,63,95,,101,101,31,35,9,9,0.6,0.6
2024-04-07T1800,3692A,118.2059,39.6585,唐山市,消防缸窑路中队,颗粒物(PM10),79,108,103,34,56,98,,99,99,30,25,6,5,0.7,0.7
2024-04-07T1800,3693A,118.1436,39.6202,唐山市,路南电大,颗粒物(PM10),72,93,113,41,58,92,,94,94,33,33,3,3,0.7,0.7
2024-04-07T1800,1015A,117.1444,39.1661,天津市,勤俭道,,37,31,116,11,66,116,,108,108,17,30,7,10,0.2,0.6
2024-04-07T1800,1017A,117.237,39.1082,天津市,大直沽八号路,,38,36,104,14,60,120,,115,115,21,27,5,8,0.3,0.6
2024-04-07T1800,1018A,117.202,39.0927,天津市,前进道,,38,38,107,13,61,116,,111,111,22,30,6,9,0.3,0.6
2024-04-07T1800,1019A,117.1837,39.2133,天津市,淮河道,,36,33,126,11,76,113,,110,110,20,31,5,8,0.3,0.7
2024-04-07T1800,1021A,117.307,39.0877,天津市,跃进路,,41,41,112,15,66,127,,123,123,17,22,5,8,0.4,0.6
2024-04-07T1800,1023A,117.707,39.0343,天津市,第四大街,颗粒物(PM10),68,85,115,37,68,104,,92,92,63,44,12,9,1.1,0.9
2024-04-07T1800,1024A,117.457,38.8394,天津市,永明路,颗粒物(PM10),51,52,105,18,67,96,,110,110,46,35,9,11,0.5,0.6
2024-04-07T1800,1026A,117.764,39.1587,天津市,汉北路,颗粒物(PM10),56,62,118,21,65,81,,96,96,66,42,17,12,0.7,0.7
2024-04-07T1800,1027A,117.157,38.9194,天津市,团泊洼,,37,28,97,13,69,118,,123,123,19,24,6,8,0.5,0.8
2024-04-07T1800,2858A,117.7918,39.2474,天津市,河西一经路,颗粒物(PM10),67,83,123,34,73,98,,118,118,66,40,17,12,1.1,0.9
2024-04-07T1800,2859A,117.3747,38.9846,天津市,津沽路,颗粒物(PM10),55,60,112,20,66,101,,111,111,46,33,6,8,0.7,0.6
2024-04-07T1800,2860A,117.1589,39.0845,天津市,宾水西道,,37,37,104,13,60,108,,107,107,24,32,4,7,0.4,0.7
2024-04-07T1800,2922A,117.1941,39.1067,天津市,大理道,,45,45,111,13,59,116,,112,112,19,26,4,7,0.2,0.5
2024-04-07T1800,3020A,117.2101,39.1699,天津市,中山北路,,37,30,114,11,59,116,,107,107,17,30,4,6,0.3,0.6
2024-04-07T1800,3051A,117.3876,39.1488,天津市,西四道,,50,50,108,18,58,94,,101,101,46,37,9,6,1.1,0.9
2024-04-07T1800,3325A,117.0365,39.3828,天津市,雍阳西道,,41,41,123,12,67,116,,110,110,18,26,4,7,0.2,0.6
2024-04-07T1800,3326A,117.0296,39.0605,天津市,辛老路,,35,32,110,12,64,110,,107,107,21,32,3,7,0.2,0.5
2024-04-07T1800,3327A,116.9638,38.9375,天津市,地纬路,,35,35,114,12,72,112,,114,114,25,29,4,8,0.1,0.5
2024-04-07T1800,3460A,117.4067,40.0583,天津市,北环路,颗粒物(PM10),53,56,58,13,20,102,,100,100,16,20,4,5,0.1,0.2
2024-04-07T1800,3461A,117.3045,39.7169,天津市,建设路,,40,40,98,14,52,99,,102,102,20,27,8,11,0.2,0.4
2024-04-07T1800,3462A,117.8199,39.3521,天津市,滨水东路,颗粒物(PM10),67,84,126,31,66,70,,104,102,83,43,18,11,1.2,0.9
2024-04-07T1800,2649A,106.0055,34.343,天水市,麦积山,,,,,,,,,,,,,,,,
2024-04-07T1800,2650A,105.7205,34.5786,天水市,公园小学,,36,36,45,17,22,107,,92,92,11,22,7,8,0.4,0.5
2024-04-07T1800,2651A,105.8945,34.5538,天水市,麦积国土局,,34,34,49,20,22,100,,90,90,12,20,15,9,0.5,0.5
2024-04-07T1800,2216A,123.8139,42.3022,铁岭市,汇工街西,颗粒物(PM10),63,75,154,27,97,119,,132,132,17,44,13,18,0.5,1
2024-04-07T1800,2217A,123.8649,42.2923,铁岭市,水上乐园,颗粒物(PM10),59,67,137,29,97,122,,133,133,22,43,8,11,0.5,1
2024-04-07T1800,2218A,123.8486,42.2867,铁岭市,银州路东段,颗粒物(PM10),53,56,173,26,106,111,,126,126,27,43,7,10,0.5,0.9
2024-04-07T1800,2219A,123.7153,42.2217,铁岭市,金沙江路北,颗粒物(PM10),64,77,129,28,99,113,,126,126,27,42,17,18,0.6,1
2024-04-07T1800,2229A,125.9358,41.7173,通化市,光明,,46,46,57,20,29,123,,148,140,15,17,7,10,0.4,0.5
2024-04-07T1800,2230A,125.9446,41.7325,通化市,铁路,,44,44,59,17,32,121,,147,140,12,20,6,9,0.4,0.5
2024-04-07T1800,2191A,122.2532,43.6801,通辽市,艺术职业学校,颗粒物(PM10),119,188,80,43,36,96,,102,102,11,18,4,6,0.3,0.3
2024-04-07T1800,3706A,122.2584,43.6333,通辽市,老干部活动中心,颗粒物(PM10),122,193,80,23,23,85,,89,89,12,17,4,6,0.2,0.3
2024-04-07T1800,3708A,122.2922,43.6189,通辽市,东方明珠社区,颗粒物(PM10),111,171,86,51,34,88,,95,95,18,23,2,6,0.2,0.3
2024-04-07T1800,1922A,109.0656,35.0994,铜川市,党校,,,,,,,,,,,,,,,,
2024-04-07T1800,1923A,109.0697,35.0697,铜川市,王益区政府,颗粒物(PM10),66,81,79,35,31,112,,124,124,25,29,7,6,0.6,0.5
2024-04-07T1800,1924A,108.9344,34.9058,铜川市,新区管委会,颗粒物(PM10),64,77,79,33,33,146,,133,133,23,30,8,8,0.7,0.7
2024-04-07T1800,3651A,108.9543,34.8732,铜川市,旺旺集团,颗粒物(PM10),68,86,83,43,52,151,,138,138,22,30,6,7,0.7,0.7
2024-04-07T1800,2285A,117.8177,30.9412,铜陵市,市第四中学,,33,33,48,10,23,72,,65,65,18,15,12,10,0.6,0.6
2024-04-07T1800,2286A,117.8059,30.9273,铜陵市,市公路局,,40,40,48,19,27,64,,58,58,19,16,2,3,0.7,0.6
2024-04-07T1800,2287A,117.7807,30.9413,铜陵市,市新民污水厂,,30,26,42,21,25,75,,67,67,16,13,6,7,0.4,0.4
2024-04-07T1800,2288A,117.7439,30.8792,铜陵市,市第九中学,,28,28,44,17,22,52,,47,45,32,27,2,2,0.4,0.3
2024-04-07T1800,2289A,117.846,30.9413,铜陵市,车站新区,,35,31,48,24,28,75,,66,66,14,14,2,3,0.4,0.5
2024-04-07T1800,2290A,117.8483,30.97,铜陵市,市职教基地,,27,27,42,17,27,75,,70,70,15,12,4,4,0.7,0.7
2024-04-07T1800,2585A,109.1839,27.7344,铜仁市,铜仁卫校,,22,13,13,6,6,69,,68,68,17,12,7,7,0.2,0.1
2024-04-07T1800,2586A,109.1753,27.6944,铜仁市,铜仁七中,,25,12,12,6,6,80,,79,79,15,12,2,2,0.3,0.3
2024-04-07T1800,2686A,89.1904,42.9418,吐鲁番市,市环保局,,39,34,46,9,13,122,,111,111,10,16,6,6,0.4,0.4
2024-04-07T1800,2687A,89.1673,42.9559,吐鲁番市,地区环保局,,41,34,41,8,14,130,,116,116,11,18,8,8,0.3,0.3
2024-04-07T1800,1662A,122.1214,37.4236,威海市,华夏技校,"颗粒物(PM10),细颗粒物(PM2.5)",59,68,56,42,33,146,,149,149,25,20,7,5,0.7,0.4
2024-04-07T1800,1663A,122.0508,37.5236,威海市,山大分校,"细颗粒物(PM2.5),臭氧1小时",68,83,64,49,29,174,,177,177,26,14,15,11,0.6,0.5
2024-04-07T1800,1664A,122.1067,37.5072,威海市,市监测站,细颗粒物(PM2.5),70,78,67,51,33,168,,165,165,30,19,12,9,0.6,0.5
2024-04-07T1800,1982A,122.0693,37.2174,威海市,文登开发区,颗粒物(PM10),63,75,56,44,30,148,,144,144,19,18,11,8,1.0,0.7
2024-04-07T1800,3505A,122.1379,37.3414,威海市,临港区管委会,,,83,58,38,26,153,,155,155,22,18,,6,0.8,0.4
2024-04-07T1800,1650A,119.1437,36.7023,潍坊市,环保局,颗粒物(PM10),64,78,90,33,47,169,,166,166,23,36,11,12,0.6,0.7
2024-04-07T1800,2877A,119.1641,36.6523,潍坊市,坊子邮政,颗粒物(PM10),71,92,93,36,47,164,,167,167,22,29,11,12,0.8,0.9
2024-04-07T1800,3178A,119.0587,36.721,潍坊市,潍坊七中,,,68,93,25,49,,,148,148,14,30,9,11,0.5,0.6
2024-04-07T1800,3368A,119.1977,36.6872,潍坊市,高新实验学校,颗粒物(PM10),71,92,92,38,48,167,,167,167,18,26,14,15,0.4,0.5
2024-04-07T1800,3416A,119.1755,36.7149,潍坊市,潍坊学院,颗粒物(PM10),73,95,92,30,43,168,,162,162,23,33,11,11,0.7,0.8
2024-04-07T1800,3861A,119.2041,36.7699,潍坊市,寒亭区实验一小,颗粒物(PM10),75,100,94,36,47,173,,172,172,28,34,18,16,0.6,0.7
2024-04-07T1800,1938A,109.5293,34.5101,渭南市,农科所,,,,,,,,,,,,,,,,
2024-04-07T1800,1939A,109.4974,34.4877,渭南市,日报社,细颗粒物(PM2.5),77,88,88,56,51,172,,139,139,19,42,13,12,0.7,0.7
2024-04-07T1800,1940A,109.4636,34.493,渭南市,体育馆,颗粒物(PM10),73,95,88,46,44,165,,132,132,16,46,10,10,0.6,0.6
2024-04-07T1800,1941A,109.4259,34.5023,渭南市,高新一小,颗粒物(PM10),71,92,92,51,55,171,,135,135,7,40,10,8,0.8,0.8
2024-04-07T1800,1242A,120.634,28.0089,温州市,瓯海,,35,33,31,24,24,51,,59,59,45,30,8,7,0.5,0.4
2024-04-07T1800,1243A,120.6748,27.9939,温州市,南浦,,24,24,29,15,23,72,,68,68,31,25,5,4,0.4,0.4
2024-04-07T1800,1244A,120.76,27.9747,温州市,龙湾,,43,43,36,16,18,62,,70,70,39,30,5,5,0.5,0.5
2024-04-07T1800,1245A,120.6709,28.0167,温州市,市站,,31,31,29,17,22,66,,58,58,29,29,6,6,0.4,0.4
2024-04-07T1800,3561A,120.6985,27.9251,温州市,茶山,,27,23,22,14,16,85,,86,86,18,19,6,7,0.4,0.4
2024-04-07T1800,2610A,104.2533,23.3594,文山壮族苗族自治州,州水务局,细颗粒物(PM2.5),90,91,80,67,62,165,,149,149,10,10,8,7,0.7,0.6
2024-04-07T1800,2611A,104.2319,23.3892,文山壮族苗族自治州,市便民服务中心,细颗粒物(PM2.5),100,99,86,75,67,149,,136,136,14,13,8,7,0.8,0.8
2024-04-07T1800,2187A,106.8174,39.6973,乌海市,市林业局,颗粒物(PM10),56,61,72,38,30,125,,119,119,18,28,13,23,0.8,0.8
2024-04-07T1800,2188A,106.7907,39.6667,乌海市,中海勃湾学校,颗粒物(PM10),53,55,76,33,27,132,,123,123,16,41,11,30,0.7,1
2024-04-07T1800,3284A,106.813,39.7274,乌海市,海北新区,颗粒物(PM10),54,58,71,19,21,129,,118,118,18,30,20,24,0.7,0.7
2024-04-07T1800,3621A,106.8288,39.6778,乌海市,聚英学校,颗粒物(PM10),63,76,95,26,28,119,,116,116,25,38,21,36,0.6,0.7
2024-04-07T1800,2197A,113.1306,40.9923,乌兰察布市,集宁新区,,37,17,27,9,13,118,,109,109,5,12,6,7,0.2,0.2
2024-04-07T1800,3034A,113.1076,41.0385,乌兰察布市,光明街小学,,38,30,35,20,18,121,,116,116,6,18,14,13,0.3,0.4
2024-04-07T1800,3285A,113.1376,40.9509,乌兰察布市,北京八中,,38,26,39,6,11,121,,111,111,3,14,3,10,0.2,0.3
2024-04-07T1800,3421A,113.1775,40.9779,乌兰察布市,市委党校,,39,21,41,13,16,123,,112,112,3,16,7,12,0.3,0.3
2024-04-07T1800,1490A,87.5801,43.8303,乌鲁木齐市,监测站,,37,31,33,18,9,118,,97,97,12,28,3,3,0.3,0.4
2024-04-07T1800,1491A,87.6046,43.768,乌鲁木齐市,收费所,,35,30,36,9,15,110,,89,89,13,31,2,2,0.3,0.4
2024-04-07T1800,1492A,87.4754,43.9469,乌鲁木齐市,新疆农科院农场,,,14,31,,37,57,,46,46,8,30,6,6,0.6,0.7
2024-04-07T1800,1493A,87.5525,43.8711,乌鲁木齐市,铁路局,,39,26,32,11,12,122,,101,101,15,36,2,3,0.2,0.4
2024-04-07T1800,1494A,87.6432,43.831,乌鲁木齐市,三十一中学,,33,30,32,12,11,104,,86,86,4,21,3,3,0.5,0.6
2024-04-07T1800,1496A,87.7216,44.1747,乌鲁木齐市,米东区环保局,,40,28,45,11,17,125,,103,103,3,19,6,5,0.2,0.3
2024-04-07T1800,3033A,87.4651,43.4569,乌鲁木齐市,培训基地,,36,14,11,5,3,113,,107,107,3,4,5,5,0.4,0.4
2024-04-07T1800,3437A,88.3118,43.3658,乌鲁木齐市,达坂城区环保局,,34,34,26,7,10,107,,96,96,4,12,5,6,0.2,0.3
2024-04-07T1800,3438A,87.6162,43.8801,乌鲁木齐市,红光山片区,,37,37,44,9,12,116,,92,92,14,38,2,3,0.3,0.4
2024-04-07T1800,3439A,87.7024,43.8004,乌鲁木齐市,新师大温泉校区,,39,26,24,5,9,123,,106,106,3,15,5,4,0.3,0.2
2024-04-07T1800,3440A,87.4921,43.8411,乌鲁木齐市,大绿谷,,39,25,28,11,12,123,,105,105,8,24,4,5,0.4,0.5
2024-04-07T1800,1188A,120.269,31.4867,无锡市,雪浪,,39,39,43,24,27,54,,74,68,51,39,5,6,1.1,0.9
2024-04-07T1800,1189A,120.275,31.6219,无锡市,黄巷,,39,28,46,27,30,68,,70,68,41,40,7,7,0.9,0.8
2024-04-07T1800,1190A,120.294,31.56,无锡市,曹张,,42,,39,29,31,59,,69,64,50,42,5,6,1.2,1
2024-04-07T1800,1191A,120.242,31.5031,无锡市,漆塘,,39,36,41,27,26,48,,71,63,49,33,2,2,0.7,0.5
2024-04-07T1800,1192A,120.3489,31.5863,无锡市,东亭,,35,29,47,24,30,77,,70,69,38,38,2,3,0.9,0.8
2024-04-07T1800,1193A,120.354,31.5475,无锡市,旺庄,,35,31,45,24,29,76,,64,63,37,41,4,5,1.1,0.8
2024-04-07T1800,1194A,120.245,31.5631,无锡市,荣巷,,35,31,43,24,24,51,,68,61,42,33,5,6,0.6,0.4
2024-04-07T1800,1195A,120.299,31.6817,无锡市,堰桥,,31,31,46,12,28,89,,86,86,26,32,1,2,1.0,0.9
2024-04-07T1800,3428A,120.3142,31.4753,无锡市,华庄,,34,34,37,20,23,53,,67,62,43,33,8,8,0.8,0.7
2024-04-07T1800,2677A,106.1532,37.9648,吴忠市,教育园区,,48,48,74,18,30,129,,116,116,8,25,8,10,0.3,0.4
2024-04-07T1800,2679A,106.1856,37.9956,吴忠市,新区二泵站,,47,47,67,18,28,130,,119,119,10,21,5,7,0.3,0.4
2024-04-07T1800,3648A,106.2112,37.9768,吴忠市,文卫南街,,48,48,72,23,29,133,,122,122,7,18,6,8,0.3,0.4
2024-04-07T1800,1794A,118.3606,31.3519,芜湖市,监测站,,,,25,,18,,,78,,,19,,7,,0.5
2024-04-07T1800,1795A,118.3714,31.4134,芜湖市,科创中心,,24,19,23,8,19,75,,84,84,33,25,6,6,0.5,0.5
2024-04-07T1800,1796A,118.3673,31.3131,芜湖市,四水厂,,29,21,24,9,19,90,,92,92,25,25,4,5,0.5,0.6
2024-04-07T1800,3328A,118.4209,31.3707,芜湖市,市气象局,,28,19,24,10,18,88,,85,85,14,18,7,7,0.5,0.6
2024-04-07T1800,3465A,118.4781,31.3225,芜湖市,清苑社区,,27,27,26,9,18,83,,84,84,24,28,5,5,0.4,0.5
2024-04-07T1800,3466A,118.2746,31.2326,芜湖市,扬子职业技术学院,,25,15,25,10,19,79,,88,88,26,24,6,7,0.4,0.4
2024-04-07T1800,2495A,111.3014,23.4832,梧州市,市逸夫小学,,27,27,22,3,4,25,,26,26,12,9,6,8,1.1,1.1
2024-04-07T1800,2496A,111.3239,23.4794,梧州市,市十一中,,19,16,16,13,6,22,,21,21,28,13,11,8,1.1,0.9
2024-04-07T1800,2497A,111.247,23.4189,梧州市,龙圩,,15,15,16,4,10,18,,24,24,26,20,6,8,1.3,1.1
2024-04-07T1800,2498A,111.2711,23.4835,梧州市,龙新,,24,24,14,8,6,15,,15,15,18,17,18,13,1.1,1
2024-04-07T1800,2711A,87.5475,44.1756,五家渠市,农水大厦,,36,24,36,2,8,113,,93,93,2,17,8,8,0.4,0.4
2024-04-07T1800,3441A,87.546,44.1912,五家渠市,经开区管委会,,35,26,34,15,16,112,,92,92,2,16,5,4,0.2,0.3
2024-04-07T1800,1325A,114.3677,30.5584,武汉市,东湖梨园,颗粒物(PM10),52,54,60,34,44,92,,63,63,32,37,8,8,0.7,0.7
2024-04-07T1800,1326A,114.2529,30.558,武汉市,汉阳月湖,,48,48,54,31,37,93,,89,89,36,40,7,7,0.4,0.4
2024-04-07T1800,1327A,114.282,30.6189,武汉市,汉口花桥,,44,44,54,24,33,90,,71,71,32,35,8,9,0.5,0.6
2024-04-07T1800,1328A,114.3025,30.5332,武汉市,武昌紫阳,颗粒物(PM10),51,51,57,30,33,92,,79,79,38,42,9,8,0.8,0.8
2024-04-07T1800,1329A,114.3646,30.6217,武汉市,青山钢花,"颗粒物(PM10),细颗粒物(PM2.5)",55,59,63,39,42,92,,68,68,34,48,8,8,0.6,0.6
2024-04-07T1800,1330A,114.1566,30.4825,武汉市,沌口新区,,45,45,52,30,31,98,,85,85,35,32,5,6,0.6,0.6
2024-04-07T1800,1331A,114.3014,30.5944,武汉市,汉口江滩,颗粒物(PM10),53,55,52,30,40,82,,66,66,36,34,8,8,0.7,0.8
2024-04-07T1800,1333A,114.135,30.6319,武汉市,吴家山,,38,38,48,20,33,108,,79,79,22,45,7,6,0.5,0.6
2024-04-07T1800,1334A,113.8454,30.2917,武汉市,沉湖七壕,,38,28,30,16,19,119,,91,91,14,12,6,5,0.6,0.6
2024-04-07T1800,3153A,114.3877,30.4908,武汉市,民族大道182号,颗粒物(PM10),53,56,60,35,53,90,,68,68,42,43,9,8,0.7,0.6
2024-04-07T1800,2652A,102.6201,37.9251,武威市,监测站,,39,36,40,14,20,124,,116,116,7,12,4,4,0.3,0.4
2024-04-07T1800,3201A,102.6486,37.9325,武威市,东关招商场,,38,20,42,15,25,121,,114,114,6,13,3,3,0.2,0.3
2024-04-07T1800,1462A,108.882,34.2749,西安市,高压开关厂,细颗粒物(PM2.5),89,94,116,66,79,136,,121,121,29,63,6,6,0.6,0.8
2024-04-07T1800,1463A,108.993,34.2629,西安市,兴庆小区,颗粒物(PM10),67,83,96,47,54,136,,120,120,25,49,6,5,0.6,0.7
2024-04-07T1800,1464A,109.06,34.2572,西安市,纺织城,颗粒物(PM10),77,104,126,43,50,125,,113,113,31,48,8,7,0.6,0.7
2024-04-07T1800,1465A,108.9356,34.2173,西安市,小寨,颗粒物(PM10),72,93,114,42,62,126,,117,117,24,53,5,4,0.7,0.8
2024-04-07T1800,1466A,108.954,34.2713,西安市,市人民体育场,细颗粒物(PM2.5),87,88,113,64,81,131,,118,118,23,50,4,4,0.7,0.9
2024-04-07T1800,1467A,108.8922,34.2322,西安市,高新西区,细颗粒物(PM2.5),75,93,113,55,77,139,,120,120,17,55,7,7,0.6,0.8
2024-04-07T1800,1468A,108.935,34.3474,西安市,经开区,颗粒物(PM10),76,102,118,43,46,121,,107,107,29,65,5,4,0.6,0.8
2024-04-07T1800,1469A,108.906,34.1546,西安市,长安区,颗粒物(PM10),67,84,108,27,39,122,,114,114,14,37,3,3,0.5,0.6
2024-04-07T1800,1471A,109.2186,34.3731,西安市,临潼区,颗粒物(PM10),58,66,88,28,31,147,,122,122,17,29,8,6,0.5,0.6
2024-04-07T1800,1472A,108.869,34.378,西安市,草滩,颗粒物(PM10),66,81,111,24,44,116,,112,112,31,56,6,6,0.7,0.8
2024-04-07T1800,1473A,108.985,34.1978,西安市,曲江文化产业集团,颗粒物(PM10),78,105,131,55,69,128,,122,122,27,51,4,3,0.5,0.7
2024-04-07T1800,1474A,109.051,34.3213,西安市,广运潭,细颗粒物(PM2.5),59,64,100,42,58,144,,110,110,16,48,6,5,0.4,0.6
2024-04-07T1800,3524A,108.6116,34.1164,西安市,文体局,颗粒物(PM10),53,56,93,24,46,111,,104,104,17,35,7,7,0.6,0.7
2024-04-07T1800,3605A,109.09,34.5236,西安市,无线电监控中心,颗粒物(PM10),60,69,107,29,38,151,,136,136,8,39,6,5,0.5,0.7
2024-04-07T1800,1483A,101.524,36.6867,西宁市,第五水厂,,,,,,,,,,,,,,,,
2024-04-07T1800,3055A,101.7775,36.6428,西宁市,城北区政府,,,30,31,21,25,129,,105,105,6,18,6,10,,0.4
2024-04-07T1800,3629A,101.8305,36.5786,西宁市,世纪职校,,40,27,28,24,27,128,,104,104,17,29,10,11,0.6,0.8
2024-04-07T1800,3630A,101.7413,36.6397,西宁市,师大城西校区,,42,42,41,29,32,125,,100,100,10,22,11,18,0.5,1.1
2024-04-07T1800,2612A,100.7939,22.0019,西双版纳傣族自治州,景洪市江南,细颗粒物(PM2.5),115,,154,87,128,144,,163,163,14,34,11,11,0.6,1.3
2024-04-07T1800,2613A,100.8017,22.0225,西双版纳傣族自治州,景洪市江北,细颗粒物(PM2.5),79,78,113,58,81,140,,161,161,15,21,12,11,0.6,1.1
2024-04-07T1800,3606A,108.7108,34.46,西咸新区,北杜,细颗粒物(PM2.5),67,77,101,48,60,137,,127,127,31,49,8,7,0.6,0.7
2024-04-07T1800,3607A,108.7096,34.2956,西咸新区,同德佳苑,颗粒物(PM10),77,104,125,34,52,135,,113,113,18,51,5,5,0.7,0.8
2024-04-07T1800,3608A,108.8558,34.4978,西咸新区,崇文塔,颗粒物(PM10),54,57,100,20,44,146,,136,136,15,42,8,7,0.6,0.8
2024-04-07T1800,2202A,116.1042,43.9317,锡林郭勒盟,市环保监测站,颗粒物(PM10),53,56,44,13,11,80,,81,81,3,10,10,10,0.2,0.2
2024-04-07T1800,2203A,116.0781,43.9311,锡林郭勒盟,市政府,,38,38,34,9,8,88,,88,88,5,16,10,11,0.2,0.2
2024-04-07T1800,1286A,118.1608,24.8169,厦门市,溪东,,,,,,,,,,,,,,,,
2024-04-07T1800,1287A,118.1514,24.4767,厦门市,洪文,,18,12,17,9,14,55,,54,45,23,20,1,2,0.6,0.5
2024-04-07T1800,1288A,118.0661,24.4444,厦门市,鼓浪屿,,17,10,14,8,13,52,,51,42,27,20,1,2,0.9,0.9
2024-04-07T1800,2842A,118.0936,24.5058,厦门市,湖里中学,,27,,22,16,11,23,,45,36,53,29,3,3,0.7,0.7
2024-04-07T1800,3527A,118.0958,24.5688,厦门市,集美中学,,22,13,17,7,12,49,,61,51,44,26,1,1,0.8,0.8
2024-04-07T1800,3528A,118.1493,24.7245,厦门市,同安二实小,,18,,10,12,13,48,,49,49,24,19,1,2,0.5,0.6
2024-04-07T1800,2447A,114.3175,29.8142,咸宁市,森林公园,,42,42,35,28,26,93,,89,89,4,6,6,6,0.5,0.5
2024-04-07T1800,2448A,114.3107,29.8454,咸宁市,市发改委,细颗粒物(PM2.5),69,75,66,50,48,99,,96,96,14,15,8,8,0.8,0.8
2024-04-07T1800,2449A,114.2936,29.8566,咸宁市,咸安区政府,,,67,65,,46,101,,98,98,16,18,8,8,0.8,0.8
2024-04-07T1800,3655A,114.3375,29.8683,咸宁市,长江产业园,细颗粒物(PM2.5),65,67,63,47,44,99,,102,102,14,21,8,7,0.7,0.7
2024-04-07T1800,1918A,108.7197,34.3956,咸阳市,气象站,,,,,,,,,,,,,,,,
2024-04-07T1800,1919A,108.673,34.3155,咸阳市,实验中学,颗粒物(PM10),79,107,142,40,50,132,,111,111,21,56,8,7,0.6,0.8
2024-04-07T1800,1920A,108.7233,34.3617,咸阳市,师范学院,颗粒物(PM10),77,103,139,39,53,117,,109,109,15,45,8,8,0.7,0.9
2024-04-07T1800,3165A,108.6594,34.2969,咸阳市,两寺渡,颗粒物(PM10),81,111,142,58,74,125,,106,106,18,44,3,3,0.6,0.8
2024-04-07T1800,3525A,108.6396,34.4078,咸阳市,奥体中心,细颗粒物(PM2.5),90,110,119,67,75,129,,124,124,23,48,8,8,0.8,0.9
2024-04-07T1800,1508A,112.9433,27.8614,湘潭市,板塘,细颗粒物(PM2.5),68,49,53,49,65,70,,60,60,18,18,4,4,0.9,0.9
2024-04-07T1800,1511A,112.9118,27.8403,湘潭市,市监测站,细颗粒物(PM2.5),74,59,55,54,61,76,,65,65,24,20,4,4,0.8,0.8
2024-04-07T1800,1512A,112.8937,27.8728,湘潭市,江麓,细颗粒物(PM2.5),67,50,56,48,64,83,,73,73,20,16,7,8,0.6,0.5
2024-04-07T1800,1513A,112.9227,27.8159,湘潭市,岳塘,,,,54,,63,,,58,,,19,,6,,0.8
2024-04-07T1800,1514A,112.9074,27.9119,湘潭市,科大,细颗粒物(PM2.5),67,57,58,48,62,73,,65,65,19,17,3,3,1.0,0.9
2024-04-07T1800,1562A,113.0048,27.9153,湘潭市,昭山,细颗粒物(PM2.5),80,,61,59,74,78,,60,60,14,19,4,4,0.7,0.7
2024-04-07T1800,1564A,112.4876,27.9164,湘潭市,韶山,颗粒物(PM10),54,57,45,33,33,71,,74,74,11,10,5,5,0.5,0.5
2024-04-07T1800,2492A,109.6414,28.2558,湘西土家族苗族自治州,跃进水库,,18,,14,12,12,39,,47,47,1,2,3,3,0.9,1.1
2024-04-07T1800,2493A,109.7325,28.3169,湘西土家族苗族自治州,州政府,,25,20,23,17,16,70,,72,72,9,7,8,7,0.9,0.8
2024-04-07T1800,2494A,109.6958,28.2675,湘西土家族苗族自治州,吉首市计生局,,25,17,23,11,17,78,,72,72,6,10,8,8,0.5,0.6
2024-04-07T1800,2432A,112.155,32.0197,襄阳市,襄城运动路,,38,38,58,23,37,110,,78,78,10,26,10,10,0.6,0.8
2024-04-07T1800,2433A,112.1392,32.0564,襄阳市,樊城新华路,,40,40,59,22,43,108,,78,78,16,29,9,10,0.5,0.7
2024-04-07T1800,2434A,112.1825,32.1142,襄阳市,高新管委会,,34,20,68,3,56,108,,81,81,11,32,9,13,0.5,0.8
2024-04-07T1800,2435A,112.2106,32.0903,襄阳市,襄州航空路,,,,64,,40,110,,87,87,,32,9,12,0.4,0.7
2024-04-07T1800,3396A,112.0828,32.0067,襄阳市,襄城隆中路,,37,24,41,23,32,118,,79,79,11,21,9,9,0.6,0.7
2024-04-07T1800,3397A,112.1214,32.1008,襄阳市,高新台子湾,,48,44,64,33,58,112,,80,80,11,37,9,11,0.5,0.7
2024-04-07T1800,2443A,113.9153,30.9285,孝感市,文化路,颗粒物(PM10),55,60,62,36,33,104,,82,82,20,25,9,9,0.8,0.9
2024-04-07T1800,2444A,113.942,30.9075,孝感市,东城区,颗粒物(PM10),54,57,60,35,37,106,,78,78,19,26,9,10,0.8,0.9
2024-04-07T1800,2181A,112.7383,38.4519,忻州市,开发区,颗粒物(PM10),51,51,75,27,46,139,,124,124,18,34,8,12,0.5,0.6
2024-04-07T1800,2182A,112.7003,38.4928,忻州市,会展中心,,50,50,85,22,46,136,,121,121,12,38,7,11,0.5,0.6
2024-04-07T1800,3208A,112.7283,38.4153,忻州市,市政府,颗粒物(PM10),52,53,78,19,35,142,,124,124,22,39,8,21,0.4,0.5
2024-04-07T1800,2389A,113.836,35.311,新乡市,环保西院,,46,46,67,16,41,130,,128,128,9,29,6,10,0.2,0.4
2024-04-07T1800,2390A,113.884,35.272,新乡市,开发区,,50,50,66,22,39,142,,125,125,3,18,9,12,0.5,0.6
2024-04-07T1800,2391A,113.883,35.303,新乡市,环保东院,颗粒物(PM10),61,71,81,29,39,133,,122,122,13,26,6,10,0.4,0.6
2024-04-07T1800,3054A,113.9194,35.2847,新乡市,市委党校,颗粒物(PM10),63,75,73,23,36,143,,124,124,11,27,4,7,0.4,0.5
2024-04-07T1800,3475A,113.9188,35.3045,新乡市,市政府,颗粒物(PM10),53,56,77,23,35,144,,126,126,8,24,8,11,0.2,0.4
2024-04-07T1800,3476A,113.9135,35.3327,新乡市,河师大,颗粒物(PM10),58,66,84,31,43,140,,128,128,10,32,7,10,0.2,0.4
2024-04-07T1800,3689A,113.9003,35.372,新乡市,行政服务中心,颗粒物(PM10),51,51,87,30,46,130,,127,127,5,33,5,9,0.2,0.5
2024-04-07T1800,2352A,115.0861,27.9317,新余市,北岗,,,,,,,,,,,,,,,,
2024-04-07T1800,2353A,114.9886,27.8431,新余市,飞宇,,50,50,54,28,33,90,,96,96,18,20,5,13,0.5,0.5
2024-04-07T1800,2354A,114.9231,27.8246,新余市,第二水厂,细颗粒物(PM2.5),53,39,50,37,39,80,,88,88,26,24,11,16,0.5,0.7
2024-04-07T1800,2355A,114.9308,27.8036,新余市,市气象局,,48,40,51,33,38,80,,89,89,24,22,6,15,0.6,0.6
2024-04-07T1800,3206A,114.9149,27.807,新余市,新钢沁园村,,,,59,,43,76,,83,79,28,27,10,18,1.1,0.7
2024-04-07T1800,2054A,114.1099,32.1059,信阳市,平桥分局,颗粒物(PM10),52,54,54,34,29,96,,114,114,15,24,4,5,0.6,0.5
2024-04-07T1800,2064A,113.9956,32.1271,信阳市,南湾水厂,,50,50,49,35,28,102,,120,120,13,15,3,3,0.5,0.5
2024-04-07T1800,2065A,114.0775,32.1195,信阳市,市酿酒公司,细颗粒物(PM2.5),55,50,50,39,31,96,,116,116,18,27,5,5,0.6,0.5
2024-04-07T1800,2066A,114.0609,32.1399,信阳市,审计局,,50,50,50,29,28,100,,120,120,15,31,4,4,0.6,0.5
2024-04-07T1800,2200A,122.0392,46.0656,兴安盟,胜华新制药厂,,46,46,34,18,19,93,,91,91,6,10,2,2,0.2,0.2
2024-04-07T1800,2201A,121.9504,46.0741,兴安盟,科右前旗环保局,,41,41,35,17,21,96,,92,92,6,9,2,2,0.2,0.3
2024-04-07T1800,3035A,122.0931,46.0707,兴安盟,北滨河,,50,50,44,14,20,98,,91,91,5,14,4,6,0.4,0.6
2024-04-07T1800,1077A,114.4704,37.0886,邢台市,达活泉,细颗粒物(PM2.5),149,127,120,114,87,191,,151,151,12,26,12,9,1.2,1
2024-04-07T1800,1078A,114.5062,37.0349,邢台市,邢师高专,细颗粒物(PM2.5),119,148,122,90,71,170,,145,145,23,38,11,6,1.1,0.8
2024-04-07T1800,1079A,114.5237,37.0851,邢台市,路桥公司,细颗粒物(PM2.5),123,144,120,93,73,177,,142,142,17,29,16,10,1.3,0.9
2024-04-07T1800,1080A,114.4725,37.0719,邢台市,市环保局,细颗粒物(PM2.5),139,145,127,106,85,180,,145,145,16,30,14,11,0.9,0.7
2024-04-07T1800,3584A,115.8844,39.0341,雄安新区,容城县环境保护局,颗粒物(PM10),57,64,132,9,70,84,,103,103,39,38,8,11,0.1,0.6
2024-04-07T1800,3585A,115.8665,39.0645,雄安新区,河北容城中学,颗粒物(PM10),61,71,143,5,74,104,,109,109,19,31,8,10,0.2,0.6
2024-04-07T1800,3586A,115.923,38.9405,雄安新区,安新县民政局,颗粒物(PM10),64,77,134,18,67,90,,105,105,23,24,6,9,0.2,0.6
2024-04-07T1800,3587A,115.9324,38.9338,雄安新区,安新县电力局,颗粒物(PM10),53,56,127,8,74,118,,113,113,8,25,5,8,0.4,0.7
2024-04-07T1800,3588A,116.0901,38.9816,雄安新区,雄县环境保护局,,,68,139,,85,114,,117,117,17,26,,12,,1
2024-04-07T1800,3589A,116.1105,39.0046,雄安新区,雄县国土资源局,颗粒物(PM10),57,64,126,9,64,110,,110,110,20,25,6,8,0.5,0.9
2024-04-07T1800,1177A,117.179,34.2761,徐州市,黄河新村,颗粒物(PM10),54,58,67,36,43,134,,130,130,24,27,8,8,0.6,0.7
2024-04-07T1800,1178A,117.1918,34.2384,徐州市,淮塔,颗粒物(PM10),65,79,78,41,48,130,,127,127,24,30,9,9,0.8,0.7
2024-04-07T1800,1180A,117.256,34.2153,徐州市,新城区,颗粒物(PM10),66,81,72,39,42,136,,132,132,26,30,9,9,0.8,0.7
2024-04-07T1800,1181A,117.244,34.2911,徐州市,桃园路,细颗粒物(PM2.5),65,78,73,47,41,130,,130,130,24,28,7,8,0.7,0.7
2024-04-07T1800,1182A,117.2933,34.2778,徐州市,农科院,颗粒物(PM10),63,75,77,40,42,135,,133,133,22,31,7,8,0.5,0.5
2024-04-07T1800,3005A,117.1814,34.29,徐州市,鼓楼区政府,细颗粒物(PM2.5),64,56,58,46,44,134,,134,134,22,25,8,7,0.4,0.5
2024-04-07T1800,3006A,117.1694,34.1781,徐州市,铜山区招生办,颗粒物(PM10),59,68,72,25,37,136,,131,131,20,33,7,9,0.7,0.6
2024-04-07T1800,3288A,117.4754,34.4422,徐州市,大泉街道,颗粒物(PM10),60,69,75,35,43,149,,135,135,16,19,10,9,1.1,0.6
2024-04-07T1800,2396A,113.8276,34.0159,许昌市,监测站,,38,33,51,20,35,121,,112,112,12,33,7,8,0.3,0.5
2024-04-07T1800,2398A,113.7906,33.9953,许昌市,开发区,,44,44,59,20,43,121,,112,112,9,33,6,6,0.4,0.6
2024-04-07T1800,3134A,113.8172,34.0339,许昌市,市一中,,38,36,59,21,40,120,,112,112,10,32,6,7,0.4,0.6
2024-04-07T1800,3337A,113.8614,34.0442,许昌市,许昌学院,,,,54,,38,126,,115,115,12,29,,8,,0.4
2024-04-07T1800,3338A,113.843,34.0823,许昌市,芙蓉广场,,40,38,58,14,33,126,,120,120,12,37,8,9,0.3,0.4
2024-04-07T1800,3597A,113.8134,34.1251,许昌市,建安区兴业大厦,,37,33,55,13,38,118,,114,114,10,26,4,8,0.4,0.5
2024-04-07T1800,2316A,118.7581,30.9454,宣城市,鳌峰子站,,31,31,28,18,21,64,,78,78,23,18,2,2,0.5,0.5
2024-04-07T1800,2317A,118.7385,30.9743,宣城市,敬亭山子站,,36,36,30,18,22,62,,71,71,27,22,2,2,0.5,0.9
2024-04-07T1800,2318A,118.7173,30.9427,宣城市,开发区子站,,33,33,27,19,23,70,,82,82,23,18,2,3,0.5,0.5
2024-04-07T1800,3470A,118.7724,30.9141,宣城市,夏渡子站,,32,32,29,19,24,64,,78,77,21,14,3,3,0.6,0.6
2024-04-07T1800,2554A,103.0475,30.02,雅安市,建安厂,,23,22,21,16,14,41,,50,40,33,23,8,8,0.7,0.6
2024-04-07T1800,2555A,103.0111,29.9833,雅安市,市政府,,19,19,19,8,9,57,,55,52,19,15,6,6,0.4,0.4
2024-04-07T1800,2556A,102.9905,29.9775,雅安市,川农大,,16,15,18,9,11,49,,46,46,5,12,6,7,0.5,0.6
2024-04-07T1800,3700A,103.0456,29.9956,雅安市,康养中心,,,19,24,12,12,64,,74,71,8,6,7,7,,
2024-04-07T1800,1642A,121.2514,37.5639,烟台市,开发区,臭氧1小时,97,100,84,56,42,197,,173,173,25,27,17,13,1.1,1.1
2024-04-07T1800,1643A,121.3719,37.5433,烟台市,轴承厂,细颗粒物(PM2.5),109,117,84,82,51,180,,162,162,34,21,18,12,0.5,0.5
2024-04-07T1800,1644A,121.3181,37.5436,烟台市,西郊化工站,,,,84,,40,169,,168,168,,23,18,13,,0.9
2024-04-07T1800,1645A,121.4478,37.4822,烟台市,莱山环保局,细颗粒物(PM2.5),93,105,76,69,42,166,,153,153,40,21,15,12,0.9,0.9
2024-04-07T1800,1646A,121.2611,37.4967,烟台市,福山环保局,颗粒物(PM10),84,117,97,56,46,167,,168,168,41,32,13,11,0.5,0.5
2024-04-07T1800,3057A,121.5992,37.4014,烟台市,牟平检察院,细颗粒物(PM2.5),94,119,80,70,38,177,,160,160,25,17,17,18,0.8,0.8
2024-04-07T1800,3366A,121.5206,37.4336,烟台市,中国农业大学,细颗粒物(PM2.5),100,117,75,75,36,171,,158,158,32,19,17,10,0.6,0.6
2024-04-07T1800,1926A,109.4131,36.6275,延安市,枣园,,46,46,57,21,25,137,,114,114,12,32,9,8,0.6,0.6
2024-04-07T1800,1927A,109.4761,36.6028,延安市,延大医附院,颗粒物(PM10),53,56,69,23,26,132,,113,113,15,38,4,4,0.5,0.5
2024-04-07T1800,1929A,109.5056,36.6106,延安市,百米大道,颗粒物(PM10),53,56,78,22,30,127,,108,108,18,46,6,7,0.6,0.8
2024-04-07T1800,3652A,109.4809,36.5786,延安市,西北局旧址,颗粒物(PM10),52,54,74,31,32,129,,114,114,16,42,4,4,0.5,0.6
2024-04-07T1800,2237A,129.47,42.8883,延边朝鲜族自治州,妇幼医院,颗粒物(PM10),57,64,58,37,23,105,,106,106,21,18,15,10,0.6,0.6
2024-04-07T1800,2238A,129.5055,42.9108,延边朝鲜族自治州,延边医院,颗粒物(PM10),53,56,55,32,20,110,,106,106,20,20,8,9,0.7,0.6
2024-04-07T1800,2239A,129.3964,42.8881,延边朝鲜族自治州,朝阳川镇医院,颗粒物(PM10),57,63,55,30,19,99,,109,109,18,13,10,9,0.6,0.5
2024-04-07T1800,1215A,120.118,33.4022,盐城市,盐城电厂,,41,41,44,22,28,115,,129,128,19,21,6,5,0.7,0.7
2024-04-07T1800,1216A,120.156,33.3942,盐城市,市监测站,,45,45,50,17,22,107,,119,118,19,19,5,4,0.6,0.6
2024-04-07T1800,1218A,120.2144,33.38,盐城市,开发区管委会,,45,45,49,21,29,111,,112,112,13,18,7,6,0.7,0.7
2024-04-07T1800,3004A,120.1544,33.3663,盐城市,宝龙广场,,,46,45,22,24,104,,111,111,15,15,6,6,,0.2
2024-04-07T1800,3293A,120.1501,33.3367,盐城市,月亮广场,,38,38,49,21,27,108,,115,115,18,14,6,5,0.7,0.7
2024-04-07T1800,3436A,120.4279,33.205,盐城市,大丰高级中学,,38,34,42,14,22,121,,108,108,19,14,5,5,0.5,0.4
2024-04-07T1800,1186A,119.389,32.3761,扬州市,邗江监测站,颗粒物(PM10),54,58,75,25,32,50,,79,76,66,43,9,10,1.1,1
2024-04-07T1800,2869A,119.447,32.4155,扬州市,五台山医院,,,,63,,42,,,110,,,38,,6,,0.8
2024-04-07T1800,3164A,119.4686,32.3942,扬州市,广陵建设局,颗粒物(PM10),58,66,68,28,35,33,,81,75,75,44,5,7,1.1,0.9
2024-04-07T1800,3195A,119.3633,32.3972,扬州市,市体育局,颗粒物(PM10),53,56,76,24,34,63,,84,82,50,38,10,12,1.1,1
2024-04-07T1800,3294A,119.5653,32.4222,扬州市,引江管理处,,50,50,58,29,36,53,,86,83,51,33,9,11,1.3,1
2024-04-07T1800,1699A,111.9797,21.8593,阳江市,鸳鸯湖,,32,32,21,16,17,51,,51,51,4,4,9,8,0.6,0.6
2024-04-07T1800,1701A,111.9491,21.8658,阳江市,马南垌,,31,31,26,21,16,46,,46,46,8,6,6,5,0.5,0.4
2024-04-07T1800,3317A,111.9765,21.8947,阳江市,两阳中学,,28,28,24,15,14,51,,50,50,3,3,8,7,0.4,0.3
2024-04-07T1800,3453A,112.0125,21.8749,阳江市,阳东陶然,,32,32,24,21,15,50,,52,52,5,4,5,4,0.5,0.4
2024-04-07T1800,1738A,113.5758,37.8572,阳泉市,市中心,,47,47,100,20,36,143,,124,124,14,54,7,13,0.5,0.7
2024-04-07T1800,1739A,113.4894,37.8731,阳泉市,赛鱼,颗粒物(PM10),59,67,105,24,38,138,,119,119,15,53,6,10,0.4,0.6
2024-04-07T1800,1740A,113.5819,37.8486,阳泉市,南庄,颗粒物(PM10),63,76,110,23,35,148,,130,130,17,47,4,8,0.3,0.5
2024-04-07T1800,1742A,113.5614,37.8703,阳泉市,平坦,颗粒物(PM10),58,65,94,23,36,140,,122,122,16,53,7,12,0.6,0.7
2024-04-07T1800,1743A,113.5158,37.8392,阳泉市,大阳泉,,48,48,49,18,23,145,,129,129,14,24,5,9,0.4,0.4
2024-04-07T1800,3619A,113.617,37.8571,阳泉市,龙柱,颗粒物(PM10),53,55,100,17,38,144,,126,126,17,56,8,21,0.5,0.7
2024-04-07T1800,2252A,128.5159,47.4311,伊春市,环保局,,30,22,18,7,10,93,,88,88,10,8,5,4,0.5,0.4
2024-04-07T1800,2253A,128.9102,47.7412,伊春市,电力嘉园,,38,38,27,18,16,99,,93,93,10,8,5,5,0.3,0.3
2024-04-07T1800,2254A,129.5029,48.471,伊春市,汤旺河国家公园,,27,15,10,4,5,85,,88,88,8,8,4,5,0.6,0.6
2024-04-07T1800,3342A,128.4741,47.4346,伊春市,中心小学,颗粒物(PM10),53,55,30,10,17,91,,89,89,8,7,6,5,0.3,0.3
2024-04-07T1800,3343A,128.6871,47.7369,伊春市,检察院,颗粒物(PM10),54,57,32,23,20,100,,94,94,10,7,1,2,0.4,0.4
2024-04-07T1800,3344A,128.8431,47.8474,伊春市,双子河社区,,36,36,25,9,11,111,,105,105,10,8,8,8,0.4,0.4
2024-04-07T1800,3480A,129.1368,47.6417,伊春市,美溪镇,,30,21,20,21,13,92,,87,87,7,6,4,5,0.3,0.3
2024-04-07T1800,2703A,81.2815,43.9404,伊犁哈萨克自治州,市环保局,,30,26,52,21,22,87,,87,87,14,22,6,7,0.4,0.5
2024-04-07T1800,2704A,81.2996,43.9174,伊犁哈萨克自治州,新政府片区,,29,29,44,12,19,85,,86,86,10,18,6,7,0.4,0.5
2024-04-07T1800,2705A,81.3364,43.941,伊犁哈萨克自治州,第二水厂,,32,32,51,11,21,82,,83,83,13,17,6,7,0.3,0.4
2024-04-07T1800,1882A,104.563,28.793,宜宾市,石马中学,,,,,,,,,,,,,,,,
2024-04-07T1800,1883A,104.6201,28.7728,宜宾市,市委,,19,,18,10,13,58,,60,60,24,18,6,6,0.5,0.5
2024-04-07T1800,1884A,104.6055,28.793,宜宾市,宜宾四中,,20,13,24,10,18,61,,61,61,16,14,7,9,0.6,0.6
2024-04-07T1800,1885A,104.639,28.7562,宜宾市,市政府,,21,16,23,10,16,65,,67,67,18,14,6,6,0.4,0.4
2024-04-07T1800,1886A,104.5742,28.7199,宜宾市,黄金嘴,,20,11,19,7,12,63,,67,67,18,13,9,9,0.3,0.3
2024-04-07T1800,3728A,104.68,28.8071,宜宾市,白酒学院,,21,11,20,8,15,67,,71,71,17,12,8,8,0.4,0.4
2024-04-07T1800,1840A,111.2992,30.6981,宜昌市,白龙岗,,46,46,44,24,30,107,,95,95,26,21,8,8,0.7,0.7
2024-04-07T1800,1841A,111.3549,30.6465,宜昌市,伍家岗,,39,39,47,17,34,116,,104,104,22,26,4,3,0.5,0.5
2024-04-07T1800,1842A,111.2628,30.6961,宜昌市,点军区,,33,33,36,17,23,100,,82,82,20,19,6,6,0.5,0.6
2024-04-07T1800,1843A,111.3275,30.7819,宜昌市,夷陵区,,38,38,35,14,26,115,,102,102,28,18,6,4,0.4,0.4
2024-04-07T1800,3546A,111.4606,30.552,宜昌市,猇亭区张家湾站,颗粒物(PM10),53,55,61,18,35,119,,94,94,18,28,5,6,0.6,0.7
2024-04-07T1800,3653A,111.3119,30.7273,宜昌市,云深路,,,29,38,28,26,127,,104,104,20,24,,6,0.5,0.6
2024-04-07T1800,2371A,114.3408,27.8064,宜春市,槟榔水业,,,,,,,,,,,,,,,,
2024-04-07T1800,2373A,114.3956,27.7844,宜春市,市石油公司,,,46,47,33,32,66,,80,80,14,11,,7,0.7,0.9
2024-04-07T1800,2374A,114.3703,27.7914,宜春市,市气象局,细颗粒物(PM2.5),52,48,47,36,36,57,,72,72,29,21,2,5,0.6,0.7
2024-04-07T1800,2375A,114.4013,27.8074,宜春市,市广电局,细颗粒物(PM2.5),53,,41,37,36,74,,74,74,20,20,2,1,0.7,0.7
2024-04-07T1800,3151A,114.375,27.8097,宜春市,宜春学院北校区,细颗粒物(PM2.5),55,46,48,39,34,72,,77,77,15,15,7,7,0.7,0.7
2024-04-07T1800,3415A,114.4519,28.0828,宜春市,万载县环保局,,49,49,47,27,39,64,,73,73,26,32,20,16,0.5,0.5
2024-04-07T1800,2467A,112.4067,28.6428,益阳市,甘溪港,细颗粒物(PM2.5),63,,34,45,33,103,,84,84,8,8,4,5,0.8,0.7
2024-04-07T1800,2468A,112.3458,28.5808,益阳市,市环保局,细颗粒物(PM2.5),62,52,64,44,45,112,,86,86,12,13,6,7,0.8,0.8
2024-04-07T1800,2469A,112.3437,28.5531,益阳市,市特殊教育学校,颗粒物(PM10),57,63,66,39,50,118,,93,93,9,12,5,6,0.6,0.5
2024-04-07T1800,2470A,112.3347,28.6047,益阳市,资阳区政务中心,细颗粒物(PM2.5),57,44,59,40,49,116,,88,88,10,13,4,5,0.7,0.7
2024-04-07T1800,2471A,112.3744,28.5819,益阳市,赫山环保分局,细颗粒物(PM2.5),58,61,67,41,41,111,,88,88,10,14,4,4,0.8,0.8
2024-04-07T1800,1484A,105.9512,38.6016,银川市,贺兰山马莲口,颗粒物(PM10),52,53,61,18,22,139,,128,128,15,13,8,12,0.3,0.4
2024-04-07T1800,1488A,106.2328,38.4975,银川市,贺兰山东路,细颗粒物(PM2.5),54,51,80,38,48,134,,119,119,16,32,5,9,0.5,0.8
2024-04-07T1800,1489A,106.1358,38.5036,银川市,学院路,,43,42,70,24,28,136,,124,124,14,32,5,16,0.4,0.8
2024-04-07T1800,2924A,106.2266,38.4418,银川市,水乡路,颗粒物(PM10),53,56,82,22,27,128,,118,118,17,30,9,12,0.4,0.5
2024-04-07T1800,2925A,106.2757,38.4842,银川市,上海东路,细颗粒物(PM2.5),62,63,71,44,39,139,,120,120,14,35,16,17,0.4,0.6
2024-04-07T1800,2926A,106.1015,38.497,银川市,文昌北街,颗粒物(PM10),68,85,91,37,44,141,,125,125,10,33,7,21,0.4,0.8
2024-04-07T1800,3523A,106.5105,38.3856,银川市,滨河新区,,44,43,53,21,25,138,,134,134,8,18,4,18,0.5,0.6
2024-04-07T1800,2357A,116.9822,28.1136,鹰潭市,龙虎山,,,,,,,,,,,,,,,,
2024-04-07T1800,2358A,117.0564,28.2642,鹰潭市,新监测站,,23,23,25,11,21,33,,47,39,32,20,9,16,0.4,0.4
2024-04-07T1800,2359A,117.0311,28.2475,鹰潭市,财苑宾馆,,19,19,24,9,20,45,,55,49,16,14,9,17,0.6,0.5
2024-04-07T1800,2360A,117.0222,28.2264,鹰潭市,体育馆,,16,16,27,11,23,42,,47,46,24,22,8,18,0.4,0.4
2024-04-07T1800,2361A,117.0017,28.2131,鹰潭市,三川水表,,18,13,27,12,27,54,,44,43,9,22,8,15,0.4,0.5
2024-04-07T1800,1597A,122.2703,40.7094,营口市,大庆路,颗粒物(PM10),57,63,112,26,72,113,,136,136,28,27,6,12,0.6,0.8
2024-04-07T1800,1598A,122.2150,40.6511,营口市,镜湖西路,细颗粒物(PM2.5),100,115,118,75,77,152,,146,146,38,27,8,9,0.8,0.9
2024-04-07T1800,1599A,122.1658,40.6789,营口市,西炮台,细颗粒物(PM2.5),124,124,132,94,90,167,,152,152,27,24,10,8,0.8,0.8
2024-04-07T1800,3379A,122.1139,40.2278,营口市,鲅鱼圈市民活动中心,细颗粒物(PM2.5),134,160,132,102,90,146,,134,134,42,28,13,14,1.0,0.9
2024-04-07T1800,3866A,122.2469,40.66302,营口市,三高中,细颗粒物(PM2.5),79,94,126,58,84,143,,160,160,30,23,9,9,0.6,0.7
2024-04-07T1800,4006A,122.3622,40.6762,营口市,老边实验小学,颗粒物(PM10),95,139,118,55,72,146,,147,147,56,55,71,20,1.2,1
2024-04-07T1800,2477A,111.6217,26.2081,永州市,零陵南津渡,,29,27,29,20,28,67,,76,72,12,8,9,8,0.7,0.6
2024-04-07T1800,2478A,111.6156,26.4214,永州市,市环境监测站,,39,30,38,27,31,69,,76,71,10,9,8,12,0.6,0.7
2024-04-07T1800,2479A,111.6236,26.2331,永州市,零陵区环保局,,29,25,35,20,29,58,,68,62,21,17,12,11,0.9,0.8
2024-04-07T1800,2480A,111.5992,26.4364,永州市,永州市环保局,,32,24,35,22,29,71,,75,71,10,10,6,8,0.6,0.7
2024-04-07T1800,2481A,111.5989,26.4519,永州市,冷水滩区环保局,,42,33,39,29,31,74,,75,73,12,12,7,11,0.7,0.7
2024-04-07T1800,2638A,109.7414,38.3344,榆林市,红石峡森林公园,颗粒物(PM10),61,72,87,33,11,129,,135,135,18,53,6,9,0.5,0.5
2024-04-07T1800,2639A,109.7456,38.2911,榆林市,世纪广场,颗粒物(PM10),54,58,97,20,34,130,,125,125,16,60,8,14,0.6,0.9
2024-04-07T1800,2640A,109.7289,38.2839,榆林市,实验中学,颗粒物(PM10),55,60,84,20,32,126,,130,130,17,56,10,14,0.4,0.7
2024-04-07T1800,2641A,109.7336,38.2478,榆林市,环保监测大楼,颗粒物(PM10),51,51,73,18,29,131,,134,134,10,50,6,10,0.5,0.8
2024-04-07T1800,2509A,110.1106,22.7019,玉林市,寒山水库,,16,13,18,11,10,16,,19,19,7,8,3,2,0.9,0.9
2024-04-07T1800,2510A,110.1675,22.6411,玉林市,市监测站,,25,25,25,10,11,14,,16,16,15,15,3,2,0.8,0.8
2024-04-07T1800,2511A,110.1433,22.6164,玉林市,南江一中,,37,37,32,16,14,11,,15,15,22,19,1,1,0.8,0.8
2024-04-07T1800,3532A,110.1945,22.6831,玉林市,玉林师范学院东校区,,29,,18,20,12,16,,18,18,13,17,3,3,0.7,0.7
2024-04-07T1800,3533A,110.0527,22.5893,玉林市,福绵环保局,,19,19,16,9,10,19,,20,20,16,13,1,2,0.8,0.8
2024-04-07T1800,2675A,97,33.0014,玉树藏族自治州,玉树县结古镇,,40,4,7,2,4,126,,119,119,1,4,10,12,0.4,0.5
2024-04-07T1800,1715A,102.575,24.3711,玉溪市,东风水库,颗粒物(PM10),61,72,75,41,53,141,,143,143,10,12,12,13,0.7,0.9
2024-04-07T1800,2882A,102.5389,24.3703,玉溪市,玉溪一中,颗粒物(PM10),57,63,80,29,55,148,,148,148,6,28,8,12,0.6,1
2024-04-07T1800,2883A,102.5381,24.3389,玉溪市,文体中心,颗粒物(PM10),56,61,74,37,51,139,,138,138,10,20,9,14,0.7,1.1
2024-04-07T1800,1847A,113.1094,29.3578,岳阳市,南湖风景区,,45,43,45,31,31,114,,110,110,14,18,5,7,0.7,0.7
2024-04-07T1800,1848A,113.1493,29.4251,岳阳市,城陵矶,,46,46,45,29,29,100,,96,96,22,32,6,7,0.6,0.6
2024-04-07T1800,1849A,113.1497,29.3575,岳阳市,开发区,颗粒物(PM10),55,59,64,36,37,107,,108,108,24,26,6,6,0.6,0.5
2024-04-07T1800,1850A,113.2621,29.4758,岳阳市,云溪区,,40,40,42,27,24,107,,106,106,16,18,6,7,0.6,0.5
2024-04-07T1800,1851A,112.9943,29.4402,岳阳市,君山区,,42,38,36,29,29,116,,104,104,10,15,6,6,0.6,0.5
2024-04-07T1800,1852A,113.2117,29.355,岳阳市,金凤水库,,44,44,48,24,32,120,,122,122,12,15,7,7,0.7,0.7
2024-04-07T1800,1712A,112.0392,22.9169,云浮市,新市府,,13,11,9,5,6,3,,14,5,25,18,5,4,1.1,0.9
2024-04-07T1800,1714A,112.0539,22.9539,云浮市,牧羊,,14,14,15,3,4,10,,14,8,25,22,9,7,0.8,0.6
2024-04-07T1800,3628A,112.0336,22.9374,云浮市,文笔,,16,,8,11,10,2,,13,5,23,19,6,5,0.6,0.5
2024-04-07T1800,2175A,110.9956,35.0147,运城市,运城中学,颗粒物(PM10),67,84,98,40,49,165,,140,140,8,21,9,8,0.6,0.7
2024-04-07T1800,2178A,110.9686,35.0303,运城市,地区技校,颗粒物(PM10),66,81,112,36,51,161,,138,138,13,35,9,8,0.8,0.8
2024-04-07T1800,2179A,111.0414,35.1147,运城市,空港新区,颗粒物(PM10),69,88,126,48,61,174,,157,157,12,34,11,13,0.9,0.9
2024-04-07T1800,3667A,111.0283,35.0547,运城市,水利职院,臭氧1小时,74,88,119,43,59,179,,152,152,12,30,8,7,0.8,0.8
2024-04-07T1800,3670A,111.0522,35.0439,运城市,禹都公园,颗粒物(PM10),70,89,105,44,61,171,,141,141,15,31,9,8,0.9,0.8
2024-04-07T1800,1637A,117.558,34.8438,枣庄市,市中区政府,颗粒物(PM10),60,70,90,36,46,148,,144,144,29,38,20,12,0.8,0.6
2024-04-07T1800,1638A,117.2852,34.7837,枣庄市,薛城环保局,,49,49,78,26,39,142,,144,144,24,39,11,11,0.6,0.8
2024-04-07T1800,1639A,117.5852,34.7745,枣庄市,峄城区政府,颗粒物(PM10),58,66,91,22,37,144,,145,145,17,30,10,9,0.5,0.5
2024-04-07T1800,1640A,117.7276,34.5578,枣庄市,台儿庄区环保局,颗粒物(PM10),57,63,79,39,46,144,,149,149,34,41,9,8,0.7,0.7
2024-04-07T1800,1641A,117.4518,35.0992,枣庄市,山亭区环保局,颗粒物(PM10),64,78,71,37,40,145,,145,145,25,26,16,12,0.8,0.8
2024-04-07T1800,3364A,117.3152,34.8103,枣庄市,市环保局,颗粒物(PM10),55,59,78,31,35,142,,140,140,23,35,8,8,0.5,0.7
2024-04-07T1800,1680A,110.3539,21.2706,湛江市,湛江影剧院,,43,43,36,16,19,55,,57,57,8,8,5,5,0.4,0.5
2024-04-07T1800,1681A,110.3928,21.2228,湛江市,市环境监测站,,30,30,28,20,21,55,,55,55,7,6,6,6,0.5,0.5
2024-04-07T1800,1682A,110.4019,21.1997,湛江市,环保局宿舍,,30,30,30,19,22,54,,51,51,7,8,6,7,0.5,0.5
2024-04-07T1800,1683A,110.4111,21.2028,湛江市,霞山游泳场,,32,32,29,21,21,53,,52,52,6,6,5,5,0.5,0.5
2024-04-07T1800,1684A,110.3316,21.2679,湛江市,麻章区环保局,,45,45,36,21,25,52,,55,55,9,8,6,7,0.5,0.7
2024-04-07T1800,1685A,110.4558,21.2567,湛江市,坡头区环保局,,28,28,28,19,20,53,,54,54,7,6,4,4,0.4,0.4
2024-04-07T1800,1858A,110.5319,29.1217,张家界市,永定新区,,,,42,22,31,108,,109,109,,13,2,2,0.4,0.5
2024-04-07T1800,1859A,110.4697,29.1242,张家界市,电业局,,31,30,42,14,30,98,,90,90,8,15,6,7,0.7,0.7
2024-04-07T1800,1860A,110.5594,29.3547,张家界市,未央路,,34,34,36,23,30,88,,95,95,8,6,3,3,0.5,0.5
2024-04-07T1800,1861A,110.4417,29.315,张家界市,袁家界,,25,17,24,13,18,79,,86,86,20,17,9,9,0.6,0.7
2024-04-07T1800,1057A,114.8883,40.8336,张家口市,人民公园,,35,33,37,1,6,111,,104,104,9,7,2,1,0.3,0.2
2024-04-07T1800,1059A,114.8687,40.8042,张家口市,五金库,,35,34,33,20,12,110,,102,102,6,7,2,2,0.4,0.4
2024-04-07T1800,1060A,114.8902,40.762,张家口市,世纪豪园,,35,28,35,10,12,110,,103,103,4,6,1,2,0.3,0.3
2024-04-07T1800,1061A,114.8916,40.8661,张家口市,北泵房,,38,21,28,2,8,121,,111,111,4,7,8,7,0.6,0.6
2024-04-07T1800,3131A,114.879,40.7993,张家口市,烟厂,,35,29,34,2,9,111,,100,100,3,5,2,2,0.3,0.3
2024-04-07T1800,3323A,115.2773,40.9724,张家口市,青少年活动中心,,35,32,32,13,9,112,,108,108,5,5,1,2,0.1,0.2
2024-04-07T1800,2654A,100.4698,38.9524,张掖市,润泉湖,颗粒物(PM10),59,68,58,20,19,111,,114,114,7,9,4,4,0.2,0.3
2024-04-07T1800,2655A,100.4154,38.9422,张掖市,区工会,颗粒物(PM10),74,98,63,13,17,111,,114,114,6,10,4,5,0.4,0.4
2024-04-07T1800,2075A,117.6336,24.4674,漳州市,九湖,,,,,,,,,,,,,,,,
2024-04-07T1800,2920A,117.7116,24.506,漳州市,蓝田镇,,26,6,20,5,16,12,,39,23,52,34,2,2,0.7,0.6
2024-04-07T1800,3216A,114.6622,24.5183,漳州市,漳州党校,,22,5,22,1,16,23,,38,29,43,32,3,3,0.8,0.7
2024-04-07T1800,3530A,117.6296,24.5314,漳州市,西洋坪路,,17,4,16,4,12,28,,32,32,33,31,3,3,0.8,0.7
2024-04-07T1800,2596A,103.7667,27.3736,昭通市,监测站,,33,32,24,23,18,72,,69,69,11,14,6,6,0.4,0.5
2024-04-07T1800,2597A,103.7225,27.3361,昭通市,环保局,,42,42,14,25,15,75,,71,71,7,9,6,7,0.3,0.4
2024-04-07T1800,1397A,112.4267,23.0706,肇庆市,睦岗子站,,17,10,25,7,17,5,,7,7,33,32,8,9,0.7,0.9
2024-04-07T1800,1398A,112.4645,23.0475,肇庆市,城中子站,,16,10,18,7,12,10,,22,13,32,29,8,8,0.9,0.8
2024-04-07T1800,1399A,112.5544,23.1522,肇庆市,坑口子站,,18,10,16,7,11,6,,21,7,35,27,9,6,0.8,0.7
2024-04-07T1800,1400A,112.4753,23.1,肇庆市,七星岩子站,,,,,,,,,,,,,,,,
2024-04-07T1800,3313A,112.4575,23.0166,肇庆市,高要湖西,,16,7,20,7,14,5,,11,7,31,31,4,6,0.9,0.8
2024-04-07T1800,3451A,112.5617,23.2083,肇庆市,鼎湖凤凰,,16,6,12,5,7,5,,21,7,31,23,6,6,0.9,0.8
2024-04-07T1800,1203A,119.6707,32.1875,镇江市,新区办事处,,49,49,67,28,41,52,,77,74,52,42,4,6,0.6,0.6
2024-04-07T1800,1204A,119.4974,32.1968,镇江市,职教中心,细颗粒物(PM2.5),68,50,61,49,58,41,,70,67,62,45,6,8,0.8,0.8
2024-04-07T1800,1205A,119.4303,32.1328,镇江市,丹徒区监测站,细颗粒物(PM2.5),57,42,69,40,53,56,,78,77,37,34,1,5,0.6,0.7
2024-04-07T1800,2870A,119.4424,32.1873,镇江市,市疾控中心,细颗粒物(PM2.5),67,,65,48,55,50,,86,83,44,33,6,7,0.6,0.6
2024-04-07T1800,3287A,119.3842,32.1976,镇江市,富润路1号,细颗粒物(PM2.5),59,58,75,42,53,67,,91,89,40,37,4,7,0.5,0.5
2024-04-07T1800,1316A,113.69031,34.76122,郑州市,烟厂,,42,38,55,19,33,132,,127,127,13,23,4,9,0.4,0.5
2024-04-07T1800,1317A,113.65724,34.77134,郑州市,郑纺机,,42,42,55,16,29,129,,126,126,13,25,5,8,0.4,0.5
2024-04-07T1800,1318A,113.67526,34.80246,郑州市,银行学校,,,44,50,19,34,,,122,122,13,20,4,8,,0.6
2024-04-07T1800,1319A,113.56746,34.81334,郑州市,供水公司,颗粒物(PM10),75,99,62,14,27,111,,116,116,14,21,6,10,0.3,0.6
2024-04-07T1800,1320A,113.7329,34.7178,郑州市,经开区管委,,46,46,68,17,29,128,,122,122,10,26,4,9,0.5,0.6
2024-04-07T1800,1321A,113.73961,34.77172,郑州市,四十七中,,46,46,56,18,30,131,,129,129,12,19,8,12,0.5,0.6
2024-04-07T1800,1322A,113.60532,34.74838,郑州市,市监测站,颗粒物(PM10),52,54,61,16,30,127,,128,128,14,23,6,11,0.5,0.7
2024-04-07T1800,1323A,113.64164,34.7525,郑州市,河医大,,43,43,55,21,27,127,,124,124,15,22,8,13,0.5,0.7
2024-04-07T1800,1324A,113.51488,34.91089,郑州市,岗李水库,,,,,,,,,,,,,,,,
2024-04-07T1800,3471A,113.616563,34.86783,郑州市,惠济区政府,,,,,,,,,,,,,,,,
2024-04-07T1800,3590A,113.8374,34.5589,郑州市,北区建设指挥部,,46,46,47,18,28,129,,128,128,12,32,4,8,0.4,0.6
2024-04-07T1800,3591A,113.30952,34.803229,郑州市,上街区政府,颗粒物(PM10),52,53,69,22,37,144,,131,131,16,23,6,12,0.3,0.5
2024-04-07T1800,1379A,113.3769,22.5211,中山市,华柏园,细颗粒物(PM2.5),78,83,30,57,19,4,,22,21,62,37,8,7,0.8,0.6
2024-04-07T1800,1380A,113.3881,22.5497,中山市,张溪,颗粒物(PM10),72,94,36,25,17,3,,23,22,52,35,6,5,0.8,0.6
2024-04-07T1800,1381A,113.4075,22.5111,中山市,紫马岭,颗粒物(PM10),56,62,27,36,17,4,,33,32,63,34,8,8,0.6,0.5
2024-04-07T1800,1382A,113.4411,22.4853,中山市,长江旅游区,,,,,,,,,,,,,,,,
2024-04-07T1800,3454A,113.3528,22.478,中山市,中山南区,颗粒物(PM10),63,75,23,41,17,6,,39,35,68,31,3,3,0.8,0.6
2024-04-07T1800,2680A,105.0025,37.4635,中卫市,沙坡头消防站,,,,,,,,,,,,,,,,
2024-04-07T1800,2682A,105.1971,37.5002,中卫市,环保局站,,39,30,57,16,31,122,,103,103,9,31,3,6,0.3,0.3
2024-04-07T1800,3650A,105.1698,37.5162,中卫市,沙坡头区政府站,,40,27,68,16,34,126,,107,107,9,31,4,8,0.3,0.4
2024-04-07T1800,1414A,106.3787,29.8279,重庆市,缙云山,,16,15,13,11,11,43,,66,45,13,12,9,6,0.2,0.3
2024-04-07T1800,1416A,106.4213,29.8253,重庆市,天生,,28,,27,19,23,28,,31,31,36,29,6,6,0.8,0.8
2024-04-07T1800,1417A,106.6263,29.7228,重庆市,两路,,33,29,29,23,19,18,,29,29,41,34,7,8,0.8,0.8
2024-04-07T1800,1418A,106.2953,29.5983,重庆市,虎溪,,29,28,28,20,15,43,,45,45,26,26,5,4,0.5,0.6
2024-04-07T1800,1419A,106.5777,29.5102,重庆市,南坪,,46,46,38,23,20,45,,46,46,25,28,9,9,0.6,0.7
2024-04-07T1800,1420A,106.6556,29.6277,重庆市,唐家沱,,35,35,31,17,17,17,,30,29,30,26,7,8,0.6,0.6
2024-04-07T1800,1421A,106.6349,29.4906,重庆市,茶园,,42,,36,29,23,45,,49,49,29,33,7,6,0.7,0.8
2024-04-07T1800,1422A,106.3754,29.4572,重庆市,白市驿,,31,31,22,17,19,36,,50,47,20,24,4,4,0.5,0.6
2024-04-07T1800,1425A,106.6205,29.7166,重庆市,空港,,34,34,35,20,21,20,,38,35,39,29,7,7,0.7,0.6
2024-04-07T1800,1426A,106.4782,29.4875,重庆市,新山村,,38,32,32,26,22,36,,42,42,31,32,8,8,0.6,0.6
2024-04-07T1800,1427A,106.5616,29.6453,重庆市,礼嘉,,24,24,25,15,15,31,,42,42,38,34,7,8,0.8,0.8
2024-04-07T1800,1428A,106.4522,29.7091,重庆市,蔡家,,19,19,24,10,16,24,,37,37,37,28,5,5,0.7,0.7
2024-04-07T1800,1429A,106.5093,29.3917,重庆市,鱼新街,,50,,28,35,23,45,,44,44,35,36,10,7,0.7,0.8
2024-04-07T1800,3014A,106.4958,29.5346,重庆市,歇台子,,35,32,26,24,19,27,,34,34,40,37,4,3,0.9,0.6
2024-04-07T1800,3015A,106.4037,29.5728,重庆市,龙井湾,,25,,10,17,12,38,,44,44,17,14,4,5,0.4,0.4
2024-04-07T1800,3016A,106.5507,29.4153,重庆市,龙洲湾,,25,25,21,16,12,40,,40,40,25,23,7,6,0.5,0.6
2024-04-07T1800,3133A,106.5468,29.5654,重庆市,上清寺,,38,38,33,24,19,27,,39,37,39,32,6,6,0.4,0.5
2024-04-07T1800,3346A,108.3872,31.1628,重庆市,安康,,24,24,20,11,7,72,,76,76,12,14,5,5,0.4,0.4
2024-04-07T1800,3347A,105.9017,29.3569,重庆市,北山路,,20,20,23,13,11,45,,50,48,20,15,5,6,0.7,0.8
2024-04-07T1800,3348A,105.839,30.1946,重庆市,春阳街,,31,31,27,20,18,45,,54,50,10,7,3,4,0.7,0.6
2024-04-07T1800,3349A,107.7983,30.6758,重庆市,人民东路,,37,37,35,18,16,60,,66,66,13,12,7,6,0.6,0.5
2024-04-07T1800,3350A,106.6479,29.0244,重庆市,滩子口,,48,47,36,33,22,47,,45,45,14,13,5,13,0.7,1.3
2024-04-07T1800,3351A,105.7167,29.7076,重庆市,棠香,,15,5,9,3,7,46,,56,47,8,8,2,2,0.4,0.2
2024-04-07T1800,3352A,107.0732,29.8617,重庆市,桃源西路,,27,27,26,17,15,42,,44,44,24,14,23,21,0.6,0.6
2024-04-07T1800,3353A,107.3535,29.7287,重庆市,迎宾大道,,,36,26,20,16,34,,46,46,28,18,,5,1.7,0.8
2024-04-07T1800,3354A,108.815,29.5081,重庆市,舟白,,32,22,20,22,21,59,,58,58,10,9,4,4,1.0,0.9
2024-04-07T1800,3355A,108.3679,30.8426,重庆市,周家坝,,34,34,20,16,19,56,,63,63,16,25,12,12,0.6,0.6
2024-04-07T1800,3356A,108.4319,30.7555,重庆市,百安坝,,39,39,23,25,16,50,,50,50,8,15,9,9,0.5,0.6
2024-04-07T1800,3482A,107.7541,29.3277,重庆市,芙蓉中路,,27,27,26,12,16,56,,50,50,12,18,4,4,0.7,0.8
2024-04-07T1800,3483A,108.7661,29.5368,重庆市,西山,,26,23,24,18,22,59,,56,56,9,10,4,4,0.8,0.7
2024-04-07T1800,3484A,106.2628,29.32,重庆市,行政中心,,44,44,33,17,12,43,,42,42,28,30,12,8,0.6,0.7
2024-04-07T1800,3485A,107.0944,29.1608,重庆市,高寺路,,41,41,29,17,14,41,,52,52,17,16,12,9,0.3,0.3
2024-04-07T1800,3599A,106.2649,29.9851,重庆市,书院路,,27,27,31,14,21,24,,39,30,25,15,6,5,1.0,0.9
2024-04-07T1800,3600A,106.2339,29.5559,重庆市,虎峰,,31,31,26,8,9,49,,47,47,13,17,4,4,0.6,0.7
2024-04-07T1800,3601A,106.0499,29.8342,重庆市,龙门街,,17,16,27,5,14,54,,58,47,24,22,26,10,0.8,0.8
2024-04-07T1800,3610A,105.5933,29.4105,重庆市,昌元,,28,28,25,16,13,28,,45,30,30,19,4,4,0.5,0.5
2024-04-07T1800,1258A,122.122,30.0203,舟山市,定海檀枫,,45,45,39,25,23,78,,87,85,36,23,7,6,0.3,0.3
2024-04-07T1800,1259A,122.3094,29.9558,舟山市,普陀东港,,37,37,35,24,19,101,,104,104,26,19,7,7,0.4,0.4
2024-04-07T1800,1260A,122.19,29.9944,舟山市,临城新区,,38,38,33,22,16,78,,92,89,25,16,5,5,0.5,0.4
2024-04-07T1800,2067A,114.6613,33.6128,周口市,市环境监测站,颗粒物(PM10),54,57,71,30,44,120,,114,114,17,27,7,11,0.4,0.5
2024-04-07T1800,2068A,114.6758,33.6347,周口市,周口师范,,50,50,62,17,33,129,,119,119,16,27,4,8,0.1,0.2
2024-04-07T1800,2069A,114.6546,33.5979,周口市,市运管处,颗粒物(PM10),52,53,68,24,41,126,,116,116,14,27,8,13,0.3,0.4
2024-04-07T1800,2070A,114.6369,33.6406,周口市,川汇区环保局,颗粒物(PM10),54,57,61,23,37,140,,131,131,13,24,8,9,0.3,0.4
2024-04-07T1800,1515A,113.135,27.8244,株洲市,天台山庄,细颗粒物(PM2.5),54,48,62,38,48,69,,61,61,27,25,8,7,0.7,0.6
2024-04-07T1800,1518A,113.095,27.8867,株洲市,株冶医院,细颗粒物(PM2.5),67,,56,48,59,59,,54,54,24,23,5,5,0.7,0.6
2024-04-07T1800,1519A,113.167,27.8667,株洲市,市四中,细颗粒物(PM2.5),58,44,64,41,55,71,,61,61,23,24,7,6,0.5,0.4
2024-04-07T1800,1520A,113.143,27.8381,株洲市,火车站,细颗粒物(PM2.5),68,,53,49,60,74,,63,63,27,27,5,5,0.7,0.7
2024-04-07T1800,1524A,113.13,27.8528,株洲市,市监测站,细颗粒物(PM2.5),68,,56,49,65,70,,61,61,25,24,7,6,0.8,0.8
2024-04-07T1800,1559A,113.251,27.8336,株洲市,大京风景区,,36,34,44,25,40,64,,70,70,16,13,5,5,0.7,0.5
2024-04-07T1800,2031A,113.1817,27.9958,株洲市,云田中学,,45,33,48,31,48,78,,71,71,20,19,6,6,0.7,0.8
2024-04-07T1800,1367A,113.5814,22.2618,珠海市,吉大,,24,24,28,6,13,45,,44,44,17,10,6,6,0.4,0.4
2024-04-07T1800,1368A,113.4881,22.2335,珠海市,前山,,24,24,21,13,15,45,,46,46,10,6,4,4,0.3,0.3
2024-04-07T1800,1369A,113.628,22.4251,珠海市,唐家,,29,29,31,12,10,45,,49,49,14,22,5,5,0.2,0.3
2024-04-07T1800,1370A,113.299,22.2281,珠海市,斗门,,26,26,24,18,14,37,,45,45,16,17,8,6,0.6,0.6
2024-04-07T1800,3308A,113.3494,22.0569,珠海市,金湾,,23,17,17,16,12,53,,53,53,6,5,5,7,0.4,0.4
2024-04-07T1800,3448A,113.5433,22.1163,珠海市,横琴,,23,23,23,12,9,60,,55,55,4,5,7,7,0.5,0.4
2024-04-07T1800,2420A,114.0189,32.9656,驻马店市,市一纸厂,细颗粒物(PM2.5),53,53,62,37,37,111,,117,117,9,26,5,5,0.4,0.5
2024-04-07T1800,2421A,114.0114,33.015,驻马店市,市彩印厂,,47,47,63,20,31,126,,126,126,13,21,3,5,0.4,0.4
2024-04-07T1800,2422A,113.9976,32.9771,驻马店市,天方二分厂,"颗粒物(PM10),细颗粒物(PM2.5)",53,56,66,37,42,115,,121,121,13,27,6,6,0.2,0.3
2024-04-07T1800,3339A,114.0012,33.0412,驻马店市,小管楼,,41,41,56,27,32,127,,124,124,14,19,5,6,0.5,0.5
2024-04-07T1800,2561A,104.6617,30.1372,资阳市,莲花山,,21,,19,14,11,66,,70,70,12,10,5,5,0.3,0.3
2024-04-07T1800,2562A,104.6356,30.1506,资阳市,资阳中学,,20,18,22,12,14,63,,73,72,14,8,6,6,0.5,0.5
2024-04-07T1800,2563A,104.6295,30.1383,资阳市,四三一厂,,30,30,27,4,13,64,,63,63,16,12,8,8,0.6,0.6
2024-04-07T1800,2564A,104.6463,30.1146,资阳市,师范校,,23,,23,16,19,57,,67,66,22,12,4,4,0.6,0.5
2024-04-07T1800,2565A,104.6296,30.1256,资阳市,区法院,,29,29,23,12,12,66,,73,73,12,7,4,4,0.5,0.5
2024-04-07T1800,1631A,118.0414,36.8103,淄博市,人民公园,颗粒物(PM10),71,92,82,46,45,172,,171,171,22,29,22,12,0.4,0.4
2024-04-07T1800,1633A,117.8525,36.4847,淄博市,双山,颗粒物(PM10),82,114,70,37,36,162,,153,153,30,23,17,11,0.9,0.9
2024-04-07T1800,1634A,117.9592,36.6331,淄博市,气象站,细颗粒物(PM2.5),85,89,54,63,38,167,,152,152,34,24,26,17,0.6,0.5
2024-04-07T1800,1635A,118.3092,36.8194,淄博市,莆田园,颗粒物(PM10),69,88,108,36,46,167,,160,160,31,39,7,14,0.7,1.3
2024-04-07T1800,3363A,117.9883,36.8372,淄博市,新区,颗粒物(PM10),59,68,75,29,34,162,,156,156,34,45,16,14,0.7,0.8
2024-04-07T1800,3644A,117.8661,36.805,淄博市,三金集团,颗粒物(PM10),58,66,73,31,38,159,,166,166,31,39,15,13,0.7,0.7
2024-04-07T1800,3645A,118.0253,36.8406,淄博市,东风化工厂,颗粒物(PM10),73,95,84,46,42,162,,163,163,25,33,14,10,0.6,0.7
2024-04-07T1800,3027A,104.72,29.3427,自贡市,青杠林路,,16,14,28,10,17,50,,46,46,17,15,4,4,0.4,0.3
2024-04-07T1800,3028A,104.776,29.3627,自贡市,檀木林体育馆,,17,16,21,9,15,54,,52,48,14,12,5,5,0.3,0.3
2024-04-07T1800,3360A,104.7894,29.3194,自贡市,南湖救助站,,23,18,29,16,19,48,,52,43,18,16,5,5,0.3,0.3
2024-04-07T1800,3638A,104.7636,29.3338,自贡市,轻化工大学,,19,15,21,13,17,58,,54,51,12,12,6,6,0.3,0.3
2024-04-07T1800,1911A,106.9222,27.6869,遵义市,丁字口,,27,27,22,17,15,56,,57,53,24,17,6,6,0.6,0.6
2024-04-07T1800,1912A,106.9242,27.7019,遵义市,凤凰山,,36,28,23,25,19,68,,59,59,9,9,6,6,0.3,0.4
2024-04-07T1800,1913A,106.8906,27.6486,遵义市,忠庄,,32,32,30,16,18,70,,67,67,10,9,3,3,0.3,0.3
2024-04-07T1800,1914A,106.9231,27.6506,遵义市,舟水桥,,30,23,19,21,15,69,,63,63,7,8,2,2,0.4,0.4
2024-04-07T1800,1915A,106.9178,27.72,遵义市,干田坝,,32,25,21,22,16,67,,64,64,13,11,8,7,0.8,0.8
2024-04-07T1800,3536A,106.8547,27.5919,遵义市,第十二小学,,30,30,22,17,14,65,,61,61,14,11,10,5,0.5,0.5
